# Sample description: GI
# Parent(s): ../20151214/GI_no_protection/1d/GI_np_030_00091.dat
# No protection
3.200246e-02	1.301830e+01	1.933326e+01
3.669069e-02	7.874200e+01	1.628078e+01
4.137892e-02	1.575362e+02	1.477693e+01
4.606715e-02	2.214006e+02	1.199521e+01
5.075538e-02	2.034766e+02	9.367021e+00
5.544361e-02	1.954130e+02	7.758046e+00
6.013183e-02	1.925174e+02	6.811126e+00
6.482006e-02	1.907180e+02	6.134270e+00
6.950829e-02	1.770066e+02	5.486667e+00
7.419652e-02	1.677012e+02	4.978145e+00
7.888475e-02	1.720537e+02	4.716421e+00
8.357298e-02	1.710316e+02	4.458063e+00
8.826121e-02	1.622770e+02	4.172983e+00
9.294944e-02	1.588896e+02	3.959873e+00
9.763767e-02	1.595286e+02	3.805179e+00
1.023259e-01	1.577788e+02	3.657950e+00
1.070141e-01	1.525099e+02	3.499330e+00
1.117024e-01	1.534101e+02	3.403026e+00
1.163906e-01	1.533234e+02	3.301218e+00
1.210788e-01	1.527066e+02	3.215050e+00
1.257670e-01	1.506392e+02	3.121197e+00
1.304553e-01	1.500805e+02	3.049088e+00
1.351435e-01	1.447008e+02	2.937726e+00
1.398317e-01	1.441547e+02	2.872794e+00
1.445200e-01	1.440426e+02	2.813688e+00
1.492082e-01	1.421472e+02	2.747749e+00
1.538964e-01	1.435331e+02	2.705063e+00
1.585846e-01	1.424136e+02	2.646994e+00
1.632729e-01	1.391337e+02	2.579173e+00
1.679611e-01	1.401502e+02	2.546766e+00
1.726493e-01	1.423788e+02	2.521822e+00
1.773376e-01	1.367933e+02	2.439900e+00
1.820258e-01	1.372960e+02	2.409232e+00
1.867140e-01	1.393064e+02	2.391529e+00
1.914022e-01	1.387057e+02	2.355066e+00
1.960905e-01	1.395799e+02	2.325981e+00
2.007787e-01	1.340675e+02	2.261671e+00
2.054669e-01	1.322854e+02	2.222291e+00
2.101552e-01	1.305035e+02	2.183822e+00
2.148434e-01	1.284975e+02	2.141774e+00
2.195316e-01	1.282271e+02	2.114493e+00
2.242199e-01	1.291484e+02	2.096915e+00
2.289081e-01	1.232435e+02	2.035598e+00
2.335963e-01	1.225758e+02	2.008538e+00
2.382845e-01	1.217451e+02	1.980661e+00
2.429728e-01	1.230361e+02	1.968797e+00
2.476610e-01	1.216840e+02	1.941072e+00
2.523492e-01	1.216801e+02	1.921268e+00
2.570375e-01	1.204935e+02	1.893114e+00
2.617257e-01	1.163555e+02	1.849166e+00
2.664139e-01	1.168027e+02	1.835135e+00
2.711021e-01	1.161479e+02	1.814683e+00
2.757904e-01	1.146823e+02	1.788087e+00
2.804786e-01	1.108832e+02	1.749921e+00
2.851668e-01	1.100355e+02	1.729901e+00
2.898551e-01	1.086992e+02	1.706245e+00
2.945433e-01	1.067813e+02	1.680396e+00
2.992315e-01	1.077093e+02	1.710319e+00
3.039197e-01	1.078496e+02	1.723877e+00
3.086080e-01	1.073675e+02	1.726643e+00
3.132962e-01	1.031429e+02	1.698649e+00
3.179844e-01	1.016005e+02	1.688032e+00
3.226727e-01	9.896138e+01	1.670950e+00
3.273609e-01	9.827665e+01	1.663896e+00
3.320491e-01	9.574658e+01	1.643382e+00
3.367374e-01	9.921636e+01	1.662916e+00
3.414256e-01	9.748520e+01	1.647624e+00
3.461138e-01	9.402473e+01	1.621588e+00
3.508020e-01	9.381159e+01	1.615514e+00
3.554903e-01	9.194642e+01	1.596783e+00
3.601785e-01	9.051824e+01	1.584145e+00
3.648667e-01	8.903105e+01	1.585706e+00
3.695550e-01	8.774494e+01	1.612166e+00
3.742432e-01	8.661903e+01	1.622966e+00
3.789314e-01	8.574777e+01	1.631335e+00
3.836196e-01	8.339014e+01	1.623587e+00
3.883079e-01	8.194827e+01	1.622637e+00
3.929961e-01	7.955070e+01	1.619353e+00
3.976843e-01	7.938780e+01	1.638919e+00
4.023726e-01	7.784136e+01	1.643813e+00
4.070608e-01	7.578992e+01	1.634220e+00
4.117490e-01	7.617263e+01	1.640611e+00
4.164372e-01	7.759157e+01	1.653559e+00
4.211255e-01	7.480696e+01	1.634909e+00
4.258137e-01	7.243741e+01	1.616852e+00
4.305019e-01	7.093216e+01	1.603756e+00
4.351902e-01	6.816511e+01	1.577371e+00
4.398784e-01	6.815650e+01	1.575042e+00
4.445666e-01	6.755125e+01	1.589927e+00
4.492548e-01	6.666235e+01	1.635166e+00
4.539431e-01	6.525734e+01	1.652597e+00
4.586313e-01	6.411321e+01	1.665733e+00
4.633195e-01	6.483278e+01	1.695761e+00
4.680078e-01	6.299014e+01	1.696737e+00
4.726960e-01	6.324293e+01	1.719017e+00
4.773842e-01	5.892716e+01	1.693094e+00
4.820725e-01	5.949857e+01	1.716205e+00
4.867607e-01	5.811704e+01	1.719511e+00
4.914489e-01	5.720086e+01	1.722216e+00
4.961371e-01	5.305848e+01	1.695769e+00
5.008254e-01	5.404163e+01	1.718721e+00
5.055136e-01	5.473357e+01	1.741604e+00
5.102018e-01	5.514088e+01	1.707112e+00
5.148901e-01	5.176211e+01	1.611946e+00
5.195783e-01	4.894432e+01	1.556854e+00
5.242665e-01	4.735998e+01	1.521372e+00
5.289547e-01	4.729248e+01	1.506592e+00
5.336430e-01	4.645623e+01	1.484258e+00
5.383312e-01	4.606300e+01	1.467003e+00
5.430194e-01	4.665643e+01	1.466431e+00
5.477077e-01	4.531350e+01	1.444231e+00
5.523959e-01	4.440777e+01	1.426274e+00
5.570841e-01	4.377406e+01	1.413098e+00
5.617723e-01	4.129659e+01	1.382386e+00
5.664606e-01	4.137093e+01	1.376614e+00
5.711488e-01	4.007143e+01	1.358038e+00
5.758370e-01	3.979763e+01	1.347397e+00
5.805253e-01	3.936237e+01	1.335619e+00
5.852135e-01	3.892188e+01	1.319648e+00
5.899017e-01	3.743554e+01	1.297095e+00
5.945900e-01	3.669177e+01	1.280790e+00
5.992782e-01	3.450694e+01	1.248699e+00
6.039664e-01	3.444947e+01	1.241758e+00
6.086546e-01	3.382475e+01	1.227519e+00
6.133429e-01	3.338319e+01	1.214453e+00
6.180311e-01	3.121370e+01	1.187046e+00
6.227193e-01	3.114514e+01	1.177827e+00
6.274076e-01	3.168336e+01	1.179459e+00
6.320958e-01	2.949779e+01	1.152832e+00
6.367840e-01	2.980172e+01	1.153105e+00
6.414722e-01	2.928165e+01	1.144156e+00
6.461605e-01	2.778681e+01	1.126167e+00
6.508487e-01	2.808360e+01	1.128236e+00
6.555369e-01	2.708872e+01	1.112625e+00
6.602252e-01	2.623797e+01	1.102434e+00
6.649134e-01	2.800241e+01	1.118239e+00
6.696016e-01	2.611439e+01	1.095311e+00
6.742898e-01	2.539425e+01	1.084423e+00
6.789781e-01	2.422194e+01	1.071826e+00
6.836663e-01	2.380008e+01	1.064983e+00
6.883545e-01	2.215014e+01	1.044176e+00
6.930428e-01	2.234528e+01	1.044096e+00
6.977310e-01	2.227427e+01	1.040605e+00
7.024192e-01	2.127298e+01	1.027456e+00
7.071074e-01	2.187102e+01	1.031938e+00
7.117957e-01	1.956696e+01	1.005161e+00
7.164839e-01	2.024191e+01	1.009618e+00
7.211721e-01	1.866461e+01	9.904503e-01
7.258604e-01	1.773319e+01	9.773464e-01
7.305486e-01	1.706559e+01	9.685686e-01
7.352368e-01	1.702915e+01	9.661234e-01
7.399251e-01	1.667511e+01	9.592002e-01
7.446133e-01	1.624218e+01	9.527323e-01
7.493015e-01	1.779748e+01	9.698812e-01
7.539897e-01	1.737203e+01	9.605199e-01
7.586780e-01	1.538241e+01	9.371663e-01
7.633662e-01	1.582999e+01	9.412418e-01
7.680544e-01	1.594376e+01	9.400973e-01
7.727427e-01	1.601444e+01	9.377452e-01
7.774309e-01	1.493895e+01	9.250836e-01
7.821191e-01	1.485074e+01	9.223902e-01
7.868073e-01	1.491864e+01	9.197452e-01
7.914956e-01	1.340005e+01	9.016890e-01
7.961838e-01	1.273555e+01	8.919457e-01
8.008720e-01	1.216464e+01	8.843741e-01
8.055603e-01	1.165341e+01	8.769531e-01
8.102485e-01	1.176885e+01	8.779423e-01
8.149367e-01	1.194127e+01	8.763056e-01
8.196249e-01	1.131508e+01	8.665479e-01
8.243132e-01	1.157874e+01	8.677769e-01
8.290014e-01	1.119785e+01	8.622796e-01
8.336896e-01	1.025969e+01	8.504109e-01
8.383779e-01	1.112329e+01	8.578188e-01
8.430661e-01	1.117680e+01	8.575536e-01
8.477543e-01	9.883940e+00	8.427140e-01
8.524425e-01	9.107385e+00	8.311437e-01
8.571308e-01	8.246175e+00	8.205422e-01
8.618190e-01	9.020440e+00	8.254532e-01
8.665072e-01	8.988150e+00	8.227393e-01
8.711955e-01	1.001439e+01	8.330121e-01
8.758837e-01	9.377215e+00	8.249157e-01
8.805719e-01	8.799160e+00	8.170773e-01
8.852602e-01	7.480970e+00	8.012399e-01
8.899484e-01	8.383270e+00	8.089909e-01
8.946366e-01	8.135085e+00	8.045792e-01
8.993248e-01	7.268135e+00	7.929918e-01
9.040131e-01	7.233885e+00	7.917749e-01
9.087013e-01	7.776835e+00	7.965647e-01
9.133895e-01	7.738130e+00	7.935150e-01
9.180778e-01	7.344985e+00	7.857363e-01
9.227660e-01	6.541790e+00	7.746639e-01
9.274542e-01	6.368870e+00	7.731664e-01
9.321424e-01	6.768070e+00	7.746779e-01
9.368307e-01	6.324985e+00	7.696731e-01
9.415189e-01	6.941935e+00	7.754846e-01
9.462071e-01	6.155220e+00	7.659886e-01
9.508954e-01	6.168915e+00	7.623740e-01
9.555836e-01	5.562255e+00	7.544574e-01
9.602718e-01	5.405630e+00	7.534990e-01
9.649600e-01	5.794435e+00	7.552346e-01
9.696483e-01	5.113165e+00	7.452576e-01
9.743365e-01	4.640485e+00	7.396532e-01
9.790247e-01	5.402395e+00	7.459292e-01
9.837130e-01	5.947325e+00	7.516189e-01
9.884012e-01	4.983745e+00	7.383554e-01
9.930894e-01	4.550910e+00	7.321974e-01
9.977777e-01	4.218875e+00	7.265490e-01
1.002466e+00	5.651845e+00	7.435805e-01
1.007154e+00	4.733630e+00	7.298111e-01
1.011842e+00	3.693565e+00	7.159813e-01
1.016531e+00	4.144570e+00	7.218980e-01
1.021219e+00	3.049250e+00	7.068815e-01
1.025907e+00	3.282925e+00	7.083616e-01
1.030595e+00	4.124950e+00	7.173838e-01
1.035283e+00	3.889110e+00	7.132585e-01
1.039972e+00	4.231290e+00	7.169426e-01
1.044660e+00	4.196125e+00	7.162867e-01
1.049348e+00	3.812740e+00	7.092006e-01
1.054036e+00	4.540035e+00	7.162892e-01
1.058725e+00	4.185925e+00	7.101194e-01
1.063413e+00	3.775090e+00	7.052317e-01
1.068101e+00	2.560460e+00	6.898555e-01
1.072789e+00	4.062815e+00	7.060192e-01
1.077478e+00	3.313595e+00	6.960166e-01
1.082166e+00	3.052485e+00	6.918614e-01
1.086854e+00	3.681490e+00	6.985236e-01
1.091542e+00	3.498905e+00	6.937325e-01
1.096230e+00	3.057485e+00	6.872542e-01
1.100919e+00	3.949795e+00	6.973349e-01
1.105607e+00	2.301085e+00	6.774376e-01
1.110295e+00	3.378490e+00	6.887826e-01
1.114983e+00	2.877920e+00	6.815451e-01
1.119672e+00	2.884355e+00	6.808686e-01
1.124360e+00	3.708865e+00	6.897456e-01
1.129048e+00	3.218160e+00	6.821027e-01
1.133736e+00	2.327340e+00	6.698284e-01
1.138425e+00	2.680215e+00	6.741939e-01
1.143113e+00	2.984305e+00	6.754010e-01
1.147801e+00	3.798205e+00	6.852181e-01
1.152489e+00	3.842055e+00	6.836042e-01
1.157177e+00	2.768925e+00	6.693906e-01
1.161866e+00	3.497710e+00	6.779595e-01
1.166554e+00	3.329230e+00	6.741917e-01
1.171242e+00	3.175915e+00	6.724159e-01
1.175930e+00	2.949110e+00	6.681017e-01
1.180619e+00	3.204180e+00	6.700049e-01
1.185307e+00	2.349720e+00	6.593110e-01
1.189995e+00	2.881870e+00	6.650365e-01
1.194683e+00	2.000630e+00	6.533323e-01
1.199372e+00	2.274970e+00	6.558945e-01
1.204060e+00	3.404055e+00	6.681462e-01
1.208748e+00	3.160675e+00	6.658735e-01
1.213436e+00	2.555670e+00	6.564707e-01
1.218124e+00	3.037025e+00	6.602128e-01
1.222813e+00	2.683960e+00	6.561490e-01
1.227501e+00	2.234235e+00	6.500007e-01
1.232189e+00	2.992725e+00	6.581166e-01
1.236877e+00	2.381355e+00	6.487401e-01
1.241566e+00	1.751635e+00	6.403007e-01
1.246254e+00	2.366115e+00	6.487253e-01
1.250942e+00	2.496580e+00	6.644166e-01
1.255630e+00	1.949880e+00	6.762199e-01
1.260318e+00	2.432900e+00	6.927122e-01
1.265007e+00	2.783570e+00	7.050903e-01
1.269695e+00	2.672620e+00	7.117536e-01
1.274383e+00	1.666165e+00	7.065661e-01
1.279071e+00	1.757775e+00	7.160584e-01
1.283760e+00	2.472195e+00	7.302845e-01
1.288448e+00	2.018135e+00	7.300918e-01
1.293136e+00	3.020125e+00	7.481856e-01
1.297824e+00	1.612660e+00	7.354788e-01
1.302513e+00	1.619860e+00	7.409800e-01
1.307201e+00	1.807480e+00	7.455894e-01
1.311889e+00	2.349205e+00	7.514048e-01
1.316577e+00	2.359315e+00	7.272122e-01
1.321265e+00	2.790700e+00	7.137902e-01
1.325954e+00	2.551245e+00	6.983375e-01
1.330642e+00	2.605280e+00	6.896805e-01
1.335330e+00	1.993365e+00	6.732677e-01
1.340018e+00	2.253305e+00	6.709073e-01
1.344707e+00	2.193965e+00	6.656050e-01
1.349395e+00	1.999810e+00	6.575792e-01
1.354083e+00	2.252160e+00	6.549738e-01
1.358771e+00	1.574440e+00	6.428658e-01
1.363460e+00	1.545450e+00	6.398621e-01
1.368148e+00	1.668740e+00	6.390921e-01
1.372836e+00	1.946720e+00	6.389671e-01
1.377524e+00	2.476700e+00	6.441383e-01
1.382212e+00	2.152265e+00	6.395891e-01
1.386901e+00	1.859730e+00	6.347801e-01
1.391589e+00	1.189930e+00	6.254561e-01
1.396277e+00	2.218955e+00	6.364626e-01
1.400965e+00	1.887285e+00	6.316598e-01
1.405654e+00	1.493050e+00	6.262137e-01
1.410342e+00	1.330085e+00	6.228685e-01
1.415030e+00	1.493505e+00	6.236608e-01
1.419718e+00	1.499210e+00	6.233143e-01
1.424406e+00	1.831695e+00	6.244886e-01
1.429095e+00	2.538525e+00	6.307627e-01
1.433783e+00	2.556815e+00	6.305740e-01
1.438471e+00	2.902900e-01	6.043796e-01
1.443159e+00	1.503850e+00	6.163764e-01
1.447848e+00	1.526865e+00	6.152899e-01
1.452536e+00	1.988240e+00	6.200096e-01
1.457224e+00	1.719900e+00	6.155361e-01
1.461912e+00	1.636025e+00	6.146106e-01
1.466601e+00	7.902400e-01	6.027702e-01
1.471289e+00	9.206000e-01	6.035620e-01
1.475977e+00	2.072985e+00	6.162652e-01
1.480665e+00	2.467460e+00	6.193262e-01
1.485353e+00	2.350485e+00	6.283148e-01
1.490042e+00	1.509435e+00	6.376431e-01
1.494730e+00	7.116150e-01	6.387831e-01
1.499418e+00	2.700500e-02	6.370678e-01
1.504106e+00	6.075000e-01	6.519821e-01
1.508795e+00	7.013600e-01	6.595172e-01
1.513483e+00	1.406640e+00	6.547346e-01
1.518171e+00	1.942015e+00	6.457943e-01
1.522859e+00	1.766210e+00	6.320774e-01
1.527548e+00	8.809550e-01	6.163747e-01
1.532236e+00	8.345500e-01	6.104030e-01
1.536924e+00	1.558945e+00	6.138257e-01
1.541612e+00	2.060290e+00	6.152741e-01
1.546300e+00	1.221925e+00	6.052308e-01
1.550989e+00	1.177090e+00	6.028470e-01
1.555677e+00	1.246405e+00	6.005744e-01
1.560365e+00	1.368875e+00	5.974606e-01
1.565053e+00	9.120600e-01	5.908724e-01
1.569742e+00	1.128585e+00	5.901817e-01
1.574430e+00	1.387055e+00	5.914991e-01
1.579118e+00	1.137360e+00	5.893699e-01
1.583806e+00	1.309895e+00	5.919426e-01
1.588495e+00	1.998525e+00	6.005864e-01
1.593183e+00	1.084200e+00	5.910020e-01
1.597871e+00	8.584500e-01	5.872742e-01
1.602559e+00	1.394380e+00	5.926408e-01
1.607247e+00	1.157535e+00	5.891488e-01
1.611936e+00	2.200285e+00	5.994815e-01
1.616624e+00	1.557270e+00	5.902649e-01
1.621312e+00	1.121335e+00	5.856034e-01
1.626000e+00	1.759500e+00	5.912680e-01
1.630689e+00	1.182905e+00	5.854649e-01
1.635377e+00	1.232460e+00	5.836827e-01
1.640065e+00	8.996350e-01	5.788721e-01
1.644753e+00	1.587845e+00	5.867847e-01
1.649441e+00	1.464450e+00	5.849240e-01
1.654130e+00	1.877045e+00	5.878461e-01
1.658818e+00	1.141295e+00	5.798154e-01
1.663506e+00	9.492550e-01	5.762285e-01
1.668194e+00	6.683450e-01	5.720412e-01
1.672883e+00	5.173300e-01	5.700629e-01
1.677571e+00	3.347850e-01	5.665576e-01
1.682259e+00	5.889000e-01	5.699158e-01
1.686947e+00	1.361865e+00	5.753649e-01
1.691636e+00	1.183730e+00	5.733062e-01
1.696324e+00	7.466950e-01	5.680857e-01
1.701012e+00	1.809650e-01	5.598471e-01
1.705700e+00	6.869500e-02	5.597645e-01
1.710388e+00	1.530840e+00	5.742076e-01
1.715077e+00	2.012045e+00	5.780437e-01
1.719765e+00	9.671600e-01	5.662756e-01
1.724453e+00	9.843150e-01	5.665259e-01
1.729141e+00	9.912700e-01	5.657746e-01
1.733830e+00	7.980400e-01	5.612797e-01
1.738518e+00	9.885600e-01	5.631523e-01
1.743206e+00	1.022740e+00	5.633845e-01
1.747894e+00	1.211105e+00	5.648887e-01
1.752583e+00	1.268765e+00	5.649834e-01
1.757271e+00	5.912050e-01	5.563264e-01
1.761959e+00	6.351350e-01	5.571193e-01
1.766647e+00	1.226500e+00	5.621506e-01
1.771335e+00	1.270875e+00	5.616067e-01
1.776024e+00	1.931235e+00	5.679667e-01
1.780712e+00	1.127575e+00	5.600691e-01
1.785400e+00	7.257150e-01	5.535027e-01
1.790088e+00	1.190140e+00	5.569671e-01
1.794777e+00	1.116650e+00	5.574840e-01
1.799465e+00	3.747800e-01	5.481893e-01
1.804153e+00	1.197775e+00	5.556310e-01
1.808841e+00	2.617850e-01	5.453755e-01
1.813530e+00	3.488950e-01	5.453730e-01
1.818218e+00	9.059000e-01	5.504447e-01
1.822906e+00	2.718050e-01	5.442319e-01
1.827594e+00	-5.220000e-02	5.398690e-01
1.832282e+00	3.132400e-01	5.414557e-01
1.836971e+00	7.857300e-01	5.473664e-01
1.841659e+00	5.748450e-01	5.440399e-01
1.846347e+00	9.972850e-01	5.481195e-01
1.851035e+00	1.110490e+00	5.473743e-01
1.855724e+00	6.698350e-01	5.431270e-01
1.860412e+00	1.162765e+00	5.478975e-01
1.865100e+00	1.102680e+00	5.462611e-01
1.869788e+00	1.385875e+00	5.482562e-01
1.874476e+00	8.187950e-01	5.430812e-01
1.879165e+00	1.637700e+00	5.496521e-01
1.883853e+00	1.610090e+00	5.483382e-01
1.888541e+00	1.007000e+00	5.413169e-01
1.893229e+00	5.683950e-01	5.372458e-01
1.897918e+00	7.998300e-01	5.390949e-01
1.902606e+00	5.849750e-01	5.360074e-01
1.907294e+00	5.026300e-01	5.346422e-01
1.911982e+00	1.322325e+00	5.416156e-01
1.916671e+00	6.795850e-01	5.347467e-01
1.921359e+00	4.478450e-01	5.318308e-01
1.926047e+00	4.988850e-01	5.325027e-01
1.930735e+00	4.367150e-01	5.304178e-01
1.935423e+00	1.819050e-01	5.268235e-01
1.940112e+00	9.079150e-01	5.326218e-01
1.944800e+00	4.878400e-01	5.284387e-01
1.949488e+00	4.938000e-02	5.227479e-01
1.954176e+00	-3.771000e-02	5.213669e-01
1.958865e+00	5.435450e-01	5.243713e-01
1.963553e+00	7.421500e-01	5.267211e-01
1.968241e+00	1.282020e+00	5.307160e-01
1.972929e+00	6.964800e-01	5.248491e-01
1.977618e+00	1.155105e+00	5.286188e-01
1.982306e+00	1.073200e-01	5.173297e-01
1.986994e+00	6.160600e-01	5.223667e-01
1.991682e+00	6.734550e-01	5.233194e-01
1.996370e+00	6.140550e-01	5.215914e-01
2.001059e+00	6.614450e-01	5.243494e-01
2.005747e+00	1.368965e+00	5.302298e-01
2.010435e+00	6.994450e-01	5.228869e-01
2.015123e+00	3.312950e-01	5.188992e-01
2.019812e+00	4.917850e-01	5.201143e-01
2.024500e+00	5.288000e-02	5.151979e-01
2.029188e+00	2.041300e-01	5.159136e-01
2.033876e+00	3.482900e-01	5.164555e-01
2.038565e+00	7.834100e-01	5.192019e-01
2.043253e+00	7.893550e-01	5.198315e-01
2.047941e+00	6.638850e-01	5.191034e-01
2.052629e+00	4.209100e-01	5.190072e-01
2.057317e+00	8.553550e-01	5.377825e-01
2.062006e+00	1.558370e+00	5.540553e-01
2.066694e+00	7.947100e-01	5.533527e-01
2.071382e+00	6.305850e-01	5.566838e-01
2.076070e+00	1.438830e+00	5.713141e-01
2.080759e+00	1.325300e+00	5.751545e-01
2.085447e+00	1.167580e+00	5.766781e-01
2.090135e+00	-3.220300e-01	5.629048e-01
2.094823e+00	9.382250e-01	5.783208e-01
2.099511e+00	3.401500e-01	5.738630e-01
2.104200e+00	3.026500e-01	5.744285e-01
2.108888e+00	1.396200e-01	5.735361e-01
2.113576e+00	8.676900e-01	5.831123e-01
2.118264e+00	6.358100e-01	5.747382e-01
2.122953e+00	3.362400e-01	5.557988e-01
2.127641e+00	5.097100e-01	5.467111e-01
2.132329e+00	1.620150e-01	5.379692e-01
2.137017e+00	5.262050e-01	5.357287e-01
2.141706e+00	3.851750e-01	5.293956e-01
2.146394e+00	1.872500e-02	5.219988e-01
2.151082e+00	9.224750e-01	5.279175e-01
2.155770e+00	5.549000e-01	5.219979e-01
2.160458e+00	4.909950e-01	5.208944e-01
2.165147e+00	-8.154000e-02	5.140929e-01
2.169835e+00	3.055100e-01	5.163264e-01
2.174523e+00	8.233800e-01	5.204973e-01
2.179211e+00	1.037385e+00	5.219016e-01
2.183900e+00	7.735450e-01	5.184795e-01
2.188588e+00	8.195700e-01	5.178391e-01
2.193276e+00	9.490100e-01	5.182172e-01
2.197964e+00	5.333150e-01	5.127870e-01
2.202653e+00	4.992150e-01	5.122505e-01
2.207341e+00	8.137550e-01	5.146642e-01
2.212029e+00	8.052900e-01	5.135624e-01
2.216717e+00	9.854700e-01	5.143514e-01
2.221405e+00	8.265200e-01	5.127795e-01
2.226094e+00	-1.512600e-01	5.019272e-01
2.230782e+00	-1.454450e-01	5.007077e-01
2.235470e+00	1.140920e+00	5.129175e-01
2.240158e+00	7.146700e-01	5.085477e-01
2.244847e+00	5.934300e-01	5.065527e-01
2.249535e+00	6.260000e-01	5.057764e-01
2.254223e+00	6.712850e-01	5.052428e-01
2.258911e+00	6.713750e-01	5.042943e-01
2.263600e+00	1.077800e-01	4.991586e-01
2.268288e+00	1.971800e-01	4.996792e-01
2.272976e+00	7.795450e-01	5.044833e-01
2.277664e+00	8.461450e-01	5.045128e-01
2.282352e+00	3.151900e-01	4.979516e-01
2.287041e+00	7.843500e-01	5.027732e-01
2.291729e+00	7.451150e-01	5.013608e-01
2.296417e+00	9.547300e-01	5.024072e-01
2.301105e+00	5.298100e-01	4.979803e-01
2.305794e+00	8.479550e-01	5.000734e-01
2.310482e+00	2.363350e-01	4.934280e-01
2.315170e+00	-2.028950e-01	4.895275e-01
2.319858e+00	6.547600e-01	4.966220e-01
2.324546e+00	9.086700e-01	4.987508e-01
2.329235e+00	5.448050e-01	4.936295e-01
2.333923e+00	-4.633600e-01	4.845148e-01
2.338611e+00	-2.496400e-01	4.860145e-01
2.343299e+00	4.010450e-01	4.921062e-01
2.347988e+00	1.476600e-01	4.872917e-01
2.352676e+00	2.701150e-01	4.887216e-01
2.357364e+00	6.538150e-01	4.920282e-01
2.362052e+00	3.236050e-01	4.884186e-01
2.366741e+00	1.571600e-01	4.875098e-01
2.371429e+00	5.333750e-01	4.897858e-01
2.376117e+00	2.661500e-01	4.867291e-01
2.380805e+00	3.667950e-01	4.871961e-01
2.385493e+00	1.572800e-01	4.844879e-01
2.390182e+00	9.011750e-01	4.913173e-01
2.394870e+00	2.845800e-01	4.852179e-01
2.399558e+00	6.662550e-01	4.877637e-01
2.404246e+00	-2.571900e-01	4.779977e-01
2.408935e+00	-1.075000e-03	4.803430e-01
2.413623e+00	-3.253150e-01	4.773555e-01
2.418311e+00	9.466500e-02	4.802031e-01
2.422999e+00	4.929400e-01	4.836246e-01
2.427688e+00	3.443200e-01	4.813169e-01
2.432376e+00	9.351500e-01	4.867972e-01
2.437064e+00	1.144005e+00	4.888959e-01
2.441752e+00	3.015000e-01	4.793331e-01
2.446440e+00	5.245700e-01	4.808647e-01
2.451129e+00	3.303100e-01	4.785663e-01
2.455817e+00	9.970900e-01	4.845893e-01
2.460505e+00	3.746500e-01	4.780543e-01
2.465193e+00	2.445200e-01	4.767247e-01
2.469882e+00	1.798750e-01	4.749635e-01
2.474570e+00	5.495450e-01	4.782465e-01
2.479258e+00	8.884000e-02	4.737267e-01
2.483946e+00	-2.843500e-02	4.722268e-01
2.488634e+00	5.853700e-01	4.772327e-01
2.493323e+00	2.822250e-01	4.741203e-01
2.498011e+00	5.014000e-01	4.763872e-01
2.502699e+00	9.446550e-01	4.790896e-01
2.507387e+00	-1.149100e-01	4.695705e-01
2.512076e+00	3.807100e-01	4.736870e-01
2.516764e+00	5.237600e-01	4.741871e-01
2.521452e+00	2.121900e-01	4.707574e-01
2.526140e+00	7.826400e-01	4.754236e-01
2.530829e+00	7.519950e-01	4.746762e-01
2.535517e+00	1.033350e-01	4.678295e-01
2.540205e+00	-4.748300e-01	4.610964e-01
2.544893e+00	-2.195150e-01	4.634349e-01
2.549581e+00	2.116700e-01	4.659783e-01
2.554270e+00	2.375700e-01	4.656469e-01
2.558958e+00	5.555700e-01	4.684818e-01
2.563646e+00	1.024760e+00	4.720492e-01
2.568334e+00	9.980700e-01	4.715716e-01
2.573023e+00	9.367100e-01	4.705311e-01
2.577711e+00	4.260900e-01	4.646707e-01
2.582399e+00	-2.237500e-02	4.604170e-01
2.587087e+00	3.453600e-01	4.636386e-01
2.591776e+00	-2.400250e-01	4.587025e-01
2.596464e+00	8.214300e-01	4.683360e-01
2.601152e+00	6.346100e-01	4.659667e-01
2.605840e+00	8.378650e-01	4.684766e-01
2.610528e+00	4.463900e-01	4.639221e-01
2.615217e+00	7.348800e-01	4.665630e-01
2.619905e+00	7.418150e-01	4.664589e-01
2.624593e+00	1.214120e+00	4.692423e-01
2.629281e+00	8.770500e-01	4.668137e-01
2.633970e+00	1.092210e+00	4.673943e-01
2.638658e+00	7.691100e-01	4.644268e-01
2.643346e+00	4.550000e-02	4.578775e-01
2.648034e+00	3.765300e-01	4.606098e-01
2.652723e+00	9.468850e-01	4.655749e-01
2.657411e+00	-8.014500e-02	4.553262e-01
2.662099e+00	2.491050e-01	4.578852e-01
2.666787e+00	8.101750e-01	4.618861e-01
2.671475e+00	2.219400e-01	4.568955e-01
2.676164e+00	6.836300e-01	4.606822e-01
2.680852e+00	6.987700e-01	4.609576e-01
2.685540e+00	3.714000e-02	4.543283e-01
2.690228e+00	1.209450e-01	4.548706e-01
2.694917e+00	3.827050e-01	4.565626e-01
2.699605e+00	5.602000e-02	4.531978e-01
2.704293e+00	3.323900e-01	4.553008e-01
2.708981e+00	7.427450e-01	4.579642e-01
2.713669e+00	2.049350e-01	4.533989e-01
2.718358e+00	1.113315e+00	4.605928e-01
2.723046e+00	7.354650e-01	4.571120e-01
2.727734e+00	-1.168950e-01	4.491629e-01
2.732422e+00	3.658800e-01	4.527365e-01
2.737111e+00	3.595250e-01	4.520366e-01
2.741799e+00	-3.670500e-02	4.490195e-01
2.746487e+00	1.152015e+00	4.586155e-01
2.751175e+00	4.230450e-01	4.519046e-01
2.755864e+00	6.852750e-01	4.532511e-01
2.760552e+00	7.995450e-01	4.541851e-01
2.765240e+00	4.343700e-01	4.507712e-01
2.769928e+00	-9.122000e-02	4.462253e-01
2.774616e+00	5.678850e-01	4.515574e-01
2.779305e+00	3.986450e-01	4.494225e-01
2.783993e+00	5.348150e-01	4.500371e-01
2.788681e+00	4.861050e-01	4.489236e-01
2.793369e+00	6.735550e-01	4.507828e-01
2.798058e+00	1.427950e-01	4.458364e-01
2.802746e+00	1.969100e-01	4.460870e-01
2.807434e+00	1.869150e-01	4.453178e-01
2.812122e+00	5.558350e-01	4.484850e-01
2.816811e+00	1.374550e-01	4.443026e-01
2.821499e+00	9.126700e-01	4.508465e-01
2.826187e+00	4.926650e-01	4.466683e-01
2.830875e+00	4.865300e-01	4.457334e-01
2.835563e+00	7.428000e-01	4.480413e-01
2.840252e+00	5.971850e-01	4.458867e-01
2.844940e+00	5.152200e-01	4.454330e-01
2.849628e+00	1.068315e+00	4.497550e-01
2.854316e+00	7.634300e-01	4.472535e-01
2.859005e+00	2.607000e-01	4.503636e-01
2.863693e+00	9.775350e-01	4.669820e-01
2.868381e+00	-6.437000e-02	4.634373e-01
2.873069e+00	5.133950e-01	4.738870e-01
2.877758e+00	2.503650e-01	4.754597e-01
2.882446e+00	5.154350e-01	4.799755e-01
2.887134e+00	8.213250e-01	4.840736e-01
2.891822e+00	3.922500e-01	4.821062e-01
2.896510e+00	4.255950e-01	4.843253e-01
2.901199e+00	-2.102850e-01	4.793739e-01
2.905887e+00	5.286950e-01	4.874938e-01
2.910575e+00	2.309750e-01	4.852002e-01
2.915263e+00	6.280000e-01	4.902591e-01
2.919952e+00	7.436400e-01	4.917911e-01
2.924640e+00	1.114200e-01	4.730746e-01
2.929328e+00	3.349750e-01	4.667277e-01
2.934016e+00	9.556650e-01	4.658712e-01
2.938704e+00	3.083100e-01	4.570618e-01
2.943393e+00	4.990100e-01	4.555223e-01
2.948081e+00	2.888950e-01	4.511351e-01
2.952769e+00	-2.210700e-01	4.457644e-01
2.957457e+00	9.390300e-01	4.550377e-01
2.962146e+00	7.556400e-01	4.516237e-01
2.966834e+00	9.210950e-01	4.521836e-01
2.971522e+00	1.134120e+00	4.534150e-01
2.976210e+00	7.771750e-01	4.512260e-01
2.980899e+00	9.212000e-02	4.444654e-01
2.985587e+00	7.078450e-01	4.479802e-01
2.990275e+00	1.208475e+00	4.510332e-01
2.994963e+00	5.674300e-01	4.454363e-01
2.999651e+00	-1.649150e-01	4.383977e-01
3.004340e+00	6.276800e-01	4.454780e-01
3.009028e+00	1.990600e-01	4.409326e-01
3.013716e+00	1.982050e-01	4.400916e-01
3.018404e+00	7.479050e-01	4.443119e-01
3.023093e+00	5.521950e-01	4.419596e-01
3.027781e+00	3.627500e-01	4.393782e-01
3.032469e+00	3.166400e-01	4.393195e-01
3.037157e+00	6.153850e-01	4.409459e-01
3.041846e+00	4.849600e-01	4.398905e-01
3.046534e+00	-2.069500e-02	4.344517e-01
3.051222e+00	-1.910300e-01	4.326290e-01
3.055910e+00	3.763800e-01	4.366972e-01
3.060598e+00	3.050900e-01	4.366863e-01
3.065287e+00	1.204795e+00	4.431100e-01
3.069975e+00	3.449100e-01	4.352133e-01
3.074663e+00	8.538350e-01	4.393867e-01
3.079351e+00	8.244900e-01	4.385180e-01
3.084040e+00	-3.190350e-01	4.280960e-01
3.088728e+00	3.630700e-01	4.335806e-01
3.093416e+00	1.172000e-01	4.313267e-01
3.098104e+00	2.682500e-01	4.319192e-01
3.102793e+00	5.428400e-01	4.343280e-01
3.107481e+00	-2.278750e-01	4.275250e-01
3.112169e+00	5.005000e-01	4.328306e-01
3.116857e+00	1.632850e-01	4.296795e-01
3.121545e+00	8.808500e-02	4.281837e-01
3.126234e+00	1.399250e-01	4.292194e-01
3.130922e+00	9.492000e-02	4.281248e-01
3.135610e+00	6.226350e-01	4.320781e-01
3.140298e+00	1.205500e+00	4.362677e-01
3.144987e+00	3.547150e-01	4.292218e-01
3.149675e+00	6.218350e-01	4.307737e-01
3.154363e+00	4.493700e-01	4.284559e-01
3.159051e+00	7.857750e-01	4.313269e-01
3.163739e+00	4.079150e-01	4.277208e-01
3.168428e+00	9.952500e-02	4.249370e-01
3.173116e+00	-5.992500e-02	4.230499e-01
3.177804e+00	2.566550e-01	4.253352e-01
3.182492e+00	4.151750e-01	4.268790e-01
3.187181e+00	7.979700e-01	4.293384e-01
3.191869e+00	5.506850e-01	4.265603e-01
3.196557e+00	1.600300e-01	4.228507e-01
3.201245e+00	4.401250e-01	4.255250e-01
3.205934e+00	6.620950e-01	4.268226e-01
3.210622e+00	5.991600e-01	4.260818e-01
3.215310e+00	5.682050e-01	4.255401e-01
3.219998e+00	1.152405e+00	4.294434e-01
3.224686e+00	5.351550e-01	4.238260e-01
3.229375e+00	4.863150e-01	4.219673e-01
3.234063e+00	1.782700e-01	4.190752e-01
3.238751e+00	6.029050e-01	4.226764e-01
3.243439e+00	4.274750e-01	4.203553e-01
3.248128e+00	2.675700e-01	4.186722e-01
3.252816e+00	4.186000e-02	4.172409e-01
3.257504e+00	-3.527400e-01	4.127731e-01
3.262192e+00	3.240850e-01	4.185040e-01
3.266881e+00	9.000400e-01	4.222153e-01
3.271569e+00	2.389950e-01	4.165422e-01
3.276257e+00	3.007650e-01	4.173283e-01
3.280945e+00	4.783100e-01	4.187951e-01
3.285633e+00	-1.902050e-01	4.137018e-01
3.290322e+00	4.250250e-01	4.187942e-01
3.295010e+00	-8.543500e-02	4.141348e-01
3.299698e+00	2.314350e-01	4.162198e-01
3.304386e+00	-7.655500e-02	4.133428e-01
3.309075e+00	2.540750e-01	4.158803e-01
3.313763e+00	6.782500e-01	4.186695e-01
3.318451e+00	3.341850e-01	4.161902e-01
3.323139e+00	1.121300e-01	4.137798e-01
3.327828e+00	2.312950e-01	4.147394e-01
3.332516e+00	-2.346950e-01	4.105094e-01
3.337204e+00	7.394000e-02	4.123526e-01
3.341892e+00	-1.048000e-01	4.112266e-01
3.346580e+00	5.527700e-01	4.154807e-01
3.351269e+00	2.386000e-01	4.127435e-01
3.355957e+00	2.306250e-01	4.144909e-01
3.360645e+00	3.374400e-01	4.244840e-01
3.365333e+00	6.078900e-01	4.335411e-01
3.370022e+00	5.860150e-01	4.378478e-01
3.374710e+00	9.863750e-01	4.429724e-01
3.379398e+00	9.198600e-01	4.437601e-01
3.384086e+00	8.418050e-01	4.445555e-01
3.388774e+00	3.143950e-01	4.403704e-01
3.393463e+00	-2.991450e-01	4.354353e-01
3.398151e+00	4.467000e-01	4.414555e-01
3.402839e+00	4.093650e-01	4.419437e-01
3.407527e+00	2.026950e-01	4.412976e-01
3.412216e+00	5.515050e-01	4.459391e-01
3.416904e+00	3.735050e-01	4.442998e-01
3.421592e+00	6.881000e-02	4.421954e-01
3.426280e+00	7.169600e-01	4.489004e-01
3.430969e+00	5.804700e-01	4.486446e-01
3.435657e+00	2.928000e-02	4.442692e-01
3.440345e+00	1.114185e+00	4.545368e-01
3.445033e+00	3.900700e-01	4.496607e-01
3.449721e+00	9.125000e-02	4.464761e-01
3.454410e+00	5.328650e-01	4.511042e-01
3.459098e+00	4.432400e-01	4.512230e-01
3.463786e+00	3.576200e-01	4.506790e-01
3.468474e+00	4.570250e-01	4.523964e-01
3.473163e+00	3.871500e-02	4.493975e-01
3.477851e+00	4.868700e-01	4.533247e-01
3.482539e+00	5.501600e-01	4.548630e-01
3.487227e+00	3.818250e-01	4.532359e-01
3.491916e+00	3.735800e-01	4.549308e-01
3.496604e+00	3.337200e-01	4.547865e-01
3.501292e+00	6.461050e-01	4.573290e-01
3.505980e+00	7.642850e-01	4.589265e-01
3.510668e+00	2.405000e-01	4.552028e-01
3.515357e+00	4.926050e-01	4.579036e-01
3.520045e+00	3.910950e-01	4.570109e-01
3.524733e+00	5.523200e-01	4.589737e-01
3.529421e+00	-4.575500e-02	4.537518e-01
3.534110e+00	-1.218800e-01	4.531828e-01
3.538798e+00	4.712950e-01	4.594347e-01
3.543486e+00	8.946650e-01	4.636817e-01
3.548174e+00	2.275850e-01	4.588151e-01
3.552863e+00	3.437100e-01	4.603229e-01
3.557551e+00	3.094000e-01	4.607358e-01
3.562239e+00	6.259250e-01	4.633171e-01
3.566927e+00	7.330450e-01	4.642122e-01
3.571615e+00	9.142600e-01	4.660399e-01
3.576304e+00	7.791000e-02	4.591484e-01
3.580992e+00	2.033100e-01	4.605391e-01
3.585680e+00	7.564600e-01	4.645733e-01
3.590368e+00	6.235100e-01	4.631869e-01
3.595057e+00	6.760900e-01	4.638685e-01
3.599745e+00	3.800200e-01	4.602233e-01
3.604433e+00	3.648900e-01	4.601893e-01
3.609121e+00	3.972700e-01	4.608088e-01
3.613809e+00	6.037600e-01	4.624015e-01
3.618498e+00	4.893950e-01	4.612062e-01
3.623186e+00	7.002600e-01	4.632116e-01
3.627874e+00	7.876850e-01	4.646933e-01
3.632562e+00	8.779500e-02	4.588513e-01
3.637251e+00	1.754400e-01	4.605905e-01
3.641939e+00	-5.185750e-01	4.540403e-01
3.646627e+00	3.488050e-01	4.617067e-01
3.651315e+00	-7.230000e-02	4.582020e-01
3.656004e+00	-9.007500e-02	4.597348e-01
3.660692e+00	3.244450e-01	4.725229e-01
3.665380e+00	2.745000e-01	4.875964e-01
3.670068e+00	7.565500e-02	4.933374e-01
3.674756e+00	1.785000e-01	5.017168e-01
3.679445e+00	1.989950e-01	5.079181e-01
3.684133e+00	2.578050e-01	5.118007e-01
3.688821e+00	-3.355000e-01	5.090227e-01
3.693509e+00	-4.839150e-01	5.100818e-01
3.698198e+00	-5.209200e-01	5.120182e-01
3.702886e+00	-6.454000e-01	5.140749e-01
3.707574e+00	2.278650e-01	5.259321e-01
3.712262e+00	-1.111800e-01	5.255562e-01
3.716951e+00	9.066500e-02	5.301535e-01
3.721639e+00	-7.609000e-02	5.305862e-01
3.726327e+00	4.469900e-01	5.378717e-01
3.731015e+00	9.273300e-01	5.450000e-01
3.735703e+00	2.263400e-01	5.405265e-01
3.740392e+00	2.295700e-01	5.428556e-01
3.745080e+00	-1.684450e-01	5.411687e-01
3.749768e+00	1.515000e-01	5.466386e-01
3.754456e+00	2.449600e-01	5.501531e-01
3.759145e+00	1.264850e-01	5.511324e-01
3.763833e+00	2.497350e-01	5.544186e-01
3.768521e+00	6.593000e-02	5.537835e-01
3.773209e+00	1.369500e-01	5.576025e-01
3.777897e+00	5.376800e-01	5.640634e-01
3.782586e+00	7.204700e-01	5.689231e-01
3.787274e+00	1.517450e+00	5.800780e-01
3.791962e+00	1.058720e+00	5.756674e-01
3.796650e+00	4.118950e-01	5.714059e-01
3.801339e+00	3.715700e-01	5.733849e-01
3.806027e+00	-2.724150e-01	5.687545e-01
3.810715e+00	6.771800e-01	5.809409e-01
3.815403e+00	8.140200e-01	5.854375e-01
3.820092e+00	4.724650e-01	5.843336e-01
3.824780e+00	-2.110850e-01	5.764750e-01
3.829468e+00	1.040400e-01	5.837337e-01
3.834156e+00	-1.120950e-01	5.819771e-01
3.838844e+00	9.519950e-01	5.970228e-01
3.843533e+00	1.162235e+00	6.018923e-01
3.848221e+00	6.177900e-01	5.978718e-01
3.852909e+00	2.691500e-01	5.950785e-01
3.857597e+00	3.370600e-01	5.986113e-01
3.862286e+00	-6.271650e-01	5.899556e-01
3.866974e+00	-1.385000e-01	5.977430e-01
3.871662e+00	4.117800e-01	6.048924e-01
3.876350e+00	4.688550e-01	6.076933e-01
3.881039e+00	2.525100e-01	6.077821e-01
3.885727e+00	-8.515000e-03	6.068001e-01
3.890415e+00	6.133300e-01	6.160371e-01
3.895103e+00	8.750250e-01	6.219030e-01
3.899791e+00	8.061350e-01	6.225108e-01
3.904480e+00	9.624800e-01	6.281411e-01
3.909168e+00	6.055650e-01	6.250778e-01
3.913856e+00	3.109250e-01	6.247543e-01
3.918544e+00	-4.954450e-01	6.172319e-01
3.923233e+00	6.415500e-01	6.333202e-01
3.927921e+00	-2.133000e-01	6.237241e-01
3.932609e+00	2.484200e-01	6.320145e-01
3.937297e+00	1.289110e+00	6.460497e-01
3.941986e+00	7.882600e-01	6.391583e-01
3.946674e+00	8.868300e-01	6.407804e-01
3.951362e+00	1.352690e+00	6.481034e-01
3.956050e+00	6.911250e-01	6.380355e-01
3.960738e+00	7.466550e-01	6.389552e-01
3.965427e+00	9.425350e-01	6.427900e-01
3.970115e+00	2.193500e-01	6.346496e-01
3.974803e+00	2.625450e-01	6.384481e-01
3.979491e+00	3.143000e-01	6.407640e-01
3.984180e+00	1.685000e-02	6.383728e-01
3.988868e+00	2.350000e-03	6.426384e-01
3.993556e+00	1.860600e-01	6.460414e-01
3.998244e+00	-2.865500e-01	6.404198e-01
4.002932e+00	-1.865500e-01	6.445536e-01
4.007621e+00	3.317900e-01	6.545306e-01
4.012309e+00	1.140415e+00	6.653549e-01
4.016997e+00	-1.771200e-01	6.500026e-01
4.021685e+00	2.767600e-01	6.583819e-01
4.026374e+00	8.594000e-02	6.596294e-01
4.031062e+00	-1.226700e-01	6.581208e-01
4.035750e+00	1.557500e-01	6.659494e-01
4.040438e+00	7.528050e-01	6.761814e-01
4.045127e+00	3.767300e-01	6.720242e-01
4.049815e+00	5.088500e-02	6.709026e-01
4.054503e+00	5.438050e-01	6.796696e-01
4.059191e+00	1.126575e+00	6.883008e-01
4.063879e+00	1.469220e+00	6.956811e-01
4.068568e+00	-5.743050e-01	6.709465e-01
4.073256e+00	-5.012900e-01	6.744894e-01
4.077944e+00	2.383850e-01	6.852729e-01
4.082632e+00	4.706800e-01	6.904662e-01
4.087321e+00	7.676500e-01	6.985246e-01
4.092009e+00	2.671450e-01	6.949715e-01
4.096697e+00	4.580700e-01	7.006673e-01
4.101385e+00	1.390715e+00	7.132304e-01
4.106074e+00	3.505850e-01	7.030581e-01
4.110762e+00	9.965900e-01	7.135741e-01
4.115450e+00	4.792900e-01	7.095464e-01
4.120138e+00	-2.541350e-01	7.031795e-01
4.124826e+00	6.450450e-01	7.180761e-01
4.129515e+00	1.309300e-01	7.148925e-01
4.134203e+00	4.038600e-01	7.190061e-01
4.138891e+00	4.449800e-01	7.229956e-01
4.143579e+00	6.297450e-01	7.277284e-01
4.148268e+00	6.850600e-01	7.324752e-01
4.152956e+00	-3.559150e-01	7.197914e-01
4.157644e+00	3.843950e-01	7.303980e-01
4.162332e+00	2.764350e-01	7.335766e-01
4.167021e+00	7.669200e-01	7.438382e-01
4.171709e+00	1.024425e+00	7.486315e-01
4.176397e+00	-1.665000e-02	7.371165e-01
4.181085e+00	4.941650e-01	7.465070e-01
4.185773e+00	9.741000e-01	7.561915e-01
4.190462e+00	1.514050e-01	7.486215e-01
4.195150e+00	4.570600e-01	7.571321e-01
4.199838e+00	3.087500e-02	7.518780e-01
4.204526e+00	1.781500e-01	7.560377e-01
4.209215e+00	-8.296300e-01	7.451540e-01
4.213903e+00	2.663900e-01	7.644272e-01
4.218591e+00	-3.715150e-01	7.572812e-01
4.223279e+00	1.791750e-01	7.703514e-01
4.227967e+00	1.949850e-01	7.721062e-01
4.232656e+00	-8.767500e-01	7.596545e-01
4.237344e+00	-4.078750e-01	7.692302e-01
4.242032e+00	2.506500e-01	7.818629e-01
4.246720e+00	4.752750e-01	7.880448e-01
4.251409e+00	9.903850e-01	8.006620e-01
4.256097e+00	3.492950e-01	7.972848e-01
4.260785e+00	-7.572500e-01	7.807436e-01
4.265473e+00	2.813150e-01	7.992706e-01
4.270162e+00	6.244150e-01	8.086568e-01
4.274850e+00	1.166930e+00	8.243570e-01
4.279538e+00	1.366200e-01	8.122305e-01
4.284226e+00	2.146300e-01	8.131876e-01
4.288914e+00	5.267150e-01	8.216436e-01
4.293603e+00	1.196500e-02	8.142941e-01
4.298291e+00	3.047500e-01	8.227973e-01
4.302979e+00	5.604850e-01	8.292936e-01
4.307667e+00	-4.145500e-01	8.185077e-01
4.312356e+00	-2.782650e-01	8.224152e-01
4.317044e+00	1.950500e-02	8.329263e-01
4.321732e+00	-3.728000e-02	8.332741e-01
4.326420e+00	5.255250e-01	8.490913e-01
4.331109e+00	-1.571400e-01	8.422049e-01
4.335797e+00	1.158100e+00	8.647971e-01
4.340485e+00	6.572600e-01	8.632847e-01
4.345173e+00	3.353100e-01	8.600651e-01
4.349861e+00	1.767900e-01	8.633731e-01
4.354550e+00	6.054000e-02	8.654556e-01
4.359238e+00	-5.503750e-01	8.565314e-01
4.363926e+00	2.368850e-01	8.750398e-01
4.368614e+00	1.592585e+00	9.040633e-01
4.373303e+00	7.875250e-01	8.932021e-01
4.377991e+00	-5.877350e-01	8.737810e-01
4.382679e+00	5.763550e-01	8.962954e-01
4.387367e+00	1.079910e+00	9.089288e-01
4.392056e+00	8.018450e-01	9.100190e-01
4.396744e+00	1.042000e-02	9.008678e-01
4.401432e+00	-4.862200e-01	8.963552e-01
4.406120e+00	6.777500e-02	9.081528e-01
4.410808e+00	1.023240e+00	9.278410e-01
4.415497e+00	1.061250e-01	9.112122e-01
4.420185e+00	8.924500e-01	9.242662e-01
4.424873e+00	2.075760e+00	9.455193e-01
4.429561e+00	5.721600e-01	9.216010e-01
4.434250e+00	-9.196050e-01	8.961070e-01
4.438938e+00	-5.483500e-02	9.112607e-01
4.443626e+00	-7.374650e-01	9.004969e-01
4.448314e+00	-3.890000e-03	9.157544e-01
4.453002e+00	4.390650e-01	9.282663e-01
4.457691e+00	2.739350e-01	9.308101e-01
4.462379e+00	8.734250e-01	9.473265e-01
4.467067e+00	-7.157350e-01	9.199465e-01
4.471755e+00	6.016500e-02	9.409098e-01
4.476444e+00	-2.034850e-01	9.411442e-01
4.481132e+00	-1.489055e+00	9.224862e-01
4.485820e+00	2.334000e-02	9.568645e-01
4.490508e+00	1.018750e+00	9.791088e-01
4.495197e+00	7.588350e-01	9.774962e-01
4.499885e+00	1.340035e+00	9.964130e-01
4.504573e+00	2.165275e+00	1.015884e+00
4.509261e+00	1.924500e-01	9.843341e-01
4.513949e+00	-3.720050e-01	9.797936e-01
4.518638e+00	-1.762450e-01	9.888948e-01
4.523326e+00	8.166000e-02	9.982129e-01
4.528014e+00	1.236800e-01	1.001665e+00
4.532702e+00	-1.389085e+00	9.834358e-01
4.537391e+00	7.375450e-01	1.031104e+00
4.542079e+00	1.519175e+00	1.053518e+00
4.546767e+00	9.292050e-01	1.044700e+00
4.551455e+00	1.461235e+00	1.065470e+00
4.556144e+00	1.150635e+00	1.066055e+00
4.560832e+00	6.881750e-01	1.060429e+00
4.565520e+00	-1.149255e+00	1.029815e+00
4.570208e+00	6.015000e-02	1.063232e+00
4.574896e+00	1.257825e+00	1.092779e+00
4.579585e+00	7.418050e-01	1.091728e+00
4.584273e+00	-7.582600e-01	1.068597e+00
4.588961e+00	-1.088715e+00	1.069811e+00
4.593649e+00	-8.456650e-01	1.077753e+00
4.598338e+00	6.540950e-01	1.118056e+00
4.603026e+00	1.534705e+00	1.146293e+00
4.607714e+00	9.733800e-01	1.144903e+00
4.612402e+00	8.014050e-01	1.145909e+00
4.617091e+00	6.227000e-01	1.148138e+00
4.621779e+00	-1.359200e-01	1.138623e+00
4.626467e+00	-5.493500e-01	1.140560e+00
4.631155e+00	4.295150e-01	1.171767e+00
4.635843e+00	1.048520e+00	1.189091e+00
4.640532e+00	3.412750e-01	1.185526e+00
4.645220e+00	-8.212950e-01	1.170184e+00
4.649908e+00	-9.794050e-01	1.176973e+00
4.654596e+00	2.754515e+00	1.272395e+00
4.659285e+00	1.693195e+00	1.258201e+00
4.663973e+00	1.411160e+00	1.260644e+00
4.668661e+00	-6.682300e-01	1.220934e+00
4.673349e+00	-6.121000e-02	1.246226e+00
4.678037e+00	-2.343550e-01	1.254294e+00
4.682726e+00	-3.666600e-01	1.258427e+00
4.687414e+00	4.721450e-01	1.292121e+00
4.692102e+00	2.970350e-01	1.297350e+00
4.696790e+00	-5.442250e-01	1.291095e+00
4.701479e+00	-1.070045e+00	1.289794e+00
4.706167e+00	-1.125900e+00	1.299074e+00
4.710855e+00	9.310000e-02	1.339183e+00
4.715543e+00	2.494050e-01	1.358784e+00
4.720232e+00	2.210400e+00	1.427458e+00
4.724920e+00	2.003010e+00	1.434308e+00
4.729608e+00	-5.241600e-01	1.381761e+00
4.734296e+00	-6.042750e-01	1.390889e+00
4.738984e+00	-4.625150e-01	1.410802e+00
4.743673e+00	3.063000e-01	1.450485e+00
4.748361e+00	6.915500e-01	1.474406e+00
4.753049e+00	1.461025e+00	1.508572e+00
4.757737e+00	9.028500e-01	1.521511e+00
4.762426e+00	9.101050e-01	1.537545e+00
4.767114e+00	3.501880e+00	1.633461e+00
4.771802e+00	2.762175e+00	1.630228e+00
4.776490e+00	1.639150e+00	1.608626e+00
4.781179e+00	6.995550e-01	1.612477e+00
4.785867e+00	-2.025250e-01	1.605747e+00
4.790555e+00	-7.993000e-02	1.631490e+00
4.795243e+00	7.091700e-01	1.677783e+00
4.799931e+00	1.325350e+00	1.728067e+00
4.804620e+00	1.641820e+00	1.756318e+00
4.809308e+00	4.738500e-01	1.751623e+00
4.813996e+00	-3.572000e-01	1.752497e+00
4.818684e+00	1.116170e+00	1.830608e+00
4.823373e+00	1.022500e+00	1.852774e+00
4.828061e+00	4.912100e-01	1.865046e+00
4.832749e+00	2.201300e+00	1.970443e+00
4.837437e+00	9.842250e-01	1.971289e+00
4.842125e+00	2.114225e+00	2.050441e+00
4.846814e+00	1.131415e+00	2.050453e+00
4.851502e+00	-8.248300e-01	2.020047e+00
4.856190e+00	4.879200e-01	2.106813e+00
4.860878e+00	1.783580e+00	2.208979e+00
4.865567e+00	-4.133150e-01	2.178509e+00
4.870255e+00	1.393555e+00	2.303771e+00
4.874943e+00	6.805000e-02	2.310588e+00
4.879631e+00	-5.589100e-01	2.346521e+00
4.884320e+00	-3.956550e-01	2.431831e+00
4.889008e+00	1.662165e+00	2.608970e+00
4.893696e+00	6.826950e-01	2.656549e+00
4.898384e+00	1.929810e+00	2.831738e+00
4.903072e+00	2.261160e+00	2.963340e+00
4.907761e+00	4.213950e-01	2.998220e+00
4.912449e+00	-2.427000e-02	4.157340e+00
4.917137e+00	9.810185e+00	1.392726e+01
