# Sample description: GI
# Parent(s): ../20151214/GI_no_protection/1d/GI_np_030_00096.dat
# No protection
3.200246e-02	2.540700e+01	2.005125e+01
3.669069e-02	7.442720e+01	1.621915e+01
4.137892e-02	1.797190e+02	1.497205e+01
4.606715e-02	2.140601e+02	1.194094e+01
5.075538e-02	2.137323e+02	9.447863e+00
5.544361e-02	2.065582e+02	7.848320e+00
6.013183e-02	1.956744e+02	6.838061e+00
6.482006e-02	1.915518e+02	6.141752e+00
6.950829e-02	1.895283e+02	5.597112e+00
7.419652e-02	1.772922e+02	5.064212e+00
7.888475e-02	1.720018e+02	4.716178e+00
8.357298e-02	1.682239e+02	4.433305e+00
8.826121e-02	1.634441e+02	4.183604e+00
9.294944e-02	1.670169e+02	4.031588e+00
9.763767e-02	1.643356e+02	3.847136e+00
1.023259e-01	1.538490e+02	3.623916e+00
1.070141e-01	1.583720e+02	3.549821e+00
1.117024e-01	1.605673e+02	3.463438e+00
1.163906e-01	1.560258e+02	3.323824e+00
1.210788e-01	1.564892e+02	3.246168e+00
1.257670e-01	1.538525e+02	3.147427e+00
1.304553e-01	1.538028e+02	3.079060e+00
1.351435e-01	1.505574e+02	2.984491e+00
1.398317e-01	1.490434e+02	2.911413e+00
1.445200e-01	1.492952e+02	2.854632e+00
1.492082e-01	1.494864e+02	2.804253e+00
1.538964e-01	1.475042e+02	2.735233e+00
1.585846e-01	1.449629e+02	2.666244e+00
1.632729e-01	1.447621e+02	2.621195e+00
1.679611e-01	1.427492e+02	2.566015e+00
1.726493e-01	1.424044e+02	2.522126e+00
1.773376e-01	1.421345e+02	2.478502e+00
1.820258e-01	1.384184e+02	2.417375e+00
1.867140e-01	1.371154e+02	2.376166e+00
1.914022e-01	1.398344e+02	2.363029e+00
1.960905e-01	1.364541e+02	2.304541e+00
2.007787e-01	1.374771e+02	2.285206e+00
2.054669e-01	1.353592e+02	2.243413e+00
2.101552e-01	1.323410e+02	2.196448e+00
2.148434e-01	1.303631e+02	2.154509e+00
2.195316e-01	1.309852e+02	2.133073e+00
2.242199e-01	1.311778e+02	2.110459e+00
2.289081e-01	1.301373e+02	2.081418e+00
2.335963e-01	1.270630e+02	2.038235e+00
2.382845e-01	1.239537e+02	1.995274e+00
2.429728e-01	1.244341e+02	1.977972e+00
2.476610e-01	1.229282e+02	1.949211e+00
2.523492e-01	1.213029e+02	1.918935e+00
2.570375e-01	1.206578e+02	1.894250e+00
2.617257e-01	1.196153e+02	1.870060e+00
2.664139e-01	1.159239e+02	1.829626e+00
2.711021e-01	1.176319e+02	1.824117e+00
2.757904e-01	1.142457e+02	1.785422e+00
2.804786e-01	1.140979e+02	1.770217e+00
2.851668e-01	1.141442e+02	1.755652e+00
2.898551e-01	1.108076e+02	1.719497e+00
2.945433e-01	1.133450e+02	1.721111e+00
2.992315e-01	1.113129e+02	1.733076e+00
3.039197e-01	1.097205e+02	1.735862e+00
3.086080e-01	1.069531e+02	1.724065e+00
3.132962e-01	1.061147e+02	1.718005e+00
3.179844e-01	1.049378e+02	1.709870e+00
3.226727e-01	1.017528e+02	1.689430e+00
3.273609e-01	1.022512e+02	1.690168e+00
3.320491e-01	1.013256e+02	1.680426e+00
3.367374e-01	9.921607e+01	1.662991e+00
3.414256e-01	9.762470e+01	1.648624e+00
3.461138e-01	9.545343e+01	1.631208e+00
3.508020e-01	9.125480e+01	1.598384e+00
3.554903e-01	9.408192e+01	1.611147e+00
3.601785e-01	9.303294e+01	1.601101e+00
3.648667e-01	9.176995e+01	1.604405e+00
3.695550e-01	9.010484e+01	1.628760e+00
3.742432e-01	8.879573e+01	1.638526e+00
3.789314e-01	8.817578e+01	1.648911e+00
3.836196e-01	8.301394e+01	1.620885e+00
3.883079e-01	8.279327e+01	1.629002e+00
3.929961e-01	8.538350e+01	1.663231e+00
3.976843e-01	8.327420e+01	1.668752e+00
4.023726e-01	8.189446e+01	1.675432e+00
4.070608e-01	8.022142e+01	1.669230e+00
4.117490e-01	7.789993e+01	1.654393e+00
4.164372e-01	7.917106e+01	1.666117e+00
4.211255e-01	7.550796e+01	1.640621e+00
4.258137e-01	7.297576e+01	1.621313e+00
4.305019e-01	7.220720e+01	1.614265e+00
4.351902e-01	6.999668e+01	1.592596e+00
4.398784e-01	6.962461e+01	1.587260e+00
4.445666e-01	7.015057e+01	1.611729e+00
4.492548e-01	6.896076e+01	1.655235e+00
4.539431e-01	6.631231e+01	1.662138e+00
4.586313e-01	6.857330e+01	1.706334e+00
4.633195e-01	6.351191e+01	1.683542e+00
4.680078e-01	6.398513e+01	1.706233e+00
4.726960e-01	6.287458e+01	1.715568e+00
4.773842e-01	6.220903e+01	1.725392e+00
4.820725e-01	6.156979e+01	1.736804e+00
4.867607e-01	5.981122e+01	1.736681e+00
4.914489e-01	5.966976e+01	1.747540e+00
4.961371e-01	5.743423e+01	1.741754e+00
5.008254e-01	5.790746e+01	1.759544e+00
5.055136e-01	5.471957e+01	1.741536e+00
5.102018e-01	5.495923e+01	1.705297e+00
5.148901e-01	5.515106e+01	1.646490e+00
5.195783e-01	5.230342e+01	1.591113e+00
5.242665e-01	5.195754e+01	1.568008e+00
5.289547e-01	4.972051e+01	1.531199e+00
5.336430e-01	4.793661e+01	1.499296e+00
5.383312e-01	4.775790e+01	1.484146e+00
5.430194e-01	4.630839e+01	1.463010e+00
5.477077e-01	4.760701e+01	1.467182e+00
5.523959e-01	4.707812e+01	1.452981e+00
5.570841e-01	4.365451e+01	1.411961e+00
5.617723e-01	4.061467e+01	1.375484e+00
5.664606e-01	4.157610e+01	1.378757e+00
5.711488e-01	4.009958e+01	1.358389e+00
5.758370e-01	3.880960e+01	1.337377e+00
5.805253e-01	3.962600e+01	1.338348e+00
5.852135e-01	3.832789e+01	1.313684e+00
5.899017e-01	3.903368e+01	1.313286e+00
5.945900e-01	3.589232e+01	1.272732e+00
5.992782e-01	3.611110e+01	1.265090e+00
6.039664e-01	3.563965e+01	1.253879e+00
6.086546e-01	3.388143e+01	1.228153e+00
6.133429e-01	3.551577e+01	1.235981e+00
6.180311e-01	3.422221e+01	1.217605e+00
6.227193e-01	3.338441e+01	1.200584e+00
6.274076e-01	3.185613e+01	1.181265e+00
6.320958e-01	3.069151e+01	1.165132e+00
6.367840e-01	3.072026e+01	1.162537e+00
6.414722e-01	3.032018e+01	1.154846e+00
6.461605e-01	2.950333e+01	1.143943e+00
6.508487e-01	2.794590e+01	1.126862e+00
6.555369e-01	2.736729e+01	1.115577e+00
6.602252e-01	2.793731e+01	1.120147e+00
6.649134e-01	2.845038e+01	1.122889e+00
6.696016e-01	2.763821e+01	1.111184e+00
6.742898e-01	2.655292e+01	1.096576e+00
6.789781e-01	2.373680e+01	1.066730e+00
6.836663e-01	2.414657e+01	1.068701e+00
6.883545e-01	2.557559e+01	1.080505e+00
6.930428e-01	2.355382e+01	1.057017e+00
6.977310e-01	2.235013e+01	1.041465e+00
7.024192e-01	2.336670e+01	1.049869e+00
7.071074e-01	2.180345e+01	1.031262e+00
7.117957e-01	2.072798e+01	1.017836e+00
7.164839e-01	2.075482e+01	1.015210e+00
7.211721e-01	2.053036e+01	1.010827e+00
7.258604e-01	1.917589e+01	9.932925e-01
7.305486e-01	1.929668e+01	9.932304e-01
7.352368e-01	1.906842e+01	9.886110e-01
7.399251e-01	1.742637e+01	9.676054e-01
7.446133e-01	1.704633e+01	9.617514e-01
7.493015e-01	1.727620e+01	9.641807e-01
7.539897e-01	1.710072e+01	9.575667e-01
7.586780e-01	1.596006e+01	9.436850e-01
7.633662e-01	1.577208e+01	9.406395e-01
7.680544e-01	1.775547e+01	9.600947e-01
7.727427e-01	1.677049e+01	9.461496e-01
7.774309e-01	1.638502e+01	9.411942e-01
7.821191e-01	1.383104e+01	9.109395e-01
7.868073e-01	1.505602e+01	9.213242e-01
7.914956e-01	1.307920e+01	8.980759e-01
7.961838e-01	1.227960e+01	8.867553e-01
8.008720e-01	1.261275e+01	8.895518e-01
8.055603e-01	1.338184e+01	8.967353e-01
8.102485e-01	1.280084e+01	8.897704e-01
8.149367e-01	1.219978e+01	8.793044e-01
8.196249e-01	1.004033e+01	8.517423e-01
8.243132e-01	1.052130e+01	8.555774e-01
8.290014e-01	1.174099e+01	8.685563e-01
8.336896e-01	1.107976e+01	8.599355e-01
8.383779e-01	1.165447e+01	8.639385e-01
8.430661e-01	1.191203e+01	8.659717e-01
8.477543e-01	1.051696e+01	8.500707e-01
8.524425e-01	1.001138e+01	8.417151e-01
8.571308e-01	9.768445e+00	8.384083e-01
8.618190e-01	9.671500e+00	8.330873e-01
8.665072e-01	9.686390e+00	8.309155e-01
8.711955e-01	8.788500e+00	8.187983e-01
8.758837e-01	7.989865e+00	8.087188e-01
8.805719e-01	8.637260e+00	8.152257e-01
8.852602e-01	9.342840e+00	8.230442e-01
8.899484e-01	8.333350e+00	8.084442e-01
8.946366e-01	8.085185e+00	8.040323e-01
8.993248e-01	7.956525e+00	8.011370e-01
9.040131e-01	6.631575e+00	7.846639e-01
9.087013e-01	7.944215e+00	7.985586e-01
9.133895e-01	7.806210e+00	7.943480e-01
9.180778e-01	7.757185e+00	7.906117e-01
9.227660e-01	7.004150e+00	7.801820e-01
9.274542e-01	7.632040e+00	7.880745e-01
9.321424e-01	7.311810e+00	7.811141e-01
9.368307e-01	7.345465e+00	7.817031e-01
9.415189e-01	6.916905e+00	7.752274e-01
9.462071e-01	5.897080e+00	7.629642e-01
9.508954e-01	5.768135e+00	7.576487e-01
9.555836e-01	6.058335e+00	7.603809e-01
9.602718e-01	5.280000e+00	7.520383e-01
9.649600e-01	6.051155e+00	7.583000e-01
9.696483e-01	6.616305e+00	7.630438e-01
9.743365e-01	6.264345e+00	7.589000e-01
9.790247e-01	5.286735e+00	7.445920e-01
9.837130e-01	5.305915e+00	7.440980e-01
9.884012e-01	5.091075e+00	7.396653e-01
9.930894e-01	4.587430e+00	7.326677e-01
9.977777e-01	4.468275e+00	7.295689e-01
1.002466e+00	3.911825e+00	7.229919e-01
1.007154e+00	4.485350e+00	7.268921e-01
1.011842e+00	4.501435e+00	7.256912e-01
1.016531e+00	4.647690e+00	7.279002e-01
1.021219e+00	3.706860e+00	7.148446e-01
1.025907e+00	4.277715e+00	7.202997e-01
1.030595e+00	3.530740e+00	7.103236e-01
1.035283e+00	3.691870e+00	7.109416e-01
1.039972e+00	4.106240e+00	7.154987e-01
1.044660e+00	3.280485e+00	7.054527e-01
1.049348e+00	4.126350e+00	7.129415e-01
1.054036e+00	3.614435e+00	7.054163e-01
1.058725e+00	4.341485e+00	7.119794e-01
1.063413e+00	3.012340e+00	6.962033e-01
1.068101e+00	3.951140e+00	7.064223e-01
1.072789e+00	4.021185e+00	7.055641e-01
1.077478e+00	4.271815e+00	7.073053e-01
1.082166e+00	4.014255e+00	7.032231e-01
1.086854e+00	3.629450e+00	6.979453e-01
1.091542e+00	3.649225e+00	6.955324e-01
1.096230e+00	2.910265e+00	6.855411e-01
1.100919e+00	2.856765e+00	6.845330e-01
1.105607e+00	1.843525e+00	6.719819e-01
1.110295e+00	1.938690e+00	6.717427e-01
1.114983e+00	3.373250e+00	6.873944e-01
1.119672e+00	2.913355e+00	6.812416e-01
1.124360e+00	3.086765e+00	6.825336e-01
1.129048e+00	3.923330e+00	6.903201e-01
1.133736e+00	4.015420e+00	6.895698e-01
1.138425e+00	3.916375e+00	6.885799e-01
1.143113e+00	2.798395e+00	6.732574e-01
1.147801e+00	3.141645e+00	6.776679e-01
1.152489e+00	2.824725e+00	6.718664e-01
1.157177e+00	3.178235e+00	6.741827e-01
1.161866e+00	3.420190e+00	6.770991e-01
1.166554e+00	3.907320e+00	6.808547e-01
1.171242e+00	3.347155e+00	6.744169e-01
1.175930e+00	2.929690e+00	6.679081e-01
1.180619e+00	3.180660e+00	6.697656e-01
1.185307e+00	3.467900e+00	6.722360e-01
1.189995e+00	1.579570e+00	6.498984e-01
1.194683e+00	2.673300e+00	6.611699e-01
1.199372e+00	2.419260e+00	6.575963e-01
1.204060e+00	3.142835e+00	6.652029e-01
1.208748e+00	2.549775e+00	6.589151e-01
1.213436e+00	2.079150e+00	6.510026e-01
1.218124e+00	2.084635e+00	6.493079e-01
1.222813e+00	2.681460e+00	6.561508e-01
1.227501e+00	2.607695e+00	6.543137e-01
1.232189e+00	2.235615e+00	6.495155e-01
1.236877e+00	2.698595e+00	6.523929e-01
1.241566e+00	2.912595e+00	6.536298e-01
1.246254e+00	1.973775e+00	6.442693e-01
1.250942e+00	2.870990e+00	6.687835e-01
1.255630e+00	1.835410e+00	6.748714e-01
1.260318e+00	2.119840e+00	6.889297e-01
1.265007e+00	2.269680e+00	6.987962e-01
1.269695e+00	2.086610e+00	7.044702e-01
1.274383e+00	2.142565e+00	7.126552e-01
1.279071e+00	2.730465e+00	7.284761e-01
1.283760e+00	3.055355e+00	7.377537e-01
1.288448e+00	1.491925e+00	7.232349e-01
1.293136e+00	1.524315e+00	7.286382e-01
1.297824e+00	2.132910e+00	7.424213e-01
1.302513e+00	1.829360e+00	7.438165e-01
1.307201e+00	2.781780e+00	7.585618e-01
1.311889e+00	3.036345e+00	7.605337e-01
1.316577e+00	2.617815e+00	7.305268e-01
1.321265e+00	2.838670e+00	7.144142e-01
1.325954e+00	2.697275e+00	7.001484e-01
1.330642e+00	1.487400e+00	6.761240e-01
1.335330e+00	1.750355e+00	6.703614e-01
1.340018e+00	1.489275e+00	6.617996e-01
1.344707e+00	2.376655e+00	6.677835e-01
1.349395e+00	2.963980e+00	6.688357e-01
1.354083e+00	2.038630e+00	6.525202e-01
1.358771e+00	2.187790e+00	6.500159e-01
1.363460e+00	2.067770e+00	6.459224e-01
1.368148e+00	1.439360e+00	6.364672e-01
1.372836e+00	1.896900e+00	6.384242e-01
1.377524e+00	1.068130e+00	6.279856e-01
1.382212e+00	1.658765e+00	6.339779e-01
1.386901e+00	1.440740e+00	6.300072e-01
1.391589e+00	2.026470e+00	6.350631e-01
1.396277e+00	2.692985e+00	6.418217e-01
1.400965e+00	1.761225e+00	6.302587e-01
1.405654e+00	1.204590e+00	6.229482e-01
1.410342e+00	9.888450e-01	6.189917e-01
1.415030e+00	2.260575e+00	6.323324e-01
1.419718e+00	2.250850e+00	6.317896e-01
1.424406e+00	1.415265e+00	6.198120e-01
1.429095e+00	1.820615e+00	6.227677e-01
1.433783e+00	1.606555e+00	6.200018e-01
1.438471e+00	1.399240e+00	6.170356e-01
1.443159e+00	1.701940e+00	6.186290e-01
1.447848e+00	1.727745e+00	6.175704e-01
1.452536e+00	2.287120e+00	6.233482e-01
1.457224e+00	1.120850e+00	6.088496e-01
1.461912e+00	6.722450e-01	6.038145e-01
1.466601e+00	1.589070e+00	6.117714e-01
1.471289e+00	1.634940e+00	6.115830e-01
1.475977e+00	1.289095e+00	6.076053e-01
1.480665e+00	2.792170e+00	6.228872e-01
1.485353e+00	9.748850e-01	6.129389e-01
1.490042e+00	1.294825e+00	6.351827e-01
1.494730e+00	1.665475e+00	6.501301e-01
1.499418e+00	1.217735e+00	6.515936e-01
1.504106e+00	1.331500e+00	6.608656e-01
1.508795e+00	9.151400e-01	6.621996e-01
1.513483e+00	9.893900e-01	6.497830e-01
1.518171e+00	1.070125e+00	6.356953e-01
1.522859e+00	1.832030e+00	6.328604e-01
1.527548e+00	1.181275e+00	6.198465e-01
1.532236e+00	1.018550e+00	6.125232e-01
1.536924e+00	1.847625e+00	6.170631e-01
1.541612e+00	1.953030e+00	6.141214e-01
1.546300e+00	1.526535e+00	6.086399e-01
1.550989e+00	1.572740e+00	6.072489e-01
1.555677e+00	7.646450e-01	5.952677e-01
1.560365e+00	7.463750e-01	5.906150e-01
1.565053e+00	1.308860e+00	5.952479e-01
1.569742e+00	1.580415e+00	5.951237e-01
1.574430e+00	1.876035e+00	5.968093e-01
1.579118e+00	1.989990e+00	5.986251e-01
1.583806e+00	2.177745e+00	6.013426e-01
1.588495e+00	1.563275e+00	5.959153e-01
1.593183e+00	1.033940e+00	5.904795e-01
1.597871e+00	1.355250e+00	5.927381e-01
1.602559e+00	1.380320e+00	5.925155e-01
1.607247e+00	5.407950e-01	5.824196e-01
1.611936e+00	5.649850e-01	5.818093e-01
1.616624e+00	1.169400e+00	5.860882e-01
1.621312e+00	1.874685e+00	5.937516e-01
1.626000e+00	9.940000e-01	5.830332e-01
1.630689e+00	8.483150e-01	5.818707e-01
1.635377e+00	1.313520e+00	5.845838e-01
1.640065e+00	2.167845e+00	5.924972e-01
1.644753e+00	1.939435e+00	5.905525e-01
1.649441e+00	7.974900e-01	5.777865e-01
1.654130e+00	1.135705e+00	5.799697e-01
1.658818e+00	9.768150e-01	5.780786e-01
1.663506e+00	1.429755e+00	5.813950e-01
1.668194e+00	1.176325e+00	5.775258e-01
1.672883e+00	9.008200e-01	5.742146e-01
1.677571e+00	1.104035e+00	5.748577e-01
1.682259e+00	9.473100e-01	5.737803e-01
1.686947e+00	4.291950e-01	5.654034e-01
1.691636e+00	6.017500e-01	5.671187e-01
1.696324e+00	9.208550e-01	5.699705e-01
1.701012e+00	6.818650e-01	5.652665e-01
1.705700e+00	1.006825e+00	5.698279e-01
1.710388e+00	8.786900e-01	5.673500e-01
1.715077e+00	1.300075e+00	5.706224e-01
1.719765e+00	5.793200e-01	5.621819e-01
1.724453e+00	3.278500e-02	5.564182e-01
1.729141e+00	1.518210e+00	5.713281e-01
1.733830e+00	1.224650e+00	5.658067e-01
1.738518e+00	8.742200e-01	5.619726e-01
1.743206e+00	2.024500e-01	5.547273e-01
1.747894e+00	5.067050e-01	5.575024e-01
1.752583e+00	9.329950e-01	5.614965e-01
1.757271e+00	1.401795e+00	5.648467e-01
1.761959e+00	1.276965e+00	5.638545e-01
1.766647e+00	1.131790e+00	5.611912e-01
1.771335e+00	1.092265e+00	5.597761e-01
1.776024e+00	5.592850e-01	5.537719e-01
1.780712e+00	6.929150e-01	5.555756e-01
1.785400e+00	6.561550e-01	5.528007e-01
1.790088e+00	1.041180e+00	5.554467e-01
1.794777e+00	-2.415600e-01	5.433037e-01
1.799465e+00	1.069840e+00	5.554481e-01
1.804153e+00	1.614165e+00	5.599357e-01
1.808841e+00	1.203775e+00	5.551894e-01
1.813530e+00	6.088050e-01	5.481084e-01
1.818218e+00	1.780000e-02	5.412148e-01
1.822906e+00	8.347650e-01	5.500982e-01
1.827594e+00	1.006970e+00	5.508950e-01
1.832282e+00	1.812300e-01	5.401027e-01
1.836971e+00	1.294930e+00	5.526092e-01
1.841659e+00	2.153065e+00	5.601420e-01
1.846347e+00	6.722450e-01	5.448075e-01
1.851035e+00	7.553600e-01	5.437580e-01
1.855724e+00	6.448950e-01	5.428957e-01
1.860412e+00	1.026675e+00	5.465372e-01
1.865100e+00	1.172520e+00	5.469967e-01
1.869788e+00	3.834750e-01	5.380505e-01
1.874476e+00	6.611550e-01	5.414984e-01
1.879165e+00	1.055060e+00	5.437946e-01
1.883853e+00	1.185150e+00	5.440788e-01
1.888541e+00	1.290240e+00	5.442093e-01
1.893229e+00	6.681150e-01	5.382882e-01
1.897918e+00	5.840100e-01	5.369241e-01
1.902606e+00	1.098455e+00	5.412353e-01
1.907294e+00	1.414810e+00	5.438808e-01
1.911982e+00	1.194095e+00	5.403534e-01
1.916671e+00	1.020895e+00	5.382200e-01
1.921359e+00	1.940895e+00	5.468306e-01
1.926047e+00	1.229185e+00	5.398803e-01
1.930735e+00	7.042650e-01	5.331509e-01
1.935423e+00	7.582050e-01	5.326924e-01
1.940112e+00	7.979650e-01	5.315389e-01
1.944800e+00	6.155700e-01	5.297512e-01
1.949488e+00	5.660000e-02	5.228455e-01
1.954176e+00	1.617670e+00	5.379084e-01
1.958865e+00	1.746525e+00	5.363301e-01
1.963553e+00	1.114490e+00	5.304388e-01
1.968241e+00	7.687400e-01	5.256559e-01
1.972929e+00	1.615380e+00	5.339329e-01
1.977618e+00	1.137195e+00	5.284667e-01
1.982306e+00	4.515700e-01	5.208059e-01
1.986994e+00	5.817400e-01	5.220490e-01
1.991682e+00	1.033505e+00	5.269122e-01
1.996370e+00	1.630150e-01	5.170932e-01
2.001059e+00	1.407450e-01	5.191737e-01
2.005747e+00	3.254350e-01	5.199057e-01
2.010435e+00	-1.114650e-01	5.147990e-01
2.015123e+00	4.045450e-01	5.196539e-01
2.019812e+00	1.242675e+00	5.275482e-01
2.024500e+00	6.086300e-01	5.207582e-01
2.029188e+00	9.465700e-01	5.232924e-01
2.033876e+00	5.727600e-01	5.187068e-01
2.038565e+00	6.810800e-01	5.182149e-01
2.043253e+00	-1.017500e-02	5.119243e-01
2.047941e+00	4.303350e-01	5.168254e-01
2.052629e+00	5.223800e-01	5.200333e-01
2.057317e+00	4.145950e-01	5.333347e-01
2.062006e+00	1.184500e+00	5.502661e-01
2.066694e+00	7.087900e-01	5.524794e-01
2.071382e+00	5.155950e-01	5.554879e-01
2.076070e+00	4.527700e-01	5.608450e-01
2.080759e+00	7.138400e-01	5.686238e-01
2.085447e+00	7.855200e-01	5.725641e-01
2.090135e+00	9.899300e-01	5.773698e-01
2.094823e+00	9.759350e-01	5.787589e-01
2.099511e+00	8.780400e-01	5.798074e-01
2.104200e+00	6.594700e-01	5.784041e-01
2.108888e+00	1.418780e+00	5.876797e-01
2.113576e+00	7.352600e-01	5.816758e-01
2.118264e+00	8.634400e-01	5.772588e-01
2.122953e+00	5.337200e-01	5.579233e-01
2.127641e+00	1.952500e-01	5.434346e-01
2.132329e+00	5.020150e-01	5.415126e-01
2.137017e+00	7.135450e-01	5.376664e-01
2.141706e+00	1.000685e+00	5.356502e-01
2.146394e+00	6.592150e-01	5.284998e-01
2.151082e+00	6.595150e-01	5.253188e-01
2.155770e+00	9.625800e-01	5.260911e-01
2.160458e+00	3.750650e-01	5.197588e-01
2.165147e+00	-3.053700e-01	5.118546e-01
2.169835e+00	1.014500e-01	5.143070e-01
2.174523e+00	-9.652000e-02	5.113530e-01
2.179211e+00	8.301150e-01	5.198870e-01
2.183900e+00	5.574950e-01	5.163716e-01
2.188588e+00	-5.948500e-01	5.037768e-01
2.193276e+00	-1.071500e-01	5.078029e-01
2.197964e+00	-1.370350e-01	5.061591e-01
2.202653e+00	8.626750e-01	5.158374e-01
2.207341e+00	1.050725e+00	5.169959e-01
2.212029e+00	3.261000e-01	5.088920e-01
2.216717e+00	-2.116100e-01	5.026161e-01
2.221405e+00	2.429200e-01	5.071037e-01
2.226094e+00	1.075200e+00	5.139427e-01
2.230782e+00	5.458150e-01	5.075219e-01
2.235470e+00	2.750000e-02	5.021052e-01
2.240158e+00	1.110980e+00	5.123959e-01
2.244847e+00	6.092100e-01	5.067293e-01
2.249535e+00	2.999300e-01	5.026309e-01
2.254223e+00	8.530950e-01	5.070218e-01
2.258911e+00	5.415050e-01	5.030601e-01
2.263600e+00	1.210000e-01	4.993105e-01
2.268288e+00	2.611000e-01	5.003227e-01
2.272976e+00	2.970950e-01	4.998575e-01
2.277664e+00	-1.293450e-01	4.951114e-01
2.282352e+00	3.475000e-01	4.982871e-01
2.287041e+00	3.278700e-01	4.984137e-01
2.291729e+00	2.597650e-01	4.967225e-01
2.296417e+00	1.921800e-01	4.951161e-01
2.301105e+00	7.494700e-01	5.001046e-01
2.305794e+00	4.987950e-01	4.967600e-01
2.310482e+00	-5.251500e-02	4.906627e-01
2.315170e+00	5.185250e-01	4.964874e-01
2.319858e+00	6.148700e-01	4.962650e-01
2.324546e+00	1.006070e+00	4.996950e-01
2.329235e+00	1.092425e+00	4.988475e-01
2.333923e+00	4.976200e-01	4.937688e-01
2.338611e+00	8.595100e-01	4.966232e-01
2.343299e+00	4.066350e-01	4.921822e-01
2.347988e+00	6.855100e-01	4.924387e-01
2.352676e+00	7.798050e-01	4.935788e-01
2.357364e+00	1.102585e+00	4.962735e-01
2.362052e+00	1.771850e-01	4.870484e-01
2.366741e+00	4.043000e-01	4.898734e-01
2.371429e+00	1.114115e+00	4.952549e-01
2.376117e+00	3.507600e-01	4.875525e-01
2.380805e+00	1.935650e-01	4.855801e-01
2.385493e+00	-6.409600e-01	4.768863e-01
2.390182e+00	-4.584500e-02	4.824284e-01
2.394870e+00	-2.338900e-01	4.803305e-01
2.399558e+00	1.082605e+00	4.916666e-01
2.404246e+00	8.034000e-01	4.880206e-01
2.408935e+00	2.577500e-02	4.806192e-01
2.413623e+00	-2.685000e-03	4.804332e-01
2.418311e+00	-1.985250e-01	4.774537e-01
2.422999e+00	6.762600e-01	4.853573e-01
2.427688e+00	-2.924300e-01	4.753386e-01
2.432376e+00	-4.150000e-02	4.777066e-01
2.437064e+00	7.347450e-01	4.851449e-01
2.441752e+00	9.943700e-01	4.857943e-01
2.446440e+00	4.811500e-01	4.804829e-01
2.451129e+00	2.760000e-01	4.780815e-01
2.455817e+00	1.108900e-01	4.763894e-01
2.460505e+00	4.469300e-01	4.787489e-01
2.465193e+00	2.565800e-01	4.768590e-01
2.469882e+00	9.192750e-01	4.818324e-01
2.474570e+00	4.625250e-01	4.774634e-01
2.479258e+00	3.699700e-01	4.763616e-01
2.483946e+00	8.263850e-01	4.801585e-01
2.488634e+00	2.337400e-01	4.740046e-01
2.493323e+00	1.709350e-01	4.731109e-01
2.498011e+00	1.546300e-01	4.732091e-01
2.502699e+00	8.766950e-01	4.784911e-01
2.507387e+00	7.620300e-01	4.776721e-01
2.512076e+00	3.165400e-01	4.731185e-01
2.516764e+00	7.224100e-01	4.760275e-01
2.521452e+00	6.826400e-01	4.750976e-01
2.526140e+00	8.033400e-01	4.756341e-01
2.530829e+00	7.098950e-01	4.743145e-01
2.535517e+00	4.840050e-01	4.713468e-01
2.540205e+00	6.497300e-01	4.714772e-01
2.544893e+00	1.875850e-01	4.671981e-01
2.549581e+00	3.830000e-01	4.675641e-01
2.554270e+00	4.833400e-01	4.679081e-01
2.558958e+00	2.436400e-01	4.656678e-01
2.563646e+00	3.893300e-01	4.663303e-01
2.568334e+00	4.892800e-01	4.670073e-01
2.573023e+00	6.209700e-01	4.677105e-01
2.577711e+00	6.255100e-01	4.664980e-01
2.582399e+00	2.844500e-02	4.609027e-01
2.587087e+00	-1.306100e-01	4.593245e-01
2.591776e+00	-2.237150e-01	4.588731e-01
2.596464e+00	6.174400e-01	4.665214e-01
2.601152e+00	9.485400e-01	4.688152e-01
2.605840e+00	3.512050e-01	4.641135e-01
2.610528e+00	3.362000e-01	4.629464e-01
2.615217e+00	6.945900e-01	4.662229e-01
2.619905e+00	9.871650e-01	4.686746e-01
2.624593e+00	-3.373100e-01	4.552622e-01
2.629281e+00	1.592400e-01	4.603863e-01
2.633970e+00	1.206400e+00	4.684306e-01
2.638658e+00	1.133140e+00	4.676916e-01
2.643346e+00	4.329100e-01	4.613916e-01
2.648034e+00	-3.651100e-01	4.539206e-01
2.652723e+00	4.487750e-01	4.611561e-01
2.657411e+00	-4.349500e-02	4.556790e-01
2.662099e+00	4.878850e-01	4.600479e-01
2.666787e+00	9.323050e-01	4.629923e-01
2.671475e+00	4.977500e-01	4.593856e-01
2.676164e+00	-2.038500e-01	4.527450e-01
2.680852e+00	2.813500e-01	4.572604e-01
2.685540e+00	-3.775000e-02	4.536763e-01
2.690228e+00	-5.923050e-01	4.484600e-01
2.694917e+00	-1.437450e-01	4.518676e-01
2.699605e+00	3.606000e-01	4.559406e-01
2.704293e+00	4.457100e-01	4.563293e-01
2.708981e+00	7.841650e-01	4.583512e-01
2.713669e+00	1.049650e-01	4.525282e-01
2.718358e+00	4.043350e-01	4.543632e-01
2.723046e+00	-2.067050e-01	4.487589e-01
2.727734e+00	4.212050e-01	4.539725e-01
2.732422e+00	5.831000e-01	4.546790e-01
2.737111e+00	-1.635500e-02	4.487135e-01
2.741799e+00	-1.725500e-02	4.492134e-01
2.746487e+00	7.290650e-01	4.549402e-01
2.751175e+00	7.856350e-01	4.551128e-01
2.755864e+00	7.982350e-01	4.542631e-01
2.760552e+00	4.916850e-01	4.515048e-01
2.765240e+00	2.450600e-01	4.491233e-01
2.769928e+00	5.104900e-01	4.515543e-01
2.774616e+00	4.468150e-01	4.505168e-01
2.779305e+00	2.208250e-01	4.478786e-01
2.783993e+00	3.850750e-01	4.487449e-01
2.788681e+00	3.429650e-01	4.476880e-01
2.793369e+00	4.066650e-01	4.484705e-01
2.798058e+00	-1.452450e-01	4.433156e-01
2.802746e+00	-2.414800e-01	4.422395e-01
2.807434e+00	5.737750e-01	4.487262e-01
2.812122e+00	4.890950e-01	4.479244e-01
2.816811e+00	4.023950e-01	4.466420e-01
2.821499e+00	6.513800e-01	4.486067e-01
2.826187e+00	2.305350e-01	4.444038e-01
2.830875e+00	1.082300e+00	4.509079e-01
2.835563e+00	5.326100e-01	4.462416e-01
2.840252e+00	7.709250e-01	4.474108e-01
2.844940e+00	9.101600e-01	4.488627e-01
2.849628e+00	1.056255e+00	4.496725e-01
2.854316e+00	2.262000e-01	4.426278e-01
2.859005e+00	2.750100e-01	4.505109e-01
2.863693e+00	-4.713500e-02	4.577954e-01
2.868381e+00	7.343900e-01	4.707532e-01
2.873069e+00	1.605450e-01	4.706525e-01
2.877758e+00	1.538450e-01	4.745806e-01
2.882446e+00	-2.394250e-01	4.728832e-01
2.887134e+00	1.721050e-01	4.779952e-01
2.891822e+00	2.994000e-02	4.786996e-01
2.896510e+00	2.476350e-01	4.826649e-01
2.901199e+00	3.836050e-01	4.850533e-01
2.905887e+00	2.076500e-02	4.826826e-01
2.910575e+00	9.411850e-01	4.919628e-01
2.915263e+00	1.181600e-01	4.854160e-01
2.919952e+00	6.758300e-01	4.911702e-01
2.924640e+00	4.424200e-01	4.761772e-01
2.929328e+00	5.540350e-01	4.687457e-01
2.934016e+00	4.924950e-01	4.617326e-01
2.938704e+00	1.090000e-02	4.544133e-01
2.943393e+00	8.294100e-01	4.584586e-01
2.948081e+00	3.115850e-01	4.513572e-01
2.952769e+00	2.430100e-01	4.499103e-01
2.957457e+00	5.052700e-01	4.512636e-01
2.962146e+00	8.967700e-01	4.528767e-01
2.966834e+00	5.460450e-01	4.489285e-01
2.971522e+00	3.956700e-01	4.470059e-01
2.976210e+00	2.190850e-01	4.463873e-01
2.980899e+00	-3.544000e-02	4.433667e-01
2.985587e+00	1.886250e-01	4.434775e-01
2.990275e+00	4.359450e-01	4.443728e-01
2.994963e+00	3.719700e-01	4.437588e-01
2.999651e+00	5.503250e-01	4.446572e-01
3.004340e+00	7.025000e-01	4.461433e-01
3.009028e+00	5.750200e-01	4.442080e-01
3.013716e+00	4.959350e-01	4.426908e-01
3.018404e+00	3.475500e-02	4.381684e-01
3.023093e+00	2.456750e-01	4.393338e-01
3.027781e+00	-1.575500e-01	4.348812e-01
3.032469e+00	8.782300e-01	4.441552e-01
3.037157e+00	-9.354500e-02	4.348469e-01
3.041846e+00	-2.230000e-03	4.357151e-01
3.046534e+00	5.994850e-01	4.398093e-01
3.051222e+00	4.451400e-01	4.381381e-01
3.055910e+00	3.944100e-01	4.368721e-01
3.060598e+00	-4.592000e-02	4.336911e-01
3.065287e+00	5.568750e-01	4.376402e-01
3.069975e+00	2.986300e-01	4.348371e-01
3.074663e+00	-1.027750e-01	4.312359e-01
3.079351e+00	4.179600e-01	4.350854e-01
3.084040e+00	3.573050e-01	4.339250e-01
3.088728e+00	5.468000e-02	4.309640e-01
3.093416e+00	4.074000e-01	4.338235e-01
3.098104e+00	7.852400e-01	4.363263e-01
3.102793e+00	-3.185300e-01	4.269954e-01
3.107481e+00	3.387500e-02	4.297856e-01
3.112169e+00	-2.038900e-01	4.268485e-01
3.116857e+00	-8.156500e-02	4.276115e-01
3.121545e+00	5.849550e-01	4.324159e-01
3.126234e+00	4.947500e-02	4.284710e-01
3.130922e+00	6.677200e-01	4.329827e-01
3.135610e+00	2.968050e-01	4.293522e-01
3.140298e+00	8.402000e-02	4.268636e-01
3.144987e+00	3.362750e-01	4.290861e-01
3.149675e+00	9.548500e-02	4.263590e-01
3.154363e+00	3.255300e-01	4.274324e-01
3.159051e+00	2.605050e-01	4.269436e-01
3.163739e+00	4.367500e-02	4.246713e-01
3.168428e+00	-1.250150e-01	4.230572e-01
3.173116e+00	7.332150e-01	4.297325e-01
3.177804e+00	4.340450e-01	4.268429e-01
3.182492e+00	2.905650e-01	4.258559e-01
3.187181e+00	8.371000e-02	4.233900e-01
3.191869e+00	1.040250e-01	4.228393e-01
3.196557e+00	9.357800e-01	4.293342e-01
3.201245e+00	1.352525e+00	4.330777e-01
3.205934e+00	3.975250e-01	4.246431e-01
3.210622e+00	5.428500e-01	4.256342e-01
3.215310e+00	7.133050e-01	4.267609e-01
3.219998e+00	6.934450e-01	4.256856e-01
3.224686e+00	-6.331500e-02	4.188632e-01
3.229375e+00	-1.588050e-01	4.166099e-01
3.234063e+00	3.968600e-01	4.209090e-01
3.238751e+00	4.437950e-01	4.213840e-01
3.243439e+00	5.102850e-01	4.210587e-01
3.248128e+00	3.932500e-01	4.197320e-01
3.252816e+00	2.827300e-01	4.192555e-01
3.257504e+00	1.734600e-01	4.171773e-01
3.262192e+00	5.014050e-01	4.199840e-01
3.266881e+00	3.071700e-01	4.173647e-01
3.271569e+00	6.432950e-01	4.198903e-01
3.276257e+00	4.396250e-01	4.184902e-01
3.280945e+00	1.246100e-01	4.158996e-01
3.285633e+00	1.702950e-01	4.167094e-01
3.290322e+00	4.479150e-01	4.190017e-01
3.295010e+00	2.866850e-01	4.172296e-01
3.299698e+00	6.813150e-01	4.199302e-01
3.304386e+00	2.165550e-01	4.157835e-01
3.309075e+00	3.367550e-01	4.165790e-01
3.313763e+00	2.189600e-01	4.149256e-01
3.318451e+00	4.748250e-01	4.173599e-01
3.323139e+00	5.628700e-01	4.174916e-01
3.327828e+00	1.572850e-01	4.141515e-01
3.332516e+00	5.294950e-01	4.168013e-01
3.337204e+00	5.651600e-01	4.163893e-01
3.341892e+00	3.997000e-01	4.153785e-01
3.346580e+00	4.551600e-01	4.147050e-01
3.351269e+00	4.154900e-01	4.142067e-01
3.355957e+00	4.835650e-01	4.165695e-01
3.360645e+00	1.116900e-01	4.226112e-01
3.365333e+00	7.990000e-03	4.284613e-01
3.370022e+00	4.416250e-01	4.366314e-01
3.374710e+00	-2.422500e-02	4.342795e-01
3.379398e+00	6.936200e-01	4.418339e-01
3.384086e+00	9.601250e-01	4.455955e-01
3.388774e+00	8.451350e-01	4.449989e-01
3.393463e+00	-9.604500e-02	4.372416e-01
3.398151e+00	2.027000e-02	4.377466e-01
3.402839e+00	4.304950e-01	4.421488e-01
3.407527e+00	4.375850e-01	4.433778e-01
3.412216e+00	6.763500e-02	4.417148e-01
3.416904e+00	-1.372250e-01	4.398051e-01
3.421592e+00	3.900300e-01	4.450565e-01
3.426280e+00	4.414700e-01	4.464992e-01
3.430969e+00	3.715900e-01	4.468225e-01
3.435657e+00	4.672100e-01	4.481794e-01
3.440345e+00	2.367850e-01	4.468223e-01
3.445033e+00	3.172500e-01	4.490357e-01
3.449721e+00	4.003300e-01	4.492564e-01
3.454410e+00	1.937250e-01	4.481020e-01
3.459098e+00	-1.915000e-02	4.471074e-01
3.463786e+00	1.019380e+00	4.565765e-01
3.468474e+00	7.903450e-01	4.553834e-01
3.473163e+00	-1.634500e-02	4.489221e-01
3.477851e+00	7.929800e-01	4.560773e-01
3.482539e+00	6.959800e-01	4.561870e-01
3.487227e+00	-1.440750e-01	4.485033e-01
3.491916e+00	-1.281700e-01	4.504239e-01
3.496604e+00	2.915600e-01	4.544279e-01
3.501292e+00	3.485500e-02	4.518348e-01
3.505980e+00	7.419250e-01	4.587475e-01
3.510668e+00	1.951000e-01	4.548130e-01
3.515357e+00	8.018550e-01	4.607026e-01
3.520045e+00	4.350250e-01	4.574294e-01
3.524733e+00	3.873000e-02	4.543367e-01
3.529421e+00	4.337250e-01	4.581357e-01
3.534110e+00	7.390000e-01	4.610328e-01
3.538798e+00	5.637850e-01	4.602935e-01
3.543486e+00	-5.984500e-02	4.550366e-01
3.548174e+00	-3.811350e-01	4.532593e-01
3.552863e+00	-2.391200e-01	4.550151e-01
3.557551e+00	2.684200e-01	4.603843e-01
3.562239e+00	1.077450e-01	4.586189e-01
3.566927e+00	7.376150e-01	4.642752e-01
3.571615e+00	5.931000e-01	4.631506e-01
3.576304e+00	-1.698700e-01	4.568884e-01
3.580992e+00	-2.363500e-01	4.565118e-01
3.585680e+00	2.499200e-01	4.599736e-01
3.590368e+00	3.969700e-01	4.611451e-01
3.595057e+00	2.898800e-01	4.603784e-01
3.599745e+00	3.864200e-01	4.603029e-01
3.604433e+00	5.017700e-01	4.614551e-01
3.609121e+00	2.340800e-01	4.593411e-01
3.613809e+00	4.922800e-01	4.614093e-01
3.618498e+00	3.680150e-01	4.601200e-01
3.623186e+00	1.509300e-01	4.582135e-01
3.627874e+00	-8.277350e-01	4.498240e-01
3.632562e+00	8.791500e-02	4.588737e-01
3.637251e+00	2.061700e-01	4.608935e-01
3.641939e+00	6.733250e-01	4.650325e-01
3.646627e+00	3.367950e-01	4.616179e-01
3.651315e+00	2.736600e-01	4.614131e-01
3.656004e+00	6.189350e-01	4.662619e-01
3.660692e+00	5.975250e-01	4.750696e-01
3.665380e+00	1.558300e-01	4.864739e-01
3.670068e+00	3.952350e-01	4.965007e-01
3.674756e+00	-1.805000e-02	4.997706e-01
3.679445e+00	4.753850e-01	5.107300e-01
3.684133e+00	8.527750e-01	5.178444e-01
3.688821e+00	4.598000e-01	5.172198e-01
3.693509e+00	1.024755e+00	5.256508e-01
3.698198e+00	1.224210e+00	5.301096e-01
3.702886e+00	8.087000e-01	5.293001e-01
3.707574e+00	2.180750e-01	5.258540e-01
3.712262e+00	-3.477200e-01	5.230701e-01
3.716951e+00	2.639150e-01	5.320106e-01
3.721639e+00	1.882300e-01	5.334285e-01
3.726327e+00	4.548500e-01	5.379802e-01
3.731015e+00	-1.727000e-02	5.349225e-01
3.735703e+00	-1.890300e-01	5.360565e-01
3.740392e+00	7.270000e-02	5.411799e-01
3.745080e+00	3.110500e-02	5.433746e-01
3.749768e+00	-3.242900e-01	5.414371e-01
3.754456e+00	4.251500e-01	5.521487e-01
3.759145e+00	4.702350e-01	5.549345e-01
3.763833e+00	2.134150e-01	5.540429e-01
3.768521e+00	-2.995200e-01	5.497199e-01
3.773209e+00	3.437000e-02	5.564825e-01
3.777897e+00	1.192000e-01	5.594176e-01
3.782586e+00	7.133000e-02	5.616927e-01
3.787274e+00	1.175200e-01	5.645262e-01
3.791962e+00	-2.294800e-01	5.611497e-01
3.796650e+00	5.694500e-02	5.674015e-01
3.801339e+00	8.796800e-01	5.791558e-01
3.806027e+00	1.708050e-01	5.738730e-01
3.810715e+00	7.327000e-02	5.740527e-01
3.815403e+00	1.414400e-01	5.777609e-01
3.820092e+00	-2.947850e-01	5.754818e-01
3.824780e+00	-4.017750e-01	5.742612e-01
3.829468e+00	3.530300e-01	5.866584e-01
3.834156e+00	1.001465e+00	5.949828e-01
3.838844e+00	6.416350e-01	5.934481e-01
3.843533e+00	-2.373850e-01	5.855161e-01
3.848221e+00	9.213800e-01	6.014473e-01
3.852909e+00	8.605500e-01	6.020802e-01
3.857597e+00	8.645000e-01	6.048705e-01
3.862286e+00	8.646850e-01	6.078190e-01
3.866974e+00	-3.702300e-01	5.949689e-01
3.871662e+00	8.123500e-01	6.097122e-01
3.876350e+00	4.115550e-01	6.070310e-01
3.881039e+00	4.472000e-01	6.101651e-01
3.885727e+00	-1.979500e-02	6.066903e-01
3.890415e+00	3.324900e-01	6.126516e-01
3.895103e+00	3.633550e-01	6.157116e-01
3.899791e+00	9.002500e-02	6.137654e-01
3.904480e+00	-8.523000e-02	6.153156e-01
3.909168e+00	4.622550e-01	6.233434e-01
3.913856e+00	-8.797500e-02	6.198238e-01
3.918544e+00	-6.762850e-01	6.149745e-01
3.923233e+00	-7.035000e-01	6.164648e-01
3.927921e+00	2.674000e-01	6.298100e-01
3.932609e+00	4.873000e-01	6.350419e-01
3.937297e+00	6.862500e-01	6.385903e-01
3.941986e+00	-1.734600e-01	6.270358e-01
3.946674e+00	7.266300e-01	6.388030e-01
3.951362e+00	7.901500e-01	6.411464e-01
3.956050e+00	1.214750e-01	6.309005e-01
3.960738e+00	5.194150e-01	6.361422e-01
3.965427e+00	7.983550e-01	6.410241e-01
3.970115e+00	8.108800e-01	6.421327e-01
3.974803e+00	-2.623500e-02	6.348054e-01
3.979491e+00	-1.481300e-01	6.348911e-01
3.984180e+00	9.241000e-02	6.393717e-01
3.988868e+00	6.608100e-01	6.510671e-01
3.993556e+00	-9.935000e-02	6.423915e-01
3.998244e+00	-6.020300e-01	6.363164e-01
4.002932e+00	1.749400e-01	6.492887e-01
4.007621e+00	4.042000e-01	6.554979e-01
4.012309e+00	2.748250e-01	6.541907e-01
4.016997e+00	2.053300e-01	6.550680e-01
4.021685e+00	5.929200e-01	6.625535e-01
4.026374e+00	1.822500e-01	6.609301e-01
4.031062e+00	4.790100e-01	6.661193e-01
4.035750e+00	1.925400e-01	6.664679e-01
4.040438e+00	3.327650e-01	6.706684e-01
4.045127e+00	6.019200e-01	6.750476e-01
4.049815e+00	-5.338500e-02	6.695319e-01
4.054503e+00	8.543500e-02	6.735549e-01
4.059191e+00	-3.332250e-01	6.686756e-01
4.063879e+00	3.161700e-01	6.802948e-01
4.068568e+00	8.496850e-01	6.903566e-01
4.073256e+00	8.511000e-01	6.929693e-01
4.077944e+00	7.191550e-01	6.918627e-01
4.082632e+00	1.344630e+00	7.023673e-01
4.087321e+00	4.524300e-01	6.942457e-01
4.092009e+00	5.597650e-01	6.990303e-01
4.096697e+00	-7.782100e-01	6.834452e-01
4.101385e+00	1.112550e-01	6.955975e-01
4.106074e+00	3.052150e-01	7.024581e-01
4.110762e+00	5.861900e-01	7.079099e-01
4.115450e+00	-4.579700e-01	6.963303e-01
4.120138e+00	4.559250e-01	7.132444e-01
4.124826e+00	3.478250e-01	7.139257e-01
4.129515e+00	5.472300e-01	7.208130e-01
4.134203e+00	1.070680e+00	7.284601e-01
4.138891e+00	9.269000e-01	7.298617e-01
4.143579e+00	-1.327850e-01	7.168101e-01
4.148268e+00	1.000100e-01	7.241139e-01
4.152956e+00	-3.935000e-03	7.249539e-01
4.157644e+00	5.724950e-01	7.331571e-01
4.162332e+00	6.729050e-01	7.393618e-01
4.167021e+00	7.476800e-01	7.435943e-01
4.171709e+00	4.827150e-01	7.407812e-01
4.176397e+00	-5.834800e-01	7.287033e-01
4.181085e+00	5.506050e-01	7.473729e-01
4.185773e+00	6.571600e-01	7.515647e-01
4.190462e+00	6.846750e-01	7.565744e-01
4.195150e+00	1.018400e+00	7.654889e-01
4.199838e+00	9.012550e-01	7.649388e-01
4.204526e+00	1.199330e+00	7.713549e-01
4.209215e+00	-4.209700e-01	7.514782e-01
4.213903e+00	-1.055500e-01	7.587947e-01
4.218591e+00	-5.531450e-01	7.545057e-01
4.223279e+00	4.910250e-01	7.751443e-01
4.227967e+00	-6.938500e-02	7.680637e-01
4.232656e+00	5.189900e-01	7.813787e-01
4.237344e+00	7.243350e-01	7.868297e-01
4.242032e+00	3.195500e-01	7.829705e-01
4.246720e+00	4.487350e-01	7.876685e-01
4.251409e+00	2.659250e-01	7.894340e-01
4.256097e+00	-1.062395e+00	7.749463e-01
4.260785e+00	9.906000e-02	7.944363e-01
4.265473e+00	3.835050e-01	8.009283e-01
4.270162e+00	5.314650e-01	8.072198e-01
4.274850e+00	2.030000e-03	8.058153e-01
4.279538e+00	-6.021000e-01	8.002492e-01
4.284226e+00	1.634100e-01	8.123989e-01
4.288914e+00	3.263250e-01	8.184570e-01
4.293603e+00	1.177675e+00	8.331666e-01
4.298291e+00	2.297020e+00	8.547274e-01
4.302979e+00	1.836345e+00	8.499014e-01
4.307667e+00	7.528300e-01	8.377928e-01
4.312356e+00	-5.274550e-01	8.182690e-01
4.317044e+00	-7.023150e-01	8.208392e-01
4.321732e+00	3.269000e-02	8.344885e-01
4.326420e+00	4.515950e-01	8.478987e-01
4.331109e+00	5.410000e-03	8.449919e-01
4.335797e+00	-1.565340e+00	8.182674e-01
4.340485e+00	-1.148390e+00	8.323419e-01
4.345173e+00	7.875500e-01	8.677784e-01
4.349861e+00	5.267000e-01	8.693839e-01
4.354550e+00	1.904070e+00	8.967158e-01
4.359238e+00	1.702565e+00	8.953007e-01
4.363926e+00	3.666950e-01	8.773319e-01
4.368614e+00	6.627500e-02	8.778283e-01
4.373303e+00	1.052945e+00	8.978329e-01
4.377991e+00	6.935850e-01	8.964495e-01
4.382679e+00	8.209950e-01	9.006337e-01
4.387367e+00	-3.129200e-01	8.842151e-01
4.392056e+00	-1.141650e-01	8.937211e-01
4.396744e+00	-3.361600e-01	8.946383e-01
4.401432e+00	-4.031900e-01	8.979181e-01
4.406120e+00	2.247500e-02	9.073700e-01
4.410808e+00	4.653600e-01	9.178765e-01
4.415497e+00	1.508845e+00	9.364239e-01
4.420185e+00	1.238510e+00	9.305026e-01
4.424873e+00	-6.393700e-01	8.965628e-01
4.429561e+00	-4.633400e-01	9.027485e-01
4.434250e+00	-6.425050e-01	9.012878e-01
4.438938e+00	6.126250e-01	9.234486e-01
4.443626e+00	9.839550e-01	9.319376e-01
4.448314e+00	4.185300e-01	9.235105e-01
4.453002e+00	3.448750e-01	9.265872e-01
4.457691e+00	6.498450e-01	9.377445e-01
4.462379e+00	-6.956650e-01	9.182692e-01
4.467067e+00	2.649650e-01	9.384349e-01
4.471755e+00	3.866150e-01	9.470597e-01
4.476444e+00	-2.913150e-01	9.395212e-01
4.481132e+00	-2.207500e-02	9.507692e-01
4.485820e+00	3.728500e-01	9.635423e-01
4.490508e+00	4.247200e-01	9.679153e-01
4.495197e+00	3.937350e-01	9.705630e-01
4.499885e+00	4.287250e-01	9.790965e-01
4.504573e+00	1.389650e-01	9.772465e-01
4.509261e+00	1.018300e+00	1.000389e+00
4.513949e+00	1.221725e+00	1.010988e+00
4.518638e+00	1.539395e+00	1.022505e+00
4.523326e+00	6.376700e-01	1.009283e+00
4.528014e+00	2.393900e-01	1.004035e+00
4.532702e+00	-1.680005e+00	9.774387e-01
4.537391e+00	-4.413150e-01	1.007324e+00
4.542079e+00	-9.050000e-04	1.023042e+00
4.546767e+00	-5.208150e-01	1.015039e+00
4.551455e+00	-8.565050e-01	1.018005e+00
4.556144e+00	-3.076950e-01	1.036111e+00
4.560832e+00	1.005245e+00	1.067001e+00
4.565520e+00	2.015000e-03	1.054342e+00
4.570208e+00	1.232520e+00	1.087745e+00
4.574896e+00	1.503735e+00	1.097933e+00
4.579585e+00	-7.009350e-01	1.060913e+00
4.584273e+00	-5.013000e-01	1.074241e+00
4.588961e+00	7.805250e-01	1.110388e+00
4.593649e+00	9.041550e-01	1.116012e+00
4.598338e+00	-2.128375e+00	1.055951e+00
4.603026e+00	-7.835550e-01	1.095435e+00
4.607714e+00	6.876000e-02	1.125065e+00
4.612402e+00	-1.234650e-01	1.125353e+00
4.617091e+00	1.347450e+00	1.164279e+00
4.621779e+00	1.488200e-01	1.145170e+00
4.626467e+00	-1.581000e-02	1.152906e+00
4.631155e+00	1.390250e-01	1.165156e+00
4.635843e+00	-1.692600e-01	1.160939e+00
4.640532e+00	-2.398350e-01	1.171960e+00
4.645220e+00	-2.970500e-02	1.189070e+00
4.649908e+00	2.233650e-01	1.205804e+00
4.654596e+00	2.209015e+00	1.259979e+00
4.659285e+00	7.942550e-01	1.237061e+00
4.663973e+00	-1.885090e+00	1.179937e+00
4.668661e+00	-7.349700e-01	1.219327e+00
4.673349e+00	3.303500e-01	1.255961e+00
4.678037e+00	1.366615e+00	1.293869e+00
4.682726e+00	6.011500e-01	1.282854e+00
4.687414e+00	3.252500e-02	1.281054e+00
4.692102e+00	1.916205e+00	1.338153e+00
4.696790e+00	9.416450e-01	1.329441e+00
4.701479e+00	3.795850e-01	1.327940e+00
4.706167e+00	-6.768100e-01	1.311190e+00
4.710855e+00	-4.007400e-01	1.326005e+00
4.715543e+00	4.190650e-01	1.363388e+00
4.720232e+00	3.997700e-01	1.379597e+00
4.724920e+00	-1.201810e+00	1.347023e+00
4.729608e+00	1.777500e-01	1.401347e+00
4.734296e+00	-1.171605e+00	1.374734e+00
4.738984e+00	3.100050e-01	1.432807e+00
4.743673e+00	-4.876400e-01	1.427787e+00
4.748361e+00	-7.790100e-01	1.431759e+00
4.753049e+00	-1.351835e+00	1.425835e+00
4.757737e+00	-1.993600e-01	1.489216e+00
4.762426e+00	3.253565e+00	1.605116e+00
4.767114e+00	1.768820e+00	1.583555e+00
4.771802e+00	1.187055e+00	1.583659e+00
4.776490e+00	2.705490e+00	1.640736e+00
4.781179e+00	1.424450e-01	1.595151e+00
4.785867e+00	-1.233265e+00	1.572433e+00
4.790555e+00	-1.518640e+00	1.584203e+00
4.795243e+00	1.184240e+00	1.693205e+00
4.799931e+00	9.892000e-02	1.687913e+00
4.804620e+00	1.513360e+00	1.752168e+00
4.809308e+00	-1.744000e-02	1.734910e+00
4.813996e+00	-1.944070e+00	1.695981e+00
4.818684e+00	-2.137010e+00	1.714089e+00
4.823373e+00	2.005200e+00	1.887428e+00
4.828061e+00	2.978500e+00	1.953900e+00
4.832749e+00	-9.402100e-01	1.854495e+00
4.837437e+00	3.140550e-01	1.946282e+00
4.842125e+00	7.850150e-01	2.000437e+00
4.846814e+00	-1.096865e+00	1.962288e+00
4.851502e+00	-1.820820e+00	1.978866e+00
4.856190e+00	-2.306140e+00	1.988642e+00
4.860878e+00	-1.219800e-01	2.129338e+00
4.865567e+00	2.487675e+00	2.301900e+00
4.870255e+00	7.205050e-01	2.274419e+00
4.874943e+00	1.520400e+00	2.376306e+00
4.879631e+00	-1.317750e+00	2.310154e+00
4.884320e+00	-2.737675e+00	2.314800e+00
4.889008e+00	1.690415e+00	2.610462e+00
4.893696e+00	-1.663525e+00	2.534184e+00
4.898384e+00	-4.662810e+00	2.469950e+00
4.903072e+00	-3.020420e+00	2.668331e+00
4.907761e+00	-2.928250e-01	2.956201e+00
4.912449e+00	6.261500e+00	4.637108e+00
4.917137e+00	3.345605e+00	1.269665e+01
