# Sample description: GI
# Parent(s): ../20151214/GI_no_protection/1d/GI_np_030_00083.dat
# No protection
3.200246e-02	3.281570e+01	2.046419e+01
3.669069e-02	2.997820e+01	1.555897e+01
4.137892e-02	1.482553e+02	1.469270e+01
4.606715e-02	1.918261e+02	1.177108e+01
5.075538e-02	2.020099e+02	9.354120e+00
5.544361e-02	1.898720e+02	7.711843e+00
6.013183e-02	1.873417e+02	6.766285e+00
6.482006e-02	1.814874e+02	6.053171e+00
6.950829e-02	1.790163e+02	5.503706e+00
7.419652e-02	1.762612e+02	5.054091e+00
7.888475e-02	1.650481e+02	4.652958e+00
8.357298e-02	1.688859e+02	4.438357e+00
8.826121e-02	1.611988e+02	4.162728e+00
9.294944e-02	1.559370e+02	3.932997e+00
9.763767e-02	1.543057e+02	3.758718e+00
1.023259e-01	1.529341e+02	3.615215e+00
1.070141e-01	1.519450e+02	3.493936e+00
1.117024e-01	1.509115e+02	3.381250e+00
1.163906e-01	1.486878e+02	3.261877e+00
1.210788e-01	1.440201e+02	3.142328e+00
1.257670e-01	1.478869e+02	3.098234e+00
1.304553e-01	1.457716e+02	3.013755e+00
1.351435e-01	1.452357e+02	2.941590e+00
1.398317e-01	1.454236e+02	2.882416e+00
1.445200e-01	1.417860e+02	2.795568e+00
1.492082e-01	1.403247e+02	2.733173e+00
1.538964e-01	1.433675e+02	2.703412e+00
1.585846e-01	1.408976e+02	2.635173e+00
1.632729e-01	1.374126e+02	2.565854e+00
1.679611e-01	1.372980e+02	2.525242e+00
1.726493e-01	1.373714e+02	2.484938e+00
1.773376e-01	1.370779e+02	2.441612e+00
1.820258e-01	1.343497e+02	2.387676e+00
1.867140e-01	1.323667e+02	2.341827e+00
1.914022e-01	1.345165e+02	2.325351e+00
1.960905e-01	1.317908e+02	2.271579e+00
2.007787e-01	1.286868e+02	2.223875e+00
2.054669e-01	1.282016e+02	2.193740e+00
2.101552e-01	1.277806e+02	2.164818e+00
2.148434e-01	1.303811e+02	2.154218e+00
2.195316e-01	1.260065e+02	2.099192e+00
2.242199e-01	1.249060e+02	2.068227e+00
2.289081e-01	1.244542e+02	2.043407e+00
2.335963e-01	1.205248e+02	1.994573e+00
2.382845e-01	1.223141e+02	1.984125e+00
2.429728e-01	1.210727e+02	1.955688e+00
2.476610e-01	1.183119e+02	1.918818e+00
2.523492e-01	1.166090e+02	1.888163e+00
2.570375e-01	1.167491e+02	1.868794e+00
2.617257e-01	1.156711e+02	1.844501e+00
2.664139e-01	1.149809e+02	1.823256e+00
2.711021e-01	1.128073e+02	1.793198e+00
2.757904e-01	1.131643e+02	1.778259e+00
2.804786e-01	1.131583e+02	1.763995e+00
2.851668e-01	1.114819e+02	1.738729e+00
2.898551e-01	1.114276e+02	1.723021e+00
2.945433e-01	1.071550e+02	1.682493e+00
2.992315e-01	1.071242e+02	1.706363e+00
3.039197e-01	1.049899e+02	1.705278e+00
3.086080e-01	1.023781e+02	1.694111e+00
3.132962e-01	9.955125e+01	1.674814e+00
3.179844e-01	9.784771e+01	1.662985e+00
3.226727e-01	9.684548e+01	1.656626e+00
3.273609e-01	9.730384e+01	1.657183e+00
3.320491e-01	9.775538e+01	1.656548e+00
3.367374e-01	9.713846e+01	1.648934e+00
3.414256e-01	9.212239e+01	1.611492e+00
3.461138e-01	8.953823e+01	1.591015e+00
3.508020e-01	8.886469e+01	1.581830e+00
3.554903e-01	8.858843e+01	1.573825e+00
3.601785e-01	8.784704e+01	1.565788e+00
3.648667e-01	8.614486e+01	1.565614e+00
3.695550e-01	8.506734e+01	1.592986e+00
3.742432e-01	8.423893e+01	1.605631e+00
3.789314e-01	8.287588e+01	1.610159e+00
3.836196e-01	8.226684e+01	1.615049e+00
3.883079e-01	8.184227e+01	1.621612e+00
3.929961e-01	7.998400e+01	1.622413e+00
3.976843e-01	7.905130e+01	1.636081e+00
4.023726e-01	7.662136e+01	1.633964e+00
4.070608e-01	7.516972e+01	1.629037e+00
4.117490e-01	7.554783e+01	1.635390e+00
4.164372e-01	7.296514e+01	1.616215e+00
4.211255e-01	7.311144e+01	1.620961e+00
4.258137e-01	7.091656e+01	1.604166e+00
4.305019e-01	6.788746e+01	1.578336e+00
4.351902e-01	6.760912e+01	1.572515e+00
4.398784e-01	6.817895e+01	1.575001e+00
4.445666e-01	6.688289e+01	1.584063e+00
4.492548e-01	6.541997e+01	1.624022e+00
4.539431e-01	6.385067e+01	1.639658e+00
4.586313e-01	6.454977e+01	1.669501e+00
4.633195e-01	6.457113e+01	1.693088e+00
4.680078e-01	6.174630e+01	1.684647e+00
4.726960e-01	5.758526e+01	1.663755e+00
4.773842e-01	5.855220e+01	1.689130e+00
4.820725e-01	5.622842e+01	1.683058e+00
4.867607e-01	5.559144e+01	1.693470e+00
4.914489e-01	5.659504e+01	1.715719e+00
4.961371e-01	5.511727e+01	1.717271e+00
5.008254e-01	5.432095e+01	1.721448e+00
5.055136e-01	5.192691e+01	1.711061e+00
5.102018e-01	5.120928e+01	1.665394e+00
5.148901e-01	4.788981e+01	1.571410e+00
5.195783e-01	4.818062e+01	1.548753e+00
5.242665e-01	4.742660e+01	1.521837e+00
5.289547e-01	4.870206e+01	1.520664e+00
5.336430e-01	4.845877e+01	1.504253e+00
5.383312e-01	4.787261e+01	1.485011e+00
5.430194e-01	4.660146e+01	1.465669e+00
5.477077e-01	4.324126e+01	1.423035e+00
5.523959e-01	4.219224e+01	1.403584e+00
5.570841e-01	4.252475e+01	1.400280e+00
5.617723e-01	4.241609e+01	1.393545e+00
5.664606e-01	4.233760e+01	1.386183e+00
5.711488e-01	3.797714e+01	1.336312e+00
5.758370e-01	3.675997e+01	1.315963e+00
5.805253e-01	3.811614e+01	1.322743e+00
5.852135e-01	3.775791e+01	1.307625e+00
5.899017e-01	3.549034e+01	1.277005e+00
5.945900e-01	3.598244e+01	1.273407e+00
5.992782e-01	3.470879e+01	1.250586e+00
6.039664e-01	3.440642e+01	1.241140e+00
6.086546e-01	3.539191e+01	1.243190e+00
6.133429e-01	3.405315e+01	1.221063e+00
6.180311e-01	3.108442e+01	1.185547e+00
6.227193e-01	3.049885e+01	1.171024e+00
6.274076e-01	3.165822e+01	1.179034e+00
6.320958e-01	3.008864e+01	1.158742e+00
6.367840e-01	2.949793e+01	1.149820e+00
6.414722e-01	2.864338e+01	1.137405e+00
6.461605e-01	2.745247e+01	1.122521e+00
6.508487e-01	2.633295e+01	1.109822e+00
6.555369e-01	2.759141e+01	1.117692e+00
6.602252e-01	2.634336e+01	1.103378e+00
6.649134e-01	2.648765e+01	1.102390e+00
6.696016e-01	2.670080e+01	1.101268e+00
6.742898e-01	2.633220e+01	1.094072e+00
6.789781e-01	2.437326e+01	1.073271e+00
6.836663e-01	2.301311e+01	1.056453e+00
6.883545e-01	2.331439e+01	1.056494e+00
6.930428e-01	2.351463e+01	1.056401e+00
6.977310e-01	2.176351e+01	1.034973e+00
7.024192e-01	2.016146e+01	1.015238e+00
7.071074e-01	1.893362e+01	9.998406e-01
7.117957e-01	1.917189e+01	1.000683e+00
7.164839e-01	1.999628e+01	1.006807e+00
7.211721e-01	1.922160e+01	9.964192e-01
7.258604e-01	1.937433e+01	9.952698e-01
7.305486e-01	1.848572e+01	9.841662e-01
7.352368e-01	1.747343e+01	9.709169e-01
7.399251e-01	1.686047e+01	9.611311e-01
7.446133e-01	1.631295e+01	9.533882e-01
7.493015e-01	1.725161e+01	9.637253e-01
7.539897e-01	1.749692e+01	9.617578e-01
7.586780e-01	1.616223e+01	9.457608e-01
7.633662e-01	1.523992e+01	9.345015e-01
7.680544e-01	1.500580e+01	9.294654e-01
7.727427e-01	1.486071e+01	9.247082e-01
7.774309e-01	1.407816e+01	9.152540e-01
7.821191e-01	1.325702e+01	9.042331e-01
7.868073e-01	1.291043e+01	8.968570e-01
7.914956e-01	1.405778e+01	9.090045e-01
7.961838e-01	1.326436e+01	8.978455e-01
8.008720e-01	1.228268e+01	8.856024e-01
8.055603e-01	1.296254e+01	8.918164e-01
8.102485e-01	1.261732e+01	8.875165e-01
8.149367e-01	1.211323e+01	8.781478e-01
8.196249e-01	1.080698e+01	8.605376e-01
8.243132e-01	1.172178e+01	8.692941e-01
8.290014e-01	1.190077e+01	8.702167e-01
8.336896e-01	1.066771e+01	8.550199e-01
8.383779e-01	1.132605e+01	8.600208e-01
8.430661e-01	1.039121e+01	8.483886e-01
8.477543e-01	8.857610e+00	8.305942e-01
8.524425e-01	9.540665e+00	8.360879e-01
8.571308e-01	1.117247e+01	8.543592e-01
8.618190e-01	1.097766e+01	8.479591e-01
8.665072e-01	8.749740e+00	8.198243e-01
8.711955e-01	7.540290e+00	8.038738e-01
8.758837e-01	8.236005e+00	8.114685e-01
8.805719e-01	6.783090e+00	7.931139e-01
8.852602e-01	6.341840e+00	7.875130e-01
8.899484e-01	7.447760e+00	7.978578e-01
8.946366e-01	6.974345e+00	7.907658e-01
8.993248e-01	7.585655e+00	7.966273e-01
9.040131e-01	7.039365e+00	7.893600e-01
9.087013e-01	7.374835e+00	7.917312e-01
9.133895e-01	6.107140e+00	7.740879e-01
9.180778e-01	7.280865e+00	7.848680e-01
9.227660e-01	7.330600e+00	7.838806e-01
9.274542e-01	5.365860e+00	7.610414e-01
9.321424e-01	6.321410e+00	7.692703e-01
9.368307e-01	6.243295e+00	7.685941e-01
9.415189e-01	6.025425e+00	7.645581e-01
9.462071e-01	5.139370e+00	7.537676e-01
9.508954e-01	4.882655e+00	7.468810e-01
9.555836e-01	5.710365e+00	7.561115e-01
9.602718e-01	5.645560e+00	7.562382e-01
9.649600e-01	5.241655e+00	7.485603e-01
9.696483e-01	5.701345e+00	7.521454e-01
9.743365e-01	5.856195e+00	7.539736e-01
9.790247e-01	6.114025e+00	7.542059e-01
9.837130e-01	5.262265e+00	7.434397e-01
9.884012e-01	4.856785e+00	7.367378e-01
9.930894e-01	5.213090e+00	7.399599e-01
9.977777e-01	5.826775e+00	7.454828e-01
1.002466e+00	4.032295e+00	7.243011e-01
1.007154e+00	4.666510e+00	7.289092e-01
1.011842e+00	4.439415e+00	7.248150e-01
1.016531e+00	3.903740e+00	7.189203e-01
1.021219e+00	4.292320e+00	7.216942e-01
1.025907e+00	4.850895e+00	7.269323e-01
1.030595e+00	3.384950e+00	7.084377e-01
1.035283e+00	3.518180e+00	7.087310e-01
1.039972e+00	4.232940e+00	7.168590e-01
1.044660e+00	4.879055e+00	7.241813e-01
1.049348e+00	4.375470e+00	7.157373e-01
1.054036e+00	3.496335e+00	7.038789e-01
1.058725e+00	3.284705e+00	6.993413e-01
1.063413e+00	3.513030e+00	7.020310e-01
1.068101e+00	3.226010e+00	6.977169e-01
1.072789e+00	4.244075e+00	7.080372e-01
1.077478e+00	3.748765e+00	7.010500e-01
1.082166e+00	3.745355e+00	6.999408e-01
1.086854e+00	4.033830e+00	7.025430e-01
1.091542e+00	4.307375e+00	7.030861e-01
1.096230e+00	2.720955e+00	6.831610e-01
1.100919e+00	2.795915e+00	6.836813e-01
1.105607e+00	3.056115e+00	6.862971e-01
1.110295e+00	3.323830e+00	6.880432e-01
1.114983e+00	3.426240e+00	6.878832e-01
1.119672e+00	3.260645e+00	6.851859e-01
1.124360e+00	3.800365e+00	6.907052e-01
1.129048e+00	3.871510e+00	6.895907e-01
1.133736e+00	3.120370e+00	6.790612e-01
1.138425e+00	2.755135e+00	6.749755e-01
1.143113e+00	3.219125e+00	6.780405e-01
1.147801e+00	3.873605e+00	6.859847e-01
1.152489e+00	3.402325e+00	6.784447e-01
1.157177e+00	2.518515e+00	6.663655e-01
1.161866e+00	2.570430e+00	6.671175e-01
1.166554e+00	2.000850e+00	6.586061e-01
1.171242e+00	2.684165e+00	6.666314e-01
1.175930e+00	1.770620e+00	6.542460e-01
1.180619e+00	2.659340e+00	6.636190e-01
1.185307e+00	1.862140e+00	6.535151e-01
1.189995e+00	2.804470e+00	6.640490e-01
1.194683e+00	3.107900e+00	6.660386e-01
1.199372e+00	1.735880e+00	6.495190e-01
1.204060e+00	2.068545e+00	6.527045e-01
1.208748e+00	2.640215e+00	6.598291e-01
1.213436e+00	1.989710e+00	6.498418e-01
1.218124e+00	2.015705e+00	6.483862e-01
1.222813e+00	1.893470e+00	6.469619e-01
1.227501e+00	2.152495e+00	6.489663e-01
1.232189e+00	2.003075e+00	6.467182e-01
1.236877e+00	2.344595e+00	6.482258e-01
1.241566e+00	2.071625e+00	6.439010e-01
1.246254e+00	2.933985e+00	6.550696e-01
1.250942e+00	2.381500e+00	6.629831e-01
1.255630e+00	2.504890e+00	6.827724e-01
1.260318e+00	3.223390e+00	7.021507e-01
1.265007e+00	2.635220e+00	7.031687e-01
1.269695e+00	2.803700e+00	7.132774e-01
1.274383e+00	1.989935e+00	7.105854e-01
1.279071e+00	2.070325e+00	7.199575e-01
1.283760e+00	1.664995e+00	7.197628e-01
1.288448e+00	2.626705e+00	7.378745e-01
1.293136e+00	1.715935e+00	7.310371e-01
1.297824e+00	2.646430e+00	7.490354e-01
1.302513e+00	2.467190e+00	7.521400e-01
1.307201e+00	1.830460e+00	7.457900e-01
1.311889e+00	1.785225e+00	7.437510e-01
1.316577e+00	2.456545e+00	7.283433e-01
1.321265e+00	1.456350e+00	6.970512e-01
1.325954e+00	1.559525e+00	6.860389e-01
1.330642e+00	2.738790e+00	6.911861e-01
1.335330e+00	2.067005e+00	6.740583e-01
1.340018e+00	1.384995e+00	6.604169e-01
1.344707e+00	1.527905e+00	6.576213e-01
1.349395e+00	1.854140e+00	6.557723e-01
1.354083e+00	1.678740e+00	6.481888e-01
1.358771e+00	2.210410e+00	6.501534e-01
1.363460e+00	1.662480e+00	6.411260e-01
1.368148e+00	2.027520e+00	6.431296e-01
1.372836e+00	1.727760e+00	6.363553e-01
1.377524e+00	2.198790e+00	6.408858e-01
1.382212e+00	1.969925e+00	6.374192e-01
1.386901e+00	2.143610e+00	6.379214e-01
1.391589e+00	2.758400e+00	6.432041e-01
1.396277e+00	1.289735e+00	6.257944e-01
1.400965e+00	1.228415e+00	6.240582e-01
1.405654e+00	1.899280e+00	6.307333e-01
1.410342e+00	2.159525e+00	6.321701e-01
1.415030e+00	2.261565e+00	6.322232e-01
1.419718e+00	2.842030e+00	6.382330e-01
1.424406e+00	2.197995e+00	6.285083e-01
1.429095e+00	2.300995e+00	6.280290e-01
1.433783e+00	2.975535e+00	6.350978e-01
1.438471e+00	2.246280e+00	6.263907e-01
1.443159e+00	2.299780e+00	6.251747e-01
1.447848e+00	2.150615e+00	6.221660e-01
1.452536e+00	1.356830e+00	6.128709e-01
1.457224e+00	2.324140e+00	6.221462e-01
1.461912e+00	1.963515e+00	6.181568e-01
1.466601e+00	9.894100e-01	6.049328e-01
1.471289e+00	1.230890e+00	6.069595e-01
1.475977e+00	1.331855e+00	6.079669e-01
1.480665e+00	2.251910e+00	6.168818e-01
1.485353e+00	2.550105e+00	6.304284e-01
1.490042e+00	1.843955e+00	6.414124e-01
1.494730e+00	1.105475e+00	6.433876e-01
1.499418e+00	1.100445e+00	6.500566e-01
1.504106e+00	1.871400e+00	6.672641e-01
1.508795e+00	1.816850e+00	6.731426e-01
1.513483e+00	2.367310e+00	6.659668e-01
1.518171e+00	2.081505e+00	6.473072e-01
1.522859e+00	1.514440e+00	6.290965e-01
1.527548e+00	1.640595e+00	6.249571e-01
1.532236e+00	1.394470e+00	6.166578e-01
1.536924e+00	2.018855e+00	6.188411e-01
1.541612e+00	1.344280e+00	6.072585e-01
1.546300e+00	1.396450e-01	5.929773e-01
1.550989e+00	-5.981100e-01	5.827351e-01
1.555677e+00	6.906450e-01	5.943310e-01
1.560365e+00	1.218395e+00	5.957208e-01
1.565053e+00	1.051320e+00	5.923169e-01
1.569742e+00	4.109250e-01	5.822072e-01
1.574430e+00	1.615925e+00	5.938921e-01
1.579118e+00	1.523480e+00	5.934811e-01
1.583806e+00	1.502635e+00	5.939514e-01
1.588495e+00	1.207385e+00	5.919330e-01
1.593183e+00	1.426030e+00	5.946438e-01
1.597871e+00	1.514330e+00	5.943556e-01
1.602559e+00	1.189540e+00	5.903266e-01
1.607247e+00	1.257135e+00	5.901478e-01
1.611936e+00	1.636155e+00	5.933503e-01
1.616624e+00	1.738700e+00	5.921359e-01
1.621312e+00	1.537245e+00	5.900157e-01
1.626000e+00	1.078230e+00	5.838371e-01
1.630689e+00	6.361350e-01	5.794524e-01
1.635377e+00	7.740200e-01	5.786317e-01
1.640065e+00	9.605550e-01	5.794494e-01
1.644753e+00	7.449350e-01	5.776358e-01
1.649441e+00	1.228890e+00	5.823201e-01
1.654130e+00	1.723525e+00	5.861340e-01
1.658818e+00	1.474885e+00	5.832919e-01
1.663506e+00	7.161850e-01	5.736365e-01
1.668194e+00	7.861150e-01	5.732288e-01
1.672883e+00	8.629700e-01	5.736998e-01
1.677571e+00	1.726045e+00	5.813516e-01
1.682259e+00	8.182500e-01	5.722924e-01
1.686947e+00	5.940650e-01	5.670741e-01
1.691636e+00	1.114760e+00	5.724910e-01
1.696324e+00	1.462735e+00	5.756050e-01
1.701012e+00	2.716635e+00	5.865547e-01
1.705700e+00	1.731785e+00	5.773555e-01
1.710388e+00	9.905600e-01	5.684288e-01
1.715077e+00	1.221815e+00	5.696894e-01
1.719765e+00	5.974500e-01	5.622684e-01
1.724453e+00	1.532035e+00	5.721953e-01
1.729141e+00	6.708100e-01	5.623059e-01
1.733830e+00	7.563600e-01	5.607575e-01
1.738518e+00	6.255100e-01	5.592349e-01
1.743206e+00	9.747700e-01	5.627995e-01
1.747894e+00	1.005295e+00	5.626522e-01
1.752583e+00	1.372685e+00	5.659848e-01
1.757271e+00	4.252750e-01	5.544920e-01
1.761959e+00	5.490150e-01	5.561331e-01
1.766647e+00	6.940400e-01	5.565078e-01
1.771335e+00	1.558175e+00	5.644991e-01
1.776024e+00	1.818455e+00	5.667298e-01
1.780712e+00	4.590950e-01	5.530242e-01
1.785400e+00	1.764215e+00	5.641747e-01
1.790088e+00	1.502240e+00	5.601120e-01
1.794777e+00	8.778900e-01	5.549334e-01
1.799465e+00	8.092000e-01	5.526417e-01
1.804153e+00	1.084205e+00	5.543785e-01
1.808841e+00	9.510150e-01	5.524750e-01
1.813530e+00	3.417950e-01	5.452205e-01
1.818218e+00	-4.760000e-02	5.404243e-01
1.822906e+00	1.025805e+00	5.519614e-01
1.827594e+00	3.568700e-01	5.440659e-01
1.832282e+00	1.558920e+00	5.542121e-01
1.836971e+00	1.098570e+00	5.504985e-01
1.841659e+00	9.464550e-01	5.477889e-01
1.846347e+00	9.794150e-01	5.478577e-01
1.851035e+00	-3.612900e-01	5.320439e-01
1.855724e+00	8.969150e-01	5.453778e-01
1.860412e+00	8.729750e-01	5.448645e-01
1.865100e+00	5.495100e-01	5.405255e-01
1.869788e+00	6.046150e-01	5.402215e-01
1.874476e+00	7.807450e-01	5.426156e-01
1.879165e+00	8.841900e-01	5.419542e-01
1.883853e+00	1.585760e+00	5.480149e-01
1.888541e+00	8.900500e-01	5.400511e-01
1.893229e+00	6.183050e-01	5.376780e-01
1.897918e+00	1.306680e+00	5.441388e-01
1.902606e+00	5.221650e-01	5.352905e-01
1.907294e+00	1.126290e+00	5.408805e-01
1.911982e+00	1.286950e-01	5.294354e-01
1.916671e+00	1.192765e+00	5.398456e-01
1.921359e+00	1.542225e+00	5.427693e-01
1.926047e+00	6.323050e-01	5.337768e-01
1.930735e+00	6.245450e-01	5.322440e-01
1.935423e+00	7.148250e-01	5.321536e-01
1.940112e+00	9.466350e-01	5.329346e-01
1.944800e+00	1.184720e+00	5.353512e-01
1.949488e+00	6.780200e-01	5.290166e-01
1.954176e+00	6.174300e-01	5.278896e-01
1.958865e+00	9.270150e-01	5.281290e-01
1.963553e+00	6.946700e-01	5.261728e-01
1.968241e+00	1.119510e+00	5.290355e-01
1.972929e+00	5.901900e-01	5.237160e-01
1.977618e+00	3.438500e-02	5.173797e-01
1.982306e+00	6.252500e-01	5.224395e-01
1.986994e+00	6.784300e-01	5.229125e-01
1.991682e+00	7.367150e-01	5.238729e-01
1.996370e+00	4.863150e-01	5.202398e-01
2.001059e+00	2.724650e-01	5.203953e-01
2.005747e+00	2.384050e-01	5.189348e-01
2.010435e+00	3.244350e-01	5.190768e-01
2.015123e+00	2.042850e-01	5.175557e-01
2.019812e+00	4.460250e-01	5.195848e-01
2.024500e+00	6.577700e-01	5.211458e-01
2.029188e+00	1.051230e+00	5.242213e-01
2.033876e+00	6.062200e-01	5.189395e-01
2.038565e+00	8.013500e-01	5.193044e-01
2.043253e+00	2.996050e-01	5.149140e-01
2.047941e+00	6.099650e-01	5.184984e-01
2.052629e+00	1.426520e+00	5.287775e-01
2.057317e+00	1.636635e+00	5.455419e-01
2.062006e+00	8.360100e-01	5.465826e-01
2.066694e+00	1.029330e+00	5.557199e-01
2.071382e+00	6.604950e-01	5.569213e-01
2.076070e+00	3.013800e-01	5.591101e-01
2.080759e+00	7.164000e-01	5.685433e-01
2.085447e+00	1.574780e+00	5.809752e-01
2.090135e+00	-1.170000e-02	5.662720e-01
2.094823e+00	9.136850e-01	5.779700e-01
2.099511e+00	7.423900e-01	5.782108e-01
2.104200e+00	9.346900e-01	5.813212e-01
2.108888e+00	1.153230e+00	5.846661e-01
2.113576e+00	1.240440e+00	5.871273e-01
2.118264e+00	9.701200e-01	5.783141e-01
2.122953e+00	7.076800e-01	5.596591e-01
2.127641e+00	5.976200e-01	5.475520e-01
2.132329e+00	4.534450e-01	5.409085e-01
2.137017e+00	7.035500e-02	5.309689e-01
2.141706e+00	1.630165e+00	5.418445e-01
2.146394e+00	1.248685e+00	5.342896e-01
2.151082e+00	1.635665e+00	5.348897e-01
2.155770e+00	1.359610e+00	5.299229e-01
2.160458e+00	6.288450e-01	5.221954e-01
2.165147e+00	2.603600e-01	5.174547e-01
2.169835e+00	3.360000e-02	5.135283e-01
2.174523e+00	5.589000e-02	5.127859e-01
2.179211e+00	4.496650e-01	5.160256e-01
2.183900e+00	8.426150e-01	5.190847e-01
2.188588e+00	8.983400e-01	5.185377e-01
2.193276e+00	2.696500e-01	5.114541e-01
2.197964e+00	2.010450e-01	5.094278e-01
2.202653e+00	2.744750e-01	5.099618e-01
2.207341e+00	2.709550e-01	5.092656e-01
2.212029e+00	1.446930e+00	5.197066e-01
2.216717e+00	6.925400e-01	5.114256e-01
2.221405e+00	7.915700e-01	5.123663e-01
2.226094e+00	9.086100e-01	5.122329e-01
2.230782e+00	1.071245e+00	5.125260e-01
2.235470e+00	1.123770e+00	5.126787e-01
2.240158e+00	5.822000e-01	5.071900e-01
2.244847e+00	5.688600e-01	5.062415e-01
2.249535e+00	7.990800e-01	5.073774e-01
2.254223e+00	6.975250e-01	5.054240e-01
2.258911e+00	5.622500e-02	4.982389e-01
2.263600e+00	1.705500e-01	4.996982e-01
2.268288e+00	-7.816000e-02	4.969274e-01
2.272976e+00	5.374350e-01	5.020835e-01
2.277664e+00	-4.394650e-01	4.919840e-01
2.282352e+00	2.048900e-01	4.968118e-01
2.287041e+00	-3.580300e-01	4.916611e-01
2.291729e+00	6.109500e-02	4.947076e-01
2.296417e+00	2.290500e-01	4.953781e-01
2.301105e+00	7.168800e-01	4.996984e-01
2.305794e+00	8.740750e-01	5.002501e-01
2.310482e+00	9.036050e-01	4.997373e-01
2.315170e+00	1.459050e-01	4.928229e-01
2.319858e+00	-4.725000e-02	4.898190e-01
2.324546e+00	7.437000e-01	4.971158e-01
2.329235e+00	5.992050e-01	4.940770e-01
2.333923e+00	1.064700e-01	4.899392e-01
2.338611e+00	1.187700e+00	4.996177e-01
2.343299e+00	4.913500e-02	4.886783e-01
2.347988e+00	4.832500e-01	4.904247e-01
2.352676e+00	4.726150e-01	4.905776e-01
2.357364e+00	9.999750e-01	4.952170e-01
2.362052e+00	3.487500e-02	4.855986e-01
2.366741e+00	-5.101000e-02	4.854594e-01
2.371429e+00	-2.037850e-01	4.827149e-01
2.376117e+00	-2.936000e-02	4.838525e-01
2.380805e+00	4.214250e-01	4.876416e-01
2.385493e+00	4.353800e-01	4.870461e-01
2.390182e+00	3.214650e-01	4.858119e-01
2.394870e+00	2.076100e-01	4.844225e-01
2.399558e+00	6.336250e-01	4.873882e-01
2.404246e+00	1.424150e+00	4.936860e-01
2.408935e+00	7.921350e-01	4.877192e-01
2.413623e+00	6.493650e-01	4.864574e-01
2.418311e+00	1.496695e+00	4.931715e-01
2.422999e+00	9.514900e-01	4.878207e-01
2.427688e+00	1.020400e+00	4.875369e-01
2.432376e+00	5.935700e-01	4.835602e-01
2.437064e+00	1.689050e-01	4.797874e-01
2.441752e+00	2.707000e-01	4.789761e-01
2.446440e+00	1.365900e-01	4.771740e-01
2.451129e+00	6.351700e-01	4.813327e-01
2.455817e+00	-2.486000e-02	4.750270e-01
2.460505e+00	3.172800e-01	4.774513e-01
2.465193e+00	4.896900e-01	4.789331e-01
2.469882e+00	6.308150e-01	4.790818e-01
2.474570e+00	7.204550e-01	4.797553e-01
2.479258e+00	5.570100e-01	4.780011e-01
2.483946e+00	6.448250e-01	4.783985e-01
2.488634e+00	6.475600e-01	4.777366e-01
2.493323e+00	5.325550e-01	4.763635e-01
2.498011e+00	7.304900e-01	4.784209e-01
2.502699e+00	3.634150e-01	4.736865e-01
2.507387e+00	3.670000e-03	4.706035e-01
2.512076e+00	4.996500e-01	4.747113e-01
2.516764e+00	4.814200e-01	4.737307e-01
2.521452e+00	6.235600e-01	4.744673e-01
2.526140e+00	2.161700e-01	4.701666e-01
2.530829e+00	5.190500e-02	4.681888e-01
2.535517e+00	3.649050e-01	4.701665e-01
2.540205e+00	3.118800e-01	4.683000e-01
2.544893e+00	6.476150e-01	4.713010e-01
2.549581e+00	4.900800e-01	4.684502e-01
2.554270e+00	1.271500e+00	4.749289e-01
2.558958e+00	3.664700e-01	4.666978e-01
2.563646e+00	3.797300e-01	4.661545e-01
2.568334e+00	1.282690e+00	4.740495e-01
2.573023e+00	1.698200e-01	4.635308e-01
2.577711e+00	1.866300e-01	4.624266e-01
2.582399e+00	4.200350e-01	4.643770e-01
2.587087e+00	3.972400e-01	4.640420e-01
2.591776e+00	8.652450e-01	4.686565e-01
2.596464e+00	1.240300e-01	4.619619e-01
2.601152e+00	1.204250e+00	4.710159e-01
2.605840e+00	9.114550e-01	4.690686e-01
2.610528e+00	8.571900e-01	4.675535e-01
2.615217e+00	7.087600e-01	4.662615e-01
2.619905e+00	1.119015e+00	4.697603e-01
2.624593e+00	5.039000e-01	4.628188e-01
2.629281e+00	7.051800e-01	4.652109e-01
2.633970e+00	3.575300e-01	4.607465e-01
2.638658e+00	5.297600e-01	4.622156e-01
2.643346e+00	6.864100e-01	4.635747e-01
2.648034e+00	-2.130000e-02	4.569568e-01
2.652723e+00	1.291350e-01	4.581969e-01
2.657411e+00	5.486050e-01	4.609180e-01
2.662099e+00	9.052750e-01	4.636790e-01
2.666787e+00	7.808850e-01	4.615593e-01
2.671475e+00	5.071300e-01	4.593820e-01
2.676164e+00	6.768500e-01	4.605558e-01
2.680852e+00	4.690500e-01	4.588492e-01
2.685540e+00	2.154900e-01	4.558616e-01
2.690228e+00	6.883950e-01	4.598569e-01
2.694917e+00	2.377150e-01	4.552032e-01
2.699605e+00	8.571000e-01	4.602555e-01
2.704293e+00	-1.247300e-01	4.511495e-01
2.708981e+00	5.478750e-01	4.561740e-01
2.713669e+00	1.508750e-01	4.528518e-01
2.718358e+00	1.167065e+00	4.609970e-01
2.723046e+00	3.201750e-01	4.533749e-01
2.727734e+00	6.358750e-01	4.557822e-01
2.732422e+00	2.548700e-01	4.516866e-01
2.737111e+00	5.871950e-01	4.539848e-01
2.741799e+00	3.700150e-01	4.525624e-01
2.746487e+00	2.721550e-01	4.508271e-01
2.751175e+00	6.619450e-01	4.539418e-01
2.755864e+00	1.146050e-01	4.481475e-01
2.760552e+00	5.236450e-01	4.517002e-01
2.765240e+00	-4.349000e-01	4.429939e-01
2.769928e+00	-5.871000e-02	4.464497e-01
2.774616e+00	2.264050e-01	4.484924e-01
2.779305e+00	3.408500e-02	4.461447e-01
2.783993e+00	7.178750e-01	4.515722e-01
2.788681e+00	5.026350e-01	4.490038e-01
2.793369e+00	1.483650e-01	4.461159e-01
2.798058e+00	4.440250e-01	4.484143e-01
2.802746e+00	2.888000e-02	4.445445e-01
2.807434e+00	1.842250e-01	4.452302e-01
2.812122e+00	7.408450e-01	4.500279e-01
2.816811e+00	-1.598650e-01	4.416226e-01
2.821499e+00	7.909000e-02	4.435306e-01
2.826187e+00	2.566350e-01	4.445474e-01
2.830875e+00	1.004810e+00	4.501554e-01
2.835563e+00	4.092300e-01	4.450847e-01
2.840252e+00	1.192835e+00	4.509552e-01
2.844940e+00	3.728900e-01	4.441344e-01
2.849628e+00	6.935650e-01	4.464685e-01
2.854316e+00	3.339700e-01	4.434795e-01
2.859005e+00	5.639800e-01	4.529697e-01
2.863693e+00	6.155650e-01	4.636835e-01
2.868381e+00	7.046000e-02	4.646097e-01
2.873069e+00	2.476650e-01	4.713690e-01
2.877758e+00	6.927850e-01	4.794995e-01
2.882446e+00	8.403050e-01	4.829359e-01
2.887134e+00	-4.036950e-01	4.724288e-01
2.891822e+00	4.110900e-01	4.822146e-01
2.896510e+00	5.225950e-01	4.851703e-01
2.901199e+00	7.426550e-01	4.883489e-01
2.905887e+00	1.340145e+00	4.950467e-01
2.910575e+00	3.977150e-01	4.867211e-01
2.915263e+00	6.212800e-01	4.901248e-01
2.919952e+00	3.361900e-01	4.878398e-01
2.924640e+00	7.548300e-01	4.789758e-01
2.929328e+00	8.152450e-01	4.710257e-01
2.934016e+00	1.774750e-01	4.587945e-01
2.938704e+00	6.719100e-01	4.602383e-01
2.943393e+00	4.333100e-01	4.548750e-01
2.948081e+00	2.528450e-01	4.507506e-01
2.952769e+00	9.079000e-02	4.484763e-01
2.957457e+00	-1.490900e-01	4.453926e-01
2.962146e+00	5.765500e-01	4.499911e-01
2.966834e+00	8.174250e-01	4.512157e-01
2.971522e+00	5.407200e-01	4.481911e-01
2.976210e+00	2.916650e-01	4.469374e-01
2.980899e+00	6.889000e-01	4.495996e-01
2.985587e+00	3.382450e-01	4.447012e-01
2.990275e+00	9.282450e-01	4.485568e-01
2.994963e+00	6.166100e-01	4.457986e-01
2.999651e+00	2.572550e-01	4.420274e-01
3.004340e+00	4.852600e-01	4.441844e-01
3.009028e+00	1.018200e-01	4.400238e-01
3.013716e+00	3.343500e-02	4.385949e-01
3.018404e+00	-1.445650e-01	4.365219e-01
3.023093e+00	1.315650e-01	4.382614e-01
3.027781e+00	3.304700e-01	4.390362e-01
3.032469e+00	-2.233500e-01	4.345770e-01
3.037157e+00	2.160950e-01	4.374471e-01
3.041846e+00	-2.420700e-01	4.335523e-01
3.046534e+00	-2.349450e-01	4.325303e-01
3.051222e+00	-3.554000e-02	4.339145e-01
3.055910e+00	-1.052000e-01	4.324806e-01
3.060598e+00	-3.925600e-01	4.306107e-01
3.065287e+00	8.795500e-02	4.335408e-01
3.069975e+00	6.604300e-01	4.378421e-01
3.074663e+00	1.216915e+00	4.423850e-01
3.079351e+00	7.942000e-01	4.381988e-01
3.084040e+00	2.636050e-01	4.330425e-01
3.088728e+00	2.356200e-01	4.324308e-01
3.093416e+00	3.332800e-01	4.331099e-01
3.098104e+00	6.139800e-01	4.347954e-01
3.102793e+00	3.448000e-01	4.325865e-01
3.107481e+00	2.599450e-01	4.316297e-01
3.112169e+00	3.800000e-01	4.317478e-01
3.116857e+00	8.341950e-01	4.352868e-01
3.121545e+00	1.070285e+00	4.364081e-01
3.126234e+00	5.052050e-01	4.322452e-01
3.130922e+00	1.318810e+00	4.383340e-01
3.135610e+00	6.554150e-01	4.322913e-01
3.140298e+00	6.865000e-02	4.266520e-01
3.144987e+00	-2.110350e-01	4.243620e-01
3.149675e+00	1.856650e-01	4.270410e-01
3.154363e+00	2.855400e-01	4.270139e-01
3.159051e+00	-7.172500e-02	4.240541e-01
3.163739e+00	1.578050e-01	4.255545e-01
3.168428e+00	4.282150e-01	4.276407e-01
3.173116e+00	7.898850e-01	4.301229e-01
3.177804e+00	1.196250e-01	4.241214e-01
3.182492e+00	1.049550e-01	4.242172e-01
3.187181e+00	8.443600e-01	4.296613e-01
3.191869e+00	5.606650e-01	4.265823e-01
3.196557e+00	2.276400e-01	4.233572e-01
3.201245e+00	2.514950e-01	4.238900e-01
3.205934e+00	2.652350e-01	4.234586e-01
3.210622e+00	-7.284000e-02	4.204104e-01
3.215310e+00	-2.090650e-01	4.189877e-01
3.219998e+00	7.614550e-01	4.261665e-01
3.224686e+00	8.097250e-01	4.260310e-01
3.229375e+00	1.413750e-01	4.190409e-01
3.234063e+00	-2.292100e-01	4.156123e-01
3.238751e+00	2.163750e-01	4.194219e-01
3.243439e+00	5.476500e-02	4.172036e-01
3.248128e+00	3.885100e-01	4.196129e-01
3.252816e+00	3.568100e-01	4.197874e-01
3.257504e+00	5.589500e-01	4.202808e-01
3.262192e+00	2.717450e-01	4.180118e-01
3.266881e+00	3.059800e-01	4.172756e-01
3.271569e+00	4.704650e-01	4.183910e-01
3.276257e+00	4.822350e-01	4.187605e-01
3.280945e+00	-2.867300e-01	4.124054e-01
3.285633e+00	-2.158150e-01	4.134293e-01
3.290322e+00	7.718550e-01	4.215736e-01
3.295010e+00	7.595050e-01	4.210249e-01
3.299698e+00	5.979250e-01	4.191687e-01
3.304386e+00	7.380350e-01	4.199774e-01
3.309075e+00	9.330500e-02	4.144964e-01
3.313763e+00	1.166000e-02	4.131374e-01
3.318451e+00	2.800250e-01	4.156865e-01
3.323139e+00	6.104200e-01	4.177999e-01
3.327828e+00	2.891750e-01	4.151539e-01
3.332516e+00	6.644050e-01	4.178195e-01
3.337204e+00	6.885700e-01	4.173133e-01
3.341892e+00	2.763900e-01	4.142933e-01
3.346580e+00	5.338300e-01	4.152669e-01
3.351269e+00	2.556400e-01	4.128236e-01
3.355957e+00	3.011750e-01	4.150067e-01
3.360645e+00	1.361500e-01	4.227364e-01
3.365333e+00	3.991700e-01	4.317117e-01
3.370022e+00	8.193050e-01	4.397752e-01
3.374710e+00	8.661150e-01	4.418810e-01
3.379398e+00	8.244400e-01	4.428765e-01
3.384086e+00	2.695950e-01	4.395289e-01
3.388774e+00	1.187350e-01	4.385965e-01
3.393463e+00	1.689450e-01	4.394774e-01
3.398151e+00	-8.314000e-02	4.367545e-01
3.402839e+00	1.486355e+00	4.511905e-01
3.407527e+00	8.353250e-01	4.467589e-01
3.412216e+00	-1.142850e-01	4.400248e-01
3.416904e+00	-4.872500e-02	4.405071e-01
3.421592e+00	4.936000e-02	4.419594e-01
3.426280e+00	6.906300e-01	4.486051e-01
3.430969e+00	2.610000e-01	4.457591e-01
3.435657e+00	4.821100e-01	4.482260e-01
3.440345e+00	7.558850e-01	4.513291e-01
3.445033e+00	6.680600e-01	4.520527e-01
3.449721e+00	2.911000e-02	4.458553e-01
3.454410e+00	5.983150e-01	4.516203e-01
3.459098e+00	8.401700e-01	4.546783e-01
3.463786e+00	5.336000e-01	4.521842e-01
3.468474e+00	-7.752500e-02	4.475347e-01
3.473163e+00	8.578950e-01	4.566495e-01
3.477851e+00	5.204800e-01	4.535602e-01
3.482539e+00	5.515800e-01	4.548104e-01
3.487227e+00	4.190950e-01	4.535057e-01
3.491916e+00	2.794800e-01	4.540199e-01
3.496604e+00	-5.642800e-01	4.465671e-01
3.501292e+00	-2.329250e-01	4.493119e-01
3.505980e+00	3.317150e-01	4.549706e-01
3.510668e+00	-5.897600e-01	4.475641e-01
3.515357e+00	-2.224050e-01	4.513512e-01
3.520045e+00	3.935950e-01	4.569679e-01
3.524733e+00	6.467900e-01	4.597591e-01
3.529421e+00	2.239450e-01	4.561453e-01
3.534110e+00	-2.925500e-01	4.515499e-01
3.538798e+00	2.803500e-02	4.553349e-01
3.543486e+00	9.332250e-01	4.639617e-01
3.548174e+00	9.644750e-01	4.654098e-01
3.552863e+00	6.483000e-02	4.577150e-01
3.557551e+00	8.114000e-02	4.585890e-01
3.562239e+00	2.101850e-01	4.594684e-01
3.566927e+00	1.978150e-01	4.592727e-01
3.571615e+00	1.599800e-01	4.591086e-01
3.576304e+00	8.187900e-01	4.658356e-01
3.580992e+00	3.413700e-01	4.617365e-01
3.585680e+00	7.440200e-01	4.643936e-01
3.590368e+00	-6.661000e-02	4.568069e-01
3.595057e+00	3.466100e-01	4.608083e-01
3.599745e+00	5.587300e-01	4.617828e-01
3.604433e+00	1.587700e-01	4.582433e-01
3.609121e+00	-9.866000e-02	4.562030e-01
3.613809e+00	3.525800e-01	4.600487e-01
3.618498e+00	5.685150e-01	4.618605e-01
3.623186e+00	-1.711300e-01	4.551584e-01
3.627874e+00	5.796050e-01	4.627355e-01
3.632562e+00	3.372150e-01	4.610727e-01
3.637251e+00	1.353900e-01	4.601568e-01
3.641939e+00	1.993550e-01	4.606134e-01
3.646627e+00	1.036985e+00	4.679098e-01
3.651315e+00	-3.987000e-02	4.584361e-01
3.656004e+00	1.386500e-02	4.606281e-01
3.660692e+00	7.766450e-01	4.766278e-01
3.665380e+00	8.727200e-01	4.932574e-01
3.670068e+00	8.356650e-01	5.007014e-01
3.674756e+00	5.803300e-01	5.056467e-01
3.679445e+00	2.241850e-01	5.080999e-01
3.684133e+00	2.403550e-01	5.115497e-01
3.688821e+00	5.567500e-01	5.181090e-01
3.693509e+00	2.335550e-01	5.174582e-01
3.698198e+00	1.482600e-01	5.189458e-01
3.702886e+00	6.066200e-01	5.271135e-01
3.707574e+00	3.595150e-01	5.272334e-01
3.712262e+00	4.025100e-01	5.308905e-01
3.716951e+00	-8.845000e-03	5.290220e-01
3.721639e+00	3.883300e-01	5.354500e-01
3.726327e+00	4.673000e-01	5.380105e-01
3.731015e+00	5.849700e-01	5.412825e-01
3.735703e+00	5.319900e-01	5.437323e-01
3.740392e+00	4.033600e-01	5.446555e-01
3.745080e+00	4.866350e-01	5.482160e-01
3.749768e+00	3.379300e-01	5.485941e-01
3.754456e+00	1.082700e-01	5.485753e-01
3.759145e+00	7.139750e-01	5.574908e-01
3.763833e+00	8.563050e-01	5.609979e-01
3.768521e+00	3.987600e-01	5.574012e-01
3.773209e+00	6.541900e-01	5.632632e-01
3.777897e+00	-6.027800e-01	5.511595e-01
3.782586e+00	1.265100e-01	5.622063e-01
3.787274e+00	3.921400e-01	5.675081e-01
3.791962e+00	6.236000e-02	5.643703e-01
3.796650e+00	-6.153750e-01	5.595806e-01
3.801339e+00	-2.209200e-01	5.665318e-01
3.806027e+00	-9.751500e-02	5.706873e-01
3.810715e+00	-1.030800e-01	5.719089e-01
3.815403e+00	7.254200e-01	5.843446e-01
3.820092e+00	-8.974650e-01	5.683023e-01
3.824780e+00	-2.800350e-01	5.755833e-01
3.829468e+00	-3.374800e-01	5.784771e-01
3.834156e+00	5.725550e-01	5.899055e-01
3.838844e+00	3.553450e-01	5.899933e-01
3.843533e+00	9.189550e-01	5.989873e-01
3.848221e+00	8.529700e-01	6.005355e-01
3.852909e+00	5.428800e-01	5.982306e-01
3.857597e+00	-4.642300e-01	5.889340e-01
3.862286e+00	8.561500e-02	5.984573e-01
3.866974e+00	3.685100e-01	6.037411e-01
3.871662e+00	7.670400e-01	6.090564e-01
3.876350e+00	5.911150e-01	6.090764e-01
3.881039e+00	4.842000e-01	6.104954e-01
3.885727e+00	1.332245e+00	6.228836e-01
3.890415e+00	1.653410e+00	6.284287e-01
3.895103e+00	3.725850e-01	6.157075e-01
3.899791e+00	6.481950e-01	6.204972e-01
3.904480e+00	2.029000e-01	6.187599e-01
3.909168e+00	8.342250e-01	6.277909e-01
3.913856e+00	5.341750e-01	6.274223e-01
3.918544e+00	-5.605500e-02	6.226616e-01
3.923233e+00	-1.699900e-01	6.230984e-01
3.927921e+00	-4.840500e-01	6.201976e-01
3.932609e+00	-6.560000e-02	6.279617e-01
3.937297e+00	-4.918900e-01	6.235762e-01
3.941986e+00	-1.240500e-01	6.275465e-01
3.946674e+00	1.012730e+00	6.422611e-01
3.951362e+00	2.711200e-01	6.345108e-01
3.956050e+00	-9.840500e-02	6.279939e-01
3.960738e+00	-2.514500e-02	6.291581e-01
3.965427e+00	1.248500e-02	6.310268e-01
3.970115e+00	5.859800e-01	6.391876e-01
3.974803e+00	5.556350e-01	6.420614e-01
3.979491e+00	1.381100e-01	6.384298e-01
3.984180e+00	-5.136000e-02	6.374048e-01
3.988868e+00	-1.019000e-01	6.412067e-01
3.993556e+00	1.487900e-01	6.454694e-01
3.998244e+00	-8.541000e-02	6.429484e-01
4.002932e+00	8.114700e-01	6.573667e-01
4.007621e+00	8.439000e-01	6.610336e-01
4.012309e+00	3.589550e-01	6.551626e-01
4.016997e+00	5.160600e-01	6.590056e-01
4.021685e+00	-2.683600e-01	6.510871e-01
4.026374e+00	1.596900e-01	6.605072e-01
4.031062e+00	5.078600e-01	6.663724e-01
4.035750e+00	-6.325000e-02	6.629451e-01
4.040438e+00	-1.814450e-01	6.636920e-01
4.045127e+00	6.202800e-01	6.751625e-01
4.049815e+00	-2.454050e-01	6.668156e-01
4.054503e+00	9.083450e-01	6.844197e-01
4.059191e+00	8.428250e-01	6.844259e-01
4.063879e+00	-2.339100e-01	6.726869e-01
4.068568e+00	2.165450e-01	6.816786e-01
4.073256e+00	1.946700e-01	6.839467e-01
4.077944e+00	6.906350e-01	6.913442e-01
4.082632e+00	1.058850e+00	6.983755e-01
4.087321e+00	2.805000e-02	6.882681e-01
4.092009e+00	1.463050e-01	6.932022e-01
4.096697e+00	-1.527000e-02	6.940122e-01
4.101385e+00	3.251150e-01	6.984486e-01
4.106074e+00	8.671750e-01	7.101170e-01
4.110762e+00	1.163200e+00	7.157709e-01
4.115450e+00	5.828300e-01	7.108925e-01
4.120138e+00	7.335500e-02	7.077222e-01
4.124826e+00	1.636850e-01	7.111864e-01
4.129515e+00	5.915300e-01	7.212996e-01
4.134203e+00	9.002200e-01	7.259256e-01
4.138891e+00	8.859700e-01	7.291453e-01
4.143579e+00	6.394750e-01	7.277627e-01
4.148268e+00	6.574100e-01	7.319753e-01
4.152956e+00	-2.159500e-02	7.245598e-01
4.157644e+00	4.263250e-01	7.309013e-01
4.162332e+00	1.101450e-01	7.310463e-01
4.167021e+00	-2.168000e-01	7.293626e-01
4.171709e+00	7.280150e-01	7.442206e-01
4.176397e+00	5.190300e-01	7.449042e-01
4.181085e+00	-5.611350e-01	7.306817e-01
4.185773e+00	-1.760500e-01	7.390281e-01
4.190462e+00	2.707350e-01	7.502928e-01
4.195150e+00	1.098600e-01	7.518312e-01
4.199838e+00	-6.839450e-01	7.409031e-01
4.204526e+00	9.596500e-01	7.676494e-01
4.209215e+00	5.408000e-02	7.585800e-01
4.213903e+00	3.704500e-01	7.658953e-01
4.218591e+00	7.446550e-01	7.742155e-01
4.223279e+00	2.852500e-02	7.679327e-01
4.227967e+00	6.395650e-01	7.788038e-01
4.232656e+00	8.030200e-01	7.855696e-01
4.237344e+00	5.125150e-01	7.834249e-01
4.242032e+00	4.089000e-02	7.784809e-01
4.246720e+00	-7.452950e-01	7.687131e-01
4.251409e+00	-7.779350e-01	7.727667e-01
4.256097e+00	2.212350e-01	7.951665e-01
4.260785e+00	-4.456300e-01	7.856279e-01
4.265473e+00	-1.864650e-01	7.916969e-01
4.270162e+00	-4.725450e-01	7.909682e-01
4.274850e+00	2.492000e-02	8.060312e-01
4.279538e+00	4.414900e-01	8.170217e-01
4.284226e+00	7.441100e-01	8.215633e-01
4.288914e+00	-9.185500e-02	8.115321e-01
4.293603e+00	4.572500e-02	8.147285e-01
4.298291e+00	1.601000e-02	8.179549e-01
4.302979e+00	4.727950e-01	8.277423e-01
4.307667e+00	4.429900e-01	8.325691e-01
4.312356e+00	7.440150e-01	8.392421e-01
4.317044e+00	-4.292850e-01	8.252902e-01
4.321732e+00	-2.722800e-01	8.291935e-01
4.326420e+00	-3.448450e-01	8.343525e-01
4.331109e+00	-3.794600e-01	8.383115e-01
4.335797e+00	-6.330700e-01	8.343428e-01
4.340485e+00	-7.599700e-01	8.389439e-01
4.345173e+00	-4.808000e-02	8.533837e-01
4.349861e+00	2.481500e-01	8.644698e-01
4.354550e+00	-8.665000e-02	8.627903e-01
4.359238e+00	9.559250e-01	8.824860e-01
4.363926e+00	5.193250e-01	8.798047e-01
4.368614e+00	-6.648550e-01	8.647943e-01
4.373303e+00	-3.232500e-02	8.787473e-01
4.377991e+00	1.592250e-01	8.869146e-01
4.382679e+00	3.307250e-01	8.918325e-01
4.387367e+00	1.169520e+00	9.103677e-01
4.392056e+00	-2.166350e-01	8.917052e-01
4.396744e+00	1.073280e+00	9.196988e-01
4.401432e+00	4.189400e-01	9.126721e-01
4.406120e+00	-4.195500e-02	9.060232e-01
4.410808e+00	-1.200300e-01	9.070849e-01
4.415497e+00	-7.376500e-02	9.078035e-01
4.420185e+00	-3.129200e-01	9.022343e-01
4.424873e+00	3.657400e-01	9.148342e-01
4.429561e+00	-2.819500e-01	9.059147e-01
4.434250e+00	7.096850e-01	9.257814e-01
4.438938e+00	6.941550e-01	9.247458e-01
4.443626e+00	-2.940050e-01	9.085586e-01
4.448314e+00	5.790600e-01	9.262485e-01
4.453002e+00	2.810350e-01	9.252428e-01
4.457691e+00	-1.080305e+00	9.054212e-01
4.462379e+00	-8.434750e-01	9.153060e-01
4.467067e+00	1.424645e+00	9.596075e-01
4.471755e+00	7.591150e-01	9.537985e-01
4.476444e+00	-1.632050e-01	9.417723e-01
4.481132e+00	4.379850e-01	9.592721e-01
4.485820e+00	8.823800e-01	9.729473e-01
4.490508e+00	-1.244000e-02	9.593778e-01
4.495197e+00	-2.259500e-02	9.623609e-01
4.499885e+00	1.812050e-01	9.741421e-01
4.504573e+00	5.358850e-01	9.847566e-01
4.509261e+00	-1.385200e-01	9.777042e-01
4.513949e+00	-6.309500e-02	9.857662e-01
4.518638e+00	-1.828750e-01	9.886211e-01
4.523326e+00	2.865300e-01	1.002145e+00
4.528014e+00	5.876800e-01	1.010801e+00
4.532702e+00	2.085750e-01	1.015831e+00
4.537391e+00	1.425975e+00	1.044618e+00
4.542079e+00	1.173755e+00	1.046510e+00
4.546767e+00	-1.596350e-01	1.022326e+00
4.551455e+00	-1.053185e+00	1.013677e+00
4.556144e+00	-1.435885e+00	1.012106e+00
4.560832e+00	3.990450e-01	1.054293e+00
4.565520e+00	6.283850e-01	1.067221e+00
4.570208e+00	4.248200e-01	1.070748e+00
4.574896e+00	5.672750e-01	1.078164e+00
4.579585e+00	2.468350e-01	1.081083e+00
4.584273e+00	1.468020e+00	1.115975e+00
4.588961e+00	7.242650e-01	1.108980e+00
4.593649e+00	2.193550e-01	1.101007e+00
4.598338e+00	-1.210295e+00	1.076651e+00
4.603026e+00	-6.304450e-01	1.098661e+00
4.607714e+00	3.228300e-01	1.130472e+00
4.612402e+00	-5.500350e-01	1.115507e+00
4.617091e+00	-4.158200e-01	1.124524e+00
4.621779e+00	-6.206500e-01	1.127322e+00
4.626467e+00	2.845400e-01	1.159550e+00
4.631155e+00	5.588250e-01	1.174554e+00
4.635843e+00	-5.528300e-01	1.151693e+00
4.640532e+00	5.770250e-01	1.190835e+00
4.645220e+00	1.416785e+00	1.222499e+00
4.649908e+00	4.553850e-01	1.211047e+00
4.654596e+00	-6.550950e-01	1.192116e+00
4.659285e+00	1.244395e+00	1.247484e+00
4.663973e+00	-2.876900e-01	1.219514e+00
4.668661e+00	1.140000e-01	1.240084e+00
4.673349e+00	1.787000e+00	1.291080e+00
4.678037e+00	5.306250e-01	1.273145e+00
4.682726e+00	1.134900e+00	1.295850e+00
4.687414e+00	6.093950e-01	1.295389e+00
4.692102e+00	4.473550e-01	1.300999e+00
4.696790e+00	3.323450e-01	1.313627e+00
4.701479e+00	-1.783150e-01	1.313164e+00
4.706167e+00	1.432610e+00	1.366133e+00
4.710855e+00	7.330800e-01	1.355954e+00
4.715543e+00	1.043450e-01	1.354695e+00
4.720232e+00	1.129670e+00	1.398849e+00
4.724920e+00	4.059500e-01	1.391266e+00
4.729608e+00	5.600300e-01	1.411600e+00
4.734296e+00	-1.134285e+00	1.375545e+00
4.738984e+00	5.277550e-01	1.438658e+00
4.743673e+00	1.285740e+00	1.477873e+00
4.748361e+00	2.751390e+00	1.532014e+00
4.753049e+00	6.528250e-01	1.485040e+00
4.757737e+00	-7.681900e-01	1.471956e+00
4.762426e+00	-1.253750e-01	1.506541e+00
4.767114e+00	-6.521000e-01	1.510680e+00
4.771802e+00	-2.621135e+00	1.464488e+00
4.776490e+00	5.734700e-01	1.575736e+00
4.781179e+00	1.326725e+00	1.631609e+00
4.785867e+00	-5.681950e-01	1.593754e+00
4.790555e+00	-7.481000e-01	1.609436e+00
4.795243e+00	-6.757200e-01	1.631998e+00
4.799931e+00	5.917600e-01	1.703872e+00
4.804620e+00	-2.772000e-01	1.691777e+00
4.809308e+00	-9.687700e-01	1.701597e+00
4.813996e+00	1.037210e+00	1.800502e+00
4.818684e+00	3.064710e+00	1.896746e+00
4.823373e+00	5.484800e-01	1.835602e+00
4.828061e+00	1.012690e+00	1.883733e+00
4.832749e+00	-8.988900e-01	1.855717e+00
4.837437e+00	1.177775e+00	1.978194e+00
4.842125e+00	1.841585e+00	2.039973e+00
4.846814e+00	2.456335e+00	2.100870e+00
4.851502e+00	1.003660e+00	2.093403e+00
4.856190e+00	1.982400e-01	2.094561e+00
4.860878e+00	3.494580e+00	2.277872e+00
4.865567e+00	-5.598950e-01	2.171782e+00
4.870255e+00	2.138905e+00	2.335622e+00
4.874943e+00	2.914620e+00	2.437166e+00
4.879631e+00	2.301100e+00	2.478822e+00
4.884320e+00	-7.882850e-01	2.412245e+00
4.889008e+00	5.814950e-01	2.555609e+00
4.893696e+00	2.133650e-01	2.632126e+00
4.898384e+00	-2.954150e+00	2.568165e+00
4.903072e+00	-3.068910e+00	2.664962e+00
4.907761e+00	-1.245665e+00	2.898457e+00
4.912449e+00	7.127280e+00	4.698435e+00
4.917137e+00	6.540775e+00	1.331691e+01
