# GI Buffer
# Sample c= 0.0 mg/ml
#
# Sample environment:
# Detector = Pilatus
# PixelSize_1 = 0.000172
# PixelSize_2 = 0.000172
#
# title = GI Buffer
# Frame 90 of 120
# Time per frame (s) = 1.0
# SampleDistance = 2.869
# WaveLength = 9.919e-11
# Normalization = 0.001062898
# DiodeCurr = 8.723367e-05
# MachCurr = 68.84529
# Mask = /data/bm29/archive/CALIBRATION/MASK/BM29/Pcon_19thNovember2015_7keV_v3.edf
#
# N 3
# L q*nm  I_GI Buffer  stddev
#
# Sample Information:
# Storage Temperature (degrees C): 20.0
# Measurement Temperature (degrees C): 20.08
# Concentration: 0.0
# Code: GIBuffer
  3.200246e-02   1.596714e+02   1.898898e+01
  3.669069e-02   4.908262e+02   1.511539e+01
  4.137892e-02   6.920699e+02   1.337045e+01
  4.606715e-02   5.871703e+02   1.019731e+01
  5.075538e-02   3.874378e+02   7.524279e+00
  5.544361e-02   2.772822e+02   5.880752e+00
  6.013183e-02   2.005146e+02   4.781199e+00
  6.482006e-02   1.578522e+02   4.070115e+00
  6.950829e-02   1.314837e+02   3.564267e+00
  7.419652e-02   1.050276e+02   3.057884e+00
  7.888475e-02   9.155260e+01   2.759935e+00
  8.357298e-02   8.033523e+01   2.508331e+00
  8.826121e-02   7.211832e+01   2.309284e+00
  9.294944e-02   6.683670e+01   2.157966e+00
  9.763767e-02   5.944426e+01   1.979002e+00
  1.023259e-01   5.478411e+01   1.854640e+00
  1.070141e-01   4.964159e+01   1.725111e+00
  1.117024e-01   5.015948e+01   1.694786e+00
  1.163906e-01   4.778687e+01   1.614164e+00
  1.210788e-01   4.399404e+01   1.518337e+00
  1.257670e-01   4.059566e+01   1.430497e+00
  1.304553e-01   3.885928e+01   1.374919e+00
  1.351435e-01   3.892454e+01   1.348350e+00
  1.398317e-01   3.740913e+01   1.299019e+00
  1.445200e-01   3.679790e+01   1.267070e+00
  1.492082e-01   3.380250e+01   1.195027e+00
  1.538964e-01   3.486464e+01   1.192291e+00
  1.585846e-01   3.405124e+01   1.159607e+00
  1.632729e-01   3.251276e+01   1.116651e+00
  1.679611e-01   3.156677e+01   1.084800e+00
  1.726493e-01   3.353097e+01   1.101473e+00
  1.773376e-01   3.065557e+01   1.037447e+00
  1.820258e-01   3.085440e+01   1.027440e+00
  1.867140e-01   2.927094e+01   9.881344e-01
  1.914022e-01   2.953031e+01   9.799722e-01
  1.960905e-01   3.086195e+01   9.878807e-01
  2.007787e-01   2.984690e+01   9.611369e-01
  2.054669e-01   2.971539e+01   9.480748e-01
  2.101552e-01   2.867850e+01   9.209532e-01
  2.148434e-01   2.855972e+01   9.072748e-01
  2.195316e-01   2.922700e+01   9.077895e-01
  2.242199e-01   2.999008e+01   9.100286e-01
  2.289081e-01   2.964443e+01   8.954927e-01
  2.335963e-01   2.863481e+01   8.702419e-01
  2.382845e-01   2.751972e+01   8.441473e-01
  2.429728e-01   2.887948e+01   8.564932e-01
  2.476610e-01   2.884525e+01   8.479210e-01
  2.523492e-01   2.784883e+01   8.249415e-01
  2.570375e-01   2.739594e+01   8.098189e-01
  2.617257e-01   2.765875e+01   8.065097e-01
  2.664139e-01   2.782084e+01   8.018169e-01
  2.711021e-01   2.679874e+01   7.801471e-01
  2.757904e-01   2.721906e+01   7.786984e-01
  2.804786e-01   2.733218e+01   7.741454e-01
  2.851668e-01   2.702363e+01   7.635241e-01
  2.898551e-01   2.717324e+01   7.590213e-01
  2.945433e-01   2.565617e+01   7.315871e-01
  2.992315e-01   2.618812e+01   7.497522e-01
  3.039197e-01   2.732671e+01   7.719280e-01
  3.086080e-01   2.672875e+01   7.656476e-01
  3.132962e-01   2.667616e+01   7.652930e-01
  3.179844e-01   2.659874e+01   7.640319e-01
  3.226727e-01   2.738729e+01   7.752528e-01
  3.273609e-01   2.667620e+01   7.642693e-01
  3.320491e-01   2.609520e+01   7.545428e-01
  3.367374e-01   2.555809e+01   7.447715e-01
  3.414256e-01   2.595959e+01   7.490732e-01
  3.461138e-01   2.683179e+01   7.599963e-01
  3.508020e-01   2.650451e+01   7.535313e-01
  3.554903e-01   2.627433e+01   7.474521e-01
  3.601785e-01   2.654660e+01   7.498805e-01
  3.648667e-01   2.746008e+01   7.681682e-01
  3.695550e-01   2.719725e+01   7.817979e-01
  3.742432e-01   2.667568e+01   7.830164e-01
  3.789314e-01   2.765822e+01   8.048357e-01
  3.836196e-01   2.616438e+01   7.878114e-01
  3.883079e-01   2.672364e+01   8.005118e-01
  3.929961e-01   2.673110e+01   8.079365e-01
  3.976843e-01   2.682364e+01   8.203321e-01
  4.023726e-01   2.786783e+01   8.444397e-01
  4.070608e-01   2.612858e+01   8.209961e-01
  4.117490e-01   2.527396e+01   8.090454e-01
  4.164372e-01   2.741121e+01   8.439741e-01
  4.211255e-01   2.624930e+01   8.275446e-01
  4.258137e-01   2.673281e+01   8.358365e-01
  4.305019e-01   2.678115e+01   8.358113e-01
  4.351902e-01   2.763687e+01   8.473090e-01
  4.398784e-01   2.693492e+01   8.354667e-01
  4.445666e-01   2.591362e+01   8.288623e-01
  4.492548e-01   2.771311e+01   8.864269e-01
  4.539431e-01   2.711951e+01   8.937590e-01
  4.586313e-01   2.682579e+01   9.023101e-01
  4.633195e-01   2.627277e+01   9.049036e-01
  4.680078e-01   2.752877e+01   9.372194e-01
  4.726960e-01   2.806297e+01   9.563844e-01
  4.773842e-01   2.696001e+01   9.467241e-01
  4.820725e-01   2.701588e+01   9.568117e-01
  4.867607e-01   2.702519e+01   9.661160e-01
  4.914489e-01   2.698368e+01   9.738013e-01
  4.961371e-01   2.765764e+01   9.940118e-01
  5.008254e-01   2.734181e+01   9.964428e-01
  5.055136e-01   2.709697e+01   1.000280e+00
  5.102018e-01   2.498413e+01   9.384637e-01
  5.148901e-01   2.513945e+01   9.084850e-01
  5.195783e-01   2.585683e+01   9.058708e-01
  5.242665e-01   2.651492e+01   9.065710e-01
  5.289547e-01   2.691125e+01   9.046395e-01
  5.336430e-01   2.577214e+01   8.776107e-01
  5.383312e-01   2.548338e+01   8.663341e-01
  5.430194e-01   2.575996e+01   8.657779e-01
  5.477077e-01   2.633390e+01   8.705100e-01
  5.523959e-01   2.637563e+01   8.663481e-01
  5.570841e-01   2.638125e+01   8.617085e-01
  5.617723e-01   2.678209e+01   8.645514e-01
  5.664606e-01   2.597526e+01   8.476919e-01
  5.711488e-01   2.693607e+01   8.598203e-01
  5.758370e-01   2.653644e+01   8.486545e-01
  5.805253e-01   2.566555e+01   8.294641e-01
  5.852135e-01   2.589269e+01   8.277909e-01
  5.899017e-01   2.763634e+01   8.492873e-01
  5.945900e-01   2.851758e+01   8.557982e-01
  5.992782e-01   2.770537e+01   8.380952e-01
  6.039664e-01   2.762686e+01   8.319921e-01
  6.086546e-01   2.662121e+01   8.118428e-01
  6.133429e-01   2.742991e+01   8.187630e-01
  6.180311e-01   2.685094e+01   8.052946e-01
  6.227193e-01   2.648328e+01   7.953576e-01
  6.274076e-01   2.676255e+01   7.962027e-01
  6.320958e-01   2.646362e+01   7.895390e-01
  6.367840e-01   2.515016e+01   7.674855e-01
  6.414722e-01   2.513883e+01   7.657697e-01
  6.461605e-01   2.525562e+01   7.657681e-01
  6.508487e-01   2.601682e+01   7.755584e-01
  6.555369e-01   2.791132e+01   8.008977e-01
  6.602252e-01   2.678079e+01   7.828488e-01
  6.649134e-01   2.575775e+01   7.661514e-01
  6.696016e-01   2.554305e+01   7.613678e-01
  6.742898e-01   2.609813e+01   7.674419e-01
  6.789781e-01   2.677695e+01   7.756683e-01
  6.836663e-01   2.655128e+01   7.707642e-01
  6.883545e-01   2.670084e+01   7.714982e-01
  6.930428e-01   2.761538e+01   7.824641e-01
  6.977310e-01   2.607069e+01   7.585386e-01
  7.024192e-01   2.611261e+01   7.576220e-01
  7.071074e-01   2.569329e+01   7.500761e-01
  7.117957e-01   2.691867e+01   7.660094e-01
  7.164839e-01   2.649071e+01   7.579278e-01
  7.211721e-01   2.730697e+01   7.680606e-01
  7.258604e-01   2.694439e+01   7.613881e-01
  7.305486e-01   2.691101e+01   7.596272e-01
  7.352368e-01   2.659555e+01   7.528357e-01
  7.399251e-01   2.586318e+01   7.411967e-01
  7.446133e-01   2.709466e+01   7.572799e-01
  7.493015e-01   2.700838e+01   7.551969e-01
  7.539897e-01   2.570693e+01   7.346402e-01
  7.586780e-01   2.739764e+01   7.564575e-01
  7.633662e-01   2.643058e+01   7.415263e-01
  7.680544e-01   2.620084e+01   7.370106e-01
  7.727427e-01   2.690878e+01   7.452064e-01
  7.774309e-01   2.590199e+01   7.294335e-01
  7.821191e-01   2.525199e+01   7.189667e-01
  7.868073e-01   2.512176e+01   7.158278e-01
  7.914956e-01   2.574689e+01   7.231289e-01
  7.961838e-01   2.601356e+01   7.252130e-01
  8.008720e-01   2.671726e+01   7.336076e-01
  8.055603e-01   2.539047e+01   7.138196e-01
  8.102485e-01   2.619765e+01   7.238663e-01
  8.149367e-01   2.662414e+01   7.278703e-01
  8.196249e-01   2.626005e+01   7.215034e-01
  8.243132e-01   2.579445e+01   7.139394e-01
  8.290014e-01   2.570596e+01   7.113919e-01
  8.336896e-01   2.612929e+01   7.155674e-01
  8.383779e-01   2.602871e+01   7.128270e-01
  8.430661e-01   2.588531e+01   7.096529e-01
  8.477543e-01   2.543754e+01   7.021997e-01
  8.524425e-01   2.559558e+01   7.030019e-01
  8.571308e-01   2.632032e+01   7.117353e-01
  8.618190e-01   2.579973e+01   7.032252e-01
  8.665072e-01   2.667395e+01   7.136284e-01
  8.711955e-01   2.634405e+01   7.079339e-01
  8.758837e-01   2.552931e+01   6.953208e-01
  8.805719e-01   2.548098e+01   6.934447e-01
  8.852602e-01   2.614939e+01   7.013579e-01
  8.899484e-01   2.612043e+01   6.998259e-01
  8.946366e-01   2.620897e+01   6.992275e-01
  8.993248e-01   2.603661e+01   6.959147e-01
  9.040131e-01   2.587821e+01   6.925272e-01
  9.087013e-01   2.631717e+01   6.972865e-01
  9.133895e-01   2.612262e+01   6.931665e-01
  9.180778e-01   2.608021e+01   6.914434e-01
  9.227660e-01   2.658251e+01   6.967642e-01
  9.274542e-01   2.669841e+01   6.972461e-01
  9.321424e-01   2.620854e+01   6.895196e-01
  9.368307e-01   2.616348e+01   6.874571e-01
  9.415189e-01   2.690342e+01   6.960307e-01
  9.462071e-01   2.607908e+01   6.842523e-01
  9.508954e-01   2.633470e+01   6.863099e-01
  9.555836e-01   2.576977e+01   6.775123e-01
  9.602718e-01   2.604109e+01   6.799793e-01
  9.649600e-01   2.587605e+01   6.767340e-01
  9.696483e-01   2.625845e+01   6.806917e-01
  9.743365e-01   2.651090e+01   6.823640e-01
  9.790247e-01   2.545909e+01   6.677289e-01
  9.837130e-01   2.680741e+01   6.840264e-01
  9.884012e-01   2.638412e+01   6.775705e-01
  9.930894e-01   2.721360e+01   6.867816e-01
  9.977777e-01   2.568810e+01   6.660730e-01
  1.002466e+00   2.598109e+01   6.688539e-01
  1.007154e+00   2.596202e+01   6.675187e-01
  1.011842e+00   2.605249e+01   6.675807e-01
  1.016531e+00   2.573713e+01   6.621984e-01
  1.021219e+00   2.580668e+01   6.620451e-01
  1.025907e+00   2.549008e+01   6.570581e-01
  1.030595e+00   2.569462e+01   6.586440e-01
  1.035283e+00   2.563001e+01   6.563491e-01
  1.039972e+00   2.535535e+01   6.519378e-01
  1.044660e+00   2.690181e+01   6.705763e-01
  1.049348e+00   2.672109e+01   6.671644e-01
  1.054036e+00   2.572049e+01   6.533089e-01
  1.058725e+00   2.637592e+01   6.605924e-01
  1.063413e+00   2.601499e+01   6.550191e-01
  1.068101e+00   2.565803e+01   6.495855e-01
  1.072789e+00   2.606775e+01   6.535229e-01
  1.077478e+00   2.558960e+01   6.464443e-01
  1.082166e+00   2.665399e+01   6.587257e-01
  1.086854e+00   2.628801e+01   6.532502e-01
  1.091542e+00   2.571285e+01   6.450896e-01
  1.096230e+00   2.566824e+01   6.432164e-01
  1.100919e+00   2.509158e+01   6.350641e-01
  1.105607e+00   2.639717e+01   6.505076e-01
  1.110295e+00   2.734661e+01   6.610662e-01
  1.114983e+00   2.623416e+01   6.464105e-01
  1.119672e+00   2.643965e+01   6.480156e-01
  1.124360e+00   2.589277e+01   6.402047e-01
  1.129048e+00   2.488403e+01   6.266673e-01
  1.133736e+00   2.556044e+01   6.339561e-01
  1.138425e+00   2.552717e+01   6.325923e-01
  1.143113e+00   2.513988e+01   6.268455e-01
  1.147801e+00   2.580787e+01   6.343220e-01
  1.152489e+00   2.582040e+01   6.333237e-01
  1.157177e+00   2.551877e+01   6.285416e-01
  1.161866e+00   2.564725e+01   6.293544e-01
  1.166554e+00   2.618613e+01   6.350054e-01
  1.171242e+00   2.616325e+01   6.336658e-01
  1.175930e+00   2.597879e+01   6.304317e-01
  1.180619e+00   2.504272e+01   6.180821e-01
  1.185307e+00   2.713943e+01   6.425042e-01
  1.189995e+00   2.593720e+01   6.273164e-01
  1.194683e+00   2.651041e+01   6.329769e-01
  1.199372e+00   2.611350e+01   6.273583e-01
  1.204060e+00   2.557298e+01   6.201553e-01
  1.208748e+00   2.678116e+01   6.341165e-01
  1.213436e+00   2.583124e+01   6.213343e-01
  1.218124e+00   2.531560e+01   6.140647e-01
  1.222813e+00   2.660331e+01   6.285990e-01
  1.227501e+00   2.545454e+01   6.141496e-01
  1.232189e+00   2.582389e+01   6.175512e-01
  1.236877e+00   2.637780e+01   6.230901e-01
  1.241566e+00   2.652027e+01   6.240253e-01
  1.246254e+00   2.683707e+01   6.269347e-01
  1.250942e+00   2.588920e+01   6.292618e-01
  1.255630e+00   2.571654e+01   6.441342e-01
  1.260318e+00   2.621905e+01   6.612597e-01
  1.265007e+00   2.557217e+01   6.616984e-01
  1.269695e+00   2.586102e+01   6.730315e-01
  1.274383e+00   2.560886e+01   6.765355e-01
  1.279071e+00   2.609931e+01   6.895706e-01
  1.283760e+00   2.655339e+01   7.016774e-01
  1.288448e+00   2.652181e+01   7.071128e-01
  1.293136e+00   2.552430e+01   6.991706e-01
  1.297824e+00   2.574361e+01   7.074369e-01
  1.302513e+00   2.549163e+01   7.081565e-01
  1.307201e+00   2.475445e+01   6.998510e-01
  1.311889e+00   2.626014e+01   7.214788e-01
  1.316577e+00   2.669657e+01   6.994920e-01
  1.321265e+00   2.677013e+01   6.830823e-01
  1.325954e+00   2.527861e+01   6.530863e-01
  1.330642e+00   2.559666e+01   6.488212e-01
  1.335330e+00   2.518982e+01   6.366150e-01
  1.340018e+00   2.620943e+01   6.433374e-01
  1.344707e+00   2.642564e+01   6.405748e-01
  1.349395e+00   2.522598e+01   6.212235e-01
  1.354083e+00   2.546008e+01   6.193673e-01
  1.358771e+00   2.491866e+01   6.086799e-01
  1.363460e+00   2.543898e+01   6.116409e-01
  1.368148e+00   2.646068e+01   6.220437e-01
  1.372836e+00   2.560161e+01   6.102040e-01
  1.377524e+00   2.603550e+01   6.139493e-01
  1.382212e+00   2.544682e+01   6.057704e-01
  1.386901e+00   2.545188e+01   6.045648e-01
  1.391589e+00   2.603129e+01   6.100528e-01
  1.396277e+00   2.581654e+01   6.062519e-01
  1.400965e+00   2.553190e+01   6.017900e-01
  1.405654e+00   2.534651e+01   5.985097e-01
  1.410342e+00   2.518118e+01   5.954499e-01
  1.415030e+00   2.568399e+01   6.000448e-01
  1.419718e+00   2.696129e+01   6.137522e-01
  1.424406e+00   2.668558e+01   6.096637e-01
  1.429095e+00   2.601461e+01   6.008927e-01
  1.433783e+00   2.550023e+01   5.936631e-01
  1.438471e+00   2.579007e+01   5.961044e-01
  1.443159e+00   2.602319e+01   5.978763e-01
  1.447848e+00   2.606341e+01   5.973585e-01
  1.452536e+00   2.601796e+01   5.957144e-01
  1.457224e+00   2.619705e+01   5.968037e-01
  1.461912e+00   2.594340e+01   5.930377e-01
  1.466601e+00   2.638334e+01   5.971355e-01
  1.471289e+00   2.575342e+01   5.889608e-01
  1.475977e+00   2.538296e+01   5.840314e-01
  1.480665e+00   2.572515e+01   5.868208e-01
  1.485353e+00   2.604186e+01   5.988309e-01
  1.490042e+00   2.596724e+01   6.163235e-01
  1.494730e+00   2.514611e+01   6.172044e-01
  1.499418e+00   2.559755e+01   6.307293e-01
  1.504106e+00   2.576281e+01   6.400786e-01
  1.508795e+00   2.508643e+01   6.383244e-01
  1.513483e+00   2.495322e+01   6.204948e-01
  1.518171e+00   2.633994e+01   6.232600e-01
  1.522859e+00   2.665819e+01   6.184036e-01
  1.527548e+00   2.641448e+01   6.089899e-01
  1.532236e+00   2.602992e+01   5.987503e-01
  1.536924e+00   2.540753e+01   5.868453e-01
  1.541612e+00   2.558807e+01   5.858176e-01
  1.546300e+00   2.558652e+01   5.843852e-01
  1.550989e+00   2.652507e+01   5.928872e-01
  1.555677e+00   2.656808e+01   5.903402e-01
  1.560365e+00   2.627152e+01   5.842927e-01
  1.565053e+00   2.572109e+01   5.754765e-01
  1.569742e+00   2.587122e+01   5.748174e-01
  1.574430e+00   2.565514e+01   5.712082e-01
  1.579118e+00   2.553863e+01   5.703354e-01
  1.583806e+00   2.504200e+01   5.654082e-01
  1.588495e+00   2.571507e+01   5.736284e-01
  1.593183e+00   2.571553e+01   5.739048e-01
  1.597871e+00   2.621193e+01   5.790598e-01
  1.602559e+00   2.671361e+01   5.837190e-01
  1.607247e+00   2.525101e+01   5.666160e-01
  1.611936e+00   2.624557e+01   5.765619e-01
  1.616624e+00   2.642125e+01   5.776749e-01
  1.621312e+00   2.655948e+01   5.783477e-01
  1.626000e+00   2.595894e+01   5.709063e-01
  1.630689e+00   2.537380e+01   5.635291e-01
  1.635377e+00   2.534101e+01   5.623310e-01
  1.640065e+00   2.574681e+01   5.659892e-01
  1.644753e+00   2.577633e+01   5.655412e-01
  1.649441e+00   2.584146e+01   5.654522e-01
  1.654130e+00   2.533989e+01   5.590430e-01
  1.658818e+00   2.554295e+01   5.604897e-01
  1.663506e+00   2.549626e+01   5.592445e-01
  1.668194e+00   2.597795e+01   5.637941e-01
  1.672883e+00   2.440096e+01   5.454687e-01
  1.677571e+00   2.486800e+01   5.499454e-01
  1.682259e+00   2.545706e+01   5.557538e-01
  1.686947e+00   2.606512e+01   5.616388e-01
  1.691636e+00   2.612210e+01   5.613340e-01
  1.696324e+00   2.605580e+01   5.598705e-01
  1.701012e+00   2.543414e+01   5.524794e-01
  1.705700e+00   2.596713e+01   5.575791e-01
  1.710388e+00   2.509368e+01   5.473087e-01
  1.715077e+00   2.549912e+01   5.509400e-01
  1.719765e+00   2.520891e+01   5.471177e-01
  1.724453e+00   2.607474e+01   5.558013e-01
  1.729141e+00   2.571404e+01   5.512137e-01
  1.733830e+00   2.477976e+01   5.402760e-01
  1.738518e+00   2.561860e+01   5.487232e-01
  1.743206e+00   2.550695e+01   5.468688e-01
  1.747894e+00   2.490557e+01   5.398119e-01
  1.752583e+00   2.573128e+01   5.480953e-01
  1.757271e+00   2.594776e+01   5.495496e-01
  1.761959e+00   2.567589e+01   5.459342e-01
  1.766647e+00   2.573446e+01   5.458748e-01
  1.771335e+00   2.530210e+01   5.405332e-01
  1.776024e+00   2.571402e+01   5.442286e-01
  1.780712e+00   2.598260e+01   5.464126e-01
  1.785400e+00   2.576133e+01   5.434830e-01
  1.790088e+00   2.559128e+01   5.410207e-01
  1.794777e+00   2.603073e+01   5.448824e-01
  1.799465e+00   2.523063e+01   5.357834e-01
  1.804153e+00   2.552300e+01   5.383729e-01
  1.808841e+00   2.539345e+01   5.363610e-01
  1.813530e+00   2.589120e+01   5.407628e-01
  1.818218e+00   2.613212e+01   5.426890e-01
  1.822906e+00   2.597921e+01   5.405675e-01
  1.827594e+00   2.547318e+01   5.346741e-01
  1.832282e+00   2.546499e+01   5.337101e-01
  1.836971e+00   2.471001e+01   5.252486e-01
  1.841659e+00   2.573596e+01   5.354983e-01
  1.846347e+00   2.605413e+01   5.381678e-01
  1.851035e+00   2.512902e+01   5.277564e-01
  1.855724e+00   2.535737e+01   5.296096e-01
  1.860412e+00   2.544759e+01   5.300043e-01
  1.865100e+00   2.516088e+01   5.264015e-01
  1.869788e+00   2.570928e+01   5.313910e-01
  1.874476e+00   2.580527e+01   5.317861e-01
  1.879165e+00   2.564938e+01   5.296499e-01
  1.883853e+00   2.609933e+01   5.336580e-01
  1.888541e+00   2.575733e+01   5.295197e-01
  1.893229e+00   2.461461e+01   5.172790e-01
  1.897918e+00   2.508422e+01   5.215796e-01
  1.902606e+00   2.667066e+01   5.370228e-01
  1.907294e+00   2.651992e+01   5.349721e-01
  1.911982e+00   2.549575e+01   5.237885e-01
  1.916671e+00   2.485070e+01   5.166051e-01
  1.921359e+00   2.531277e+01   5.208520e-01
  1.926047e+00   2.577317e+01   5.250368e-01
  1.930735e+00   2.606342e+01   5.272505e-01
  1.935423e+00   2.518575e+01   5.177678e-01
  1.940112e+00   2.446156e+01   5.096474e-01
  1.944800e+00   2.467359e+01   5.107060e-01
  1.949488e+00   2.540866e+01   5.169281e-01
  1.954176e+00   2.495481e+01   5.111585e-01
  1.958865e+00   2.510066e+01   5.115168e-01
  1.963553e+00   2.554537e+01   5.151224e-01
  1.968241e+00   2.556900e+01   5.148402e-01
  1.972929e+00   2.569434e+01   5.154536e-01
  1.977618e+00   2.559097e+01   5.140026e-01
  1.982306e+00   2.551292e+01   5.129334e-01
  1.986994e+00   2.567140e+01   5.144477e-01
  1.991682e+00   2.491291e+01   5.068302e-01
  1.996370e+00   2.544268e+01   5.123297e-01
  2.001059e+00   2.555801e+01   5.136470e-01
  2.005747e+00   2.557053e+01   5.136091e-01
  2.010435e+00   2.535165e+01   5.105794e-01
  2.015123e+00   2.568228e+01   5.133524e-01
  2.019812e+00   2.586657e+01   5.146861e-01
  2.024500e+00   2.515993e+01   5.071619e-01
  2.029188e+00   2.548463e+01   5.097968e-01
  2.033876e+00   2.534061e+01   5.077890e-01
  2.038565e+00   2.613723e+01   5.151671e-01
  2.043253e+00   2.543880e+01   5.078568e-01
  2.047941e+00   2.623906e+01   5.151895e-01
  2.052629e+00   2.586297e+01   5.127231e-01
  2.057317e+00   2.579354e+01   5.269972e-01
  2.062006e+00   2.620002e+01   5.407780e-01
  2.066694e+00   2.588621e+01   5.446761e-01
  2.071382e+00   2.551015e+01   5.465102e-01
  2.076070e+00   2.523986e+01   5.489091e-01
  2.080759e+00   2.541368e+01   5.556960e-01
  2.085447e+00   2.575992e+01   5.637698e-01
  2.090135e+00   2.522607e+01   5.600001e-01
  2.094823e+00   2.455695e+01   5.541032e-01
  2.099511e+00   2.473618e+01   5.576889e-01
  2.104200e+00   2.576588e+01   5.706549e-01
  2.108888e+00   2.566650e+01   5.708207e-01
  2.113576e+00   2.589103e+01   5.745770e-01
  2.118264e+00   2.563703e+01   5.661780e-01
  2.122953e+00   2.443384e+01   5.352307e-01
  2.127641e+00   2.480829e+01   5.303890e-01
  2.132329e+00   2.616244e+01   5.380563e-01
  2.137017e+00   2.508130e+01   5.218501e-01
  2.141706e+00   2.558558e+01   5.227060e-01
  2.146394e+00   2.619120e+01   5.249876e-01
  2.151082e+00   2.567557e+01   5.169327e-01
  2.155770e+00   2.472805e+01   5.061994e-01
  2.160458e+00   2.494425e+01   5.072291e-01
  2.165147e+00   2.436824e+01   5.002916e-01
  2.169835e+00   2.477465e+01   5.032689e-01
  2.174523e+00   2.573253e+01   5.120112e-01
  2.179211e+00   2.556521e+01   5.094367e-01
  2.183900e+00   2.525537e+01   5.054483e-01
  2.188588e+00   2.440478e+01   4.959543e-01
  2.193276e+00   2.477725e+01   4.988903e-01
  2.197964e+00   2.587030e+01   5.090309e-01
  2.202653e+00   2.523221e+01   5.019186e-01
  2.207341e+00   2.497599e+01   4.985787e-01
  2.212029e+00   2.550510e+01   5.030528e-01
  2.216717e+00   2.515864e+01   4.989700e-01
  2.221405e+00   2.483080e+01   4.949773e-01
  2.226094e+00   2.569818e+01   5.028573e-01
  2.230782e+00   2.482622e+01   4.935459e-01
  2.235470e+00   2.558975e+01   5.004131e-01
  2.240158e+00   2.547527e+01   4.986444e-01
  2.244847e+00   2.494490e+01   4.928455e-01
  2.249535e+00   2.522491e+01   4.948618e-01
  2.254223e+00   2.514040e+01   4.933929e-01
  2.258911e+00   2.520193e+01   4.934475e-01
  2.263600e+00   2.512350e+01   4.921067e-01
  2.268288e+00   2.516531e+01   4.918341e-01
  2.272976e+00   2.528942e+01   4.924022e-01
  2.277664e+00   2.491441e+01   4.882217e-01
  2.282352e+00   2.510212e+01   4.895210e-01
  2.287041e+00   2.445485e+01   4.825712e-01
  2.291729e+00   2.502561e+01   4.874889e-01
  2.296417e+00   2.540879e+01   4.907478e-01
  2.301105e+00   2.565031e+01   4.925270e-01
  2.305794e+00   2.540565e+01   4.896156e-01
  2.310482e+00   2.487140e+01   4.837721e-01
  2.315170e+00   2.526453e+01   4.871304e-01
  2.319858e+00   2.552491e+01   4.891250e-01
  2.324546e+00   2.539266e+01   4.873091e-01
  2.329235e+00   2.498197e+01   4.827059e-01
  2.333923e+00   2.508635e+01   4.832627e-01
  2.338611e+00   2.554515e+01   4.871652e-01
  2.343299e+00   2.537594e+01   4.850502e-01
  2.347988e+00   2.477482e+01   4.786317e-01
  2.352676e+00   2.535937e+01   4.838006e-01
  2.357364e+00   2.595611e+01   4.889697e-01
  2.362052e+00   2.560639e+01   4.851535e-01
  2.366741e+00   2.547774e+01   4.833843e-01
  2.371429e+00   2.496236e+01   4.779550e-01
  2.376117e+00   2.525856e+01   4.803455e-01
  2.380805e+00   2.541297e+01   4.813028e-01
  2.385493e+00   2.539525e+01   4.806226e-01
  2.390182e+00   2.516307e+01   4.779265e-01
  2.394870e+00   2.526714e+01   4.783966e-01
  2.399558e+00   2.475588e+01   4.731370e-01
  2.404246e+00   2.540701e+01   4.788087e-01
  2.408935e+00   2.518507e+01   4.761892e-01
  2.413623e+00   2.584484e+01   4.819040e-01
  2.418311e+00   2.494215e+01   4.729727e-01
  2.422999e+00   2.516788e+01   4.747177e-01
  2.427688e+00   2.610424e+01   4.828343e-01
  2.432376e+00   2.564030e+01   4.781158e-01
  2.437064e+00   2.504204e+01   4.720147e-01
  2.441752e+00   2.564282e+01   4.773162e-01
  2.446440e+00   2.555736e+01   4.758960e-01
  2.451129e+00   2.491115e+01   4.694229e-01
  2.455817e+00   2.494448e+01   4.693840e-01
  2.460505e+00   2.473149e+01   4.669875e-01
  2.465193e+00   2.524023e+01   4.711553e-01
  2.469882e+00   2.519539e+01   4.702505e-01
  2.474570e+00   2.589516e+01   4.763165e-01
  2.479258e+00   2.538500e+01   4.712192e-01
  2.483946e+00   2.551833e+01   4.719877e-01
  2.488634e+00   2.517501e+01   4.682674e-01
  2.493323e+00   2.537984e+01   4.697832e-01
  2.498011e+00   2.547125e+01   4.702387e-01
  2.502699e+00   2.558889e+01   4.708637e-01
  2.507387e+00   2.573970e+01   4.717391e-01
  2.512076e+00   2.521800e+01   4.665169e-01
  2.516764e+00   2.475794e+01   4.618756e-01
  2.521452e+00   2.504452e+01   4.641091e-01
  2.526140e+00   2.496566e+01   4.628866e-01
  2.530829e+00   2.469272e+01   4.599215e-01
  2.535517e+00   2.514880e+01   4.635262e-01
  2.540205e+00   2.519867e+01   4.630837e-01
  2.544893e+00   2.530611e+01   4.630624e-01
  2.549581e+00   2.461712e+01   4.559072e-01
  2.554270e+00   2.440904e+01   4.535454e-01
  2.558958e+00   2.536993e+01   4.619865e-01
  2.563646e+00   2.574116e+01   4.649452e-01
  2.568334e+00   2.551849e+01   4.624556e-01
  2.573023e+00   2.580926e+01   4.647022e-01
  2.577711e+00   2.533620e+01   4.600377e-01
  2.582399e+00   2.490109e+01   4.556950e-01
  2.587087e+00   2.499223e+01   4.562198e-01
  2.591776e+00   2.451726e+01   4.519271e-01
  2.596464e+00   2.518890e+01   4.582473e-01
  2.601152e+00   2.497093e+01   4.563229e-01
  2.605840e+00   2.553171e+01   4.609985e-01
  2.610528e+00   2.572984e+01   4.623750e-01
  2.615217e+00   2.494206e+01   4.548807e-01
  2.619905e+00   2.504554e+01   4.555056e-01
  2.624593e+00   2.521658e+01   4.565353e-01
  2.629281e+00   2.492738e+01   4.535411e-01
  2.633970e+00   2.516059e+01   4.552667e-01
  2.638658e+00   2.458892e+01   4.497546e-01
  2.643346e+00   2.539294e+01   4.565904e-01
  2.648034e+00   2.585552e+01   4.603761e-01
  2.652723e+00   2.571664e+01   4.587569e-01
  2.657411e+00   2.562584e+01   4.575363e-01
  2.662099e+00   2.524553e+01   4.537236e-01
  2.666787e+00   2.498107e+01   4.508750e-01
  2.671475e+00   2.518996e+01   4.523913e-01
  2.676164e+00   2.477086e+01   4.483307e-01
  2.680852e+00   2.469226e+01   4.473066e-01
  2.685540e+00   2.527357e+01   4.520183e-01
  2.690228e+00   2.473939e+01   4.467976e-01
  2.694917e+00   2.473157e+01   4.465124e-01
  2.699605e+00   2.520935e+01   4.504339e-01
  2.704293e+00   2.506079e+01   4.485565e-01
  2.708981e+00   2.553063e+01   4.523733e-01
  2.713669e+00   2.463899e+01   4.441039e-01
  2.718358e+00   2.544327e+01   4.509145e-01
  2.723046e+00   2.539699e+01   4.500724e-01
  2.727734e+00   2.525014e+01   4.483714e-01
  2.732422e+00   2.489812e+01   4.449357e-01
  2.737111e+00   2.457501e+01   4.416859e-01
  2.741799e+00   2.460902e+01   4.415864e-01
  2.746487e+00   2.479221e+01   4.428188e-01
  2.751175e+00   2.486689e+01   4.431757e-01
  2.755864e+00   2.480290e+01   4.422668e-01
  2.760552e+00   2.518212e+01   4.452453e-01
  2.765240e+00   2.546026e+01   4.472770e-01
  2.769928e+00   2.538631e+01   4.462889e-01
  2.774616e+00   2.555646e+01   4.474903e-01
  2.779305e+00   2.517135e+01   4.437061e-01
  2.783993e+00   2.519280e+01   4.434851e-01
  2.788681e+00   2.479164e+01   4.396250e-01
  2.793369e+00   2.488072e+01   4.401907e-01
  2.798058e+00   2.519650e+01   4.425114e-01
  2.802746e+00   2.558215e+01   4.456803e-01
  2.807434e+00   2.444220e+01   4.353913e-01
  2.812122e+00   2.514710e+01   4.410268e-01
  2.816811e+00   2.530104e+01   4.420785e-01
  2.821499e+00   2.521333e+01   4.408801e-01
  2.826187e+00   2.504672e+01   4.390255e-01
  2.830875e+00   2.491455e+01   4.375381e-01
  2.835563e+00   2.505725e+01   4.384888e-01
  2.840252e+00   2.482455e+01   4.360028e-01
  2.844940e+00   2.508905e+01   4.380101e-01
  2.849628e+00   2.519967e+01   4.386350e-01
  2.854316e+00   2.515397e+01   4.379219e-01
  2.859005e+00   2.464299e+01   4.407446e-01
  2.863693e+00   2.494498e+01   4.531630e-01
  2.868381e+00   2.581390e+01   4.670735e-01
  2.873069e+00   2.536695e+01   4.680323e-01
  2.877758e+00   2.429136e+01   4.619960e-01
  2.882446e+00   2.440337e+01   4.659469e-01
  2.887134e+00   2.444053e+01   4.678489e-01
  2.891822e+00   2.521174e+01   4.765599e-01
  2.896510e+00   2.477330e+01   4.737075e-01
  2.901199e+00   2.584362e+01   4.849655e-01
  2.905887e+00   2.467737e+01   4.750827e-01
  2.910575e+00   2.455977e+01   4.749945e-01
  2.915263e+00   2.549012e+01   4.848993e-01
  2.919952e+00   2.541810e+01   4.847594e-01
  2.924640e+00   2.501923e+01   4.679416e-01
  2.929328e+00   2.510003e+01   4.604122e-01
  2.934016e+00   2.451347e+01   4.497952e-01
  2.938704e+00   2.511341e+01   4.511552e-01
  2.943393e+00   2.563247e+01   4.525075e-01
  2.948081e+00   2.495642e+01   4.447607e-01
  2.952769e+00   2.485411e+01   4.427426e-01
  2.957457e+00   2.560102e+01   4.484383e-01
  2.962146e+00   2.516750e+01   4.436758e-01
  2.966834e+00   2.448218e+01   4.369156e-01
  2.971522e+00   2.467490e+01   4.377722e-01
  2.976210e+00   2.507715e+01   4.406394e-01
  2.980899e+00   2.533996e+01   4.422019e-01
  2.985587e+00   2.529098e+01   4.411049e-01
  2.990275e+00   2.527559e+01   4.403337e-01
  2.994963e+00   2.520877e+01   4.392209e-01
  2.999651e+00   2.554838e+01   4.415342e-01
  3.004340e+00   2.457924e+01   4.324951e-01
  3.009028e+00   2.488126e+01   4.345980e-01
  3.013716e+00   2.492852e+01   4.345321e-01
  3.018404e+00   2.511869e+01   4.356573e-01
  3.023093e+00   2.499834e+01   4.340616e-01
  3.027781e+00   2.469071e+01   4.308791e-01
  3.032469e+00   2.515977e+01   4.345132e-01
  3.037157e+00   2.527576e+01   4.350716e-01
  3.041846e+00   2.453641e+01   4.281183e-01
  3.046534e+00   2.470872e+01   4.291472e-01
  3.051222e+00   2.533293e+01   4.342171e-01
  3.055910e+00   2.471230e+01   4.284600e-01
  3.060598e+00   2.455602e+01   4.264796e-01
  3.065287e+00   2.493080e+01   4.293248e-01
  3.069975e+00   2.529299e+01   4.320220e-01
  3.074663e+00   2.514750e+01   4.304198e-01
  3.079351e+00   2.490914e+01   4.278904e-01
  3.084040e+00   2.491702e+01   4.274999e-01
  3.088728e+00   2.485484e+01   4.266087e-01
  3.093416e+00   2.497339e+01   4.273963e-01
  3.098104e+00   2.480766e+01   4.255131e-01
  3.102793e+00   2.464710e+01   4.236884e-01
  3.107481e+00   2.543104e+01   4.300028e-01
  3.112169e+00   2.473019e+01   4.236236e-01
  3.116857e+00   2.456317e+01   4.217673e-01
  3.121545e+00   2.477944e+01   4.231896e-01
  3.126234e+00   2.480795e+01   4.230821e-01
  3.130922e+00   2.463099e+01   4.212695e-01
  3.135610e+00   2.492320e+01   4.233739e-01
  3.140298e+00   2.557849e+01   4.287002e-01
  3.144987e+00   2.553621e+01   4.279954e-01
  3.149675e+00   2.535486e+01   4.258950e-01
  3.154363e+00   2.516543e+01   4.239762e-01
  3.159051e+00   2.479193e+01   4.203625e-01
  3.163739e+00   2.458705e+01   4.182682e-01
  3.168428e+00   2.450569e+01   4.173048e-01
  3.173116e+00   2.433562e+01   4.155760e-01
  3.177804e+00   2.465097e+01   4.178027e-01
  3.182492e+00   2.499829e+01   4.203745e-01
  3.187181e+00   2.442137e+01   4.151816e-01
  3.191869e+00   2.441945e+01   4.148357e-01
  3.196557e+00   2.476466e+01   4.173681e-01
  3.201245e+00   2.454319e+01   4.151512e-01
  3.205934e+00   2.466672e+01   4.158773e-01
  3.210622e+00   2.511983e+01   4.194098e-01
  3.215310e+00   2.527096e+01   4.202519e-01
  3.219998e+00   2.531589e+01   4.201348e-01
  3.224686e+00   2.469352e+01   4.142641e-01
  3.229375e+00   2.477262e+01   4.141505e-01
  3.234063e+00   2.506650e+01   4.160849e-01
  3.238751e+00   2.468317e+01   4.125362e-01
  3.243439e+00   2.513745e+01   4.159867e-01
  3.248128e+00   2.509347e+01   4.153468e-01
  3.252816e+00   2.460999e+01   4.110114e-01
  3.257504e+00   2.474269e+01   4.117279e-01
  3.262192e+00   2.509109e+01   4.143395e-01
  3.266881e+00   2.448314e+01   4.089849e-01
  3.271569e+00   2.453176e+01   4.090976e-01
  3.276257e+00   2.388130e+01   4.033425e-01
  3.280945e+00   2.454228e+01   4.089516e-01
  3.285633e+00   2.466679e+01   4.101298e-01
  3.290322e+00   2.510490e+01   4.137157e-01
  3.295010e+00   2.497729e+01   4.123176e-01
  3.299698e+00   2.520755e+01   4.139018e-01
  3.304386e+00   2.526446e+01   4.140460e-01
  3.309075e+00   2.456683e+01   4.080398e-01
  3.313763e+00   2.420288e+01   4.046715e-01
  3.318451e+00   2.495558e+01   4.105734e-01
  3.323139e+00   2.496706e+01   4.104046e-01
  3.327828e+00   2.496999e+01   4.101046e-01
  3.332516e+00   2.495600e+01   4.097373e-01
  3.337204e+00   2.486043e+01   4.085682e-01
  3.341892e+00   2.484496e+01   4.082418e-01
  3.346580e+00   2.448749e+01   4.049958e-01
  3.351269e+00   2.458855e+01   4.054923e-01
  3.355957e+00   2.482993e+01   4.079545e-01
  3.360645e+00   2.449161e+01   4.150835e-01
  3.365333e+00   2.464721e+01   4.229911e-01
  3.370022e+00   2.455037e+01   4.267883e-01
  3.374710e+00   2.477539e+01   4.308529e-01
  3.379398e+00   2.509162e+01   4.352121e-01
  3.384086e+00   2.535622e+01   4.389184e-01
  3.388774e+00   2.487549e+01   4.352274e-01
  3.393463e+00   2.451615e+01   4.317094e-01
  3.398151e+00   2.517007e+01   4.378550e-01
  3.402839e+00   2.550611e+01   4.417445e-01
  3.407527e+00   2.490700e+01   4.374943e-01
  3.412216e+00   2.497418e+01   4.389170e-01
  3.416904e+00   2.506805e+01   4.405634e-01
  3.421592e+00   2.480582e+01   4.390944e-01
  3.426280e+00   2.427503e+01   4.350878e-01
  3.430969e+00   2.421454e+01   4.353140e-01
  3.435657e+00   2.434445e+01   4.372109e-01
  3.440345e+00   2.490497e+01   4.427823e-01
  3.445033e+00   2.395110e+01   4.348864e-01
  3.449721e+00   2.464494e+01   4.418642e-01
  3.454410e+00   2.495382e+01   4.451272e-01
  3.459098e+00   2.438604e+01   4.406058e-01
  3.463786e+00   2.384770e+01   4.362697e-01
  3.468474e+00   2.463091e+01   4.439497e-01
  3.473163e+00   2.541973e+01   4.514855e-01
  3.477851e+00   2.478531e+01   4.463751e-01
  3.482539e+00   2.478109e+01   4.470336e-01
  3.487227e+00   2.460344e+01   4.457071e-01
  3.491916e+00   2.427320e+01   4.432310e-01
  3.496604e+00   2.428576e+01   4.437957e-01
  3.501292e+00   2.469842e+01   4.480055e-01
  3.505980e+00   2.446845e+01   4.463871e-01
  3.510668e+00   2.507330e+01   4.523193e-01
  3.515357e+00   2.493480e+01   4.514511e-01
  3.520045e+00   2.499950e+01   4.525386e-01
  3.524733e+00   2.449299e+01   4.483082e-01
  3.529421e+00   2.501881e+01   4.534749e-01
  3.534110e+00   2.543440e+01   4.576859e-01
  3.538798e+00   2.507730e+01   4.548144e-01
  3.543486e+00   2.402570e+01   4.455677e-01
  3.548174e+00   2.392488e+01   4.450251e-01
  3.552863e+00   2.470303e+01   4.525533e-01
  3.557551e+00   2.492982e+01   4.549696e-01
  3.562239e+00   2.496793e+01   4.557267e-01
  3.566927e+00   2.528436e+01   4.589572e-01
  3.571615e+00   2.440757e+01   4.512470e-01
  3.576304e+00   2.384750e+01   4.463577e-01
  3.580992e+00   2.483485e+01   4.557912e-01
  3.585680e+00   2.503152e+01   4.573258e-01
  3.590368e+00   2.511383e+01   4.576464e-01
  3.595057e+00   2.444435e+01   4.511030e-01
  3.599745e+00   2.474305e+01   4.534563e-01
  3.604433e+00   2.441790e+01   4.501958e-01
  3.609121e+00   2.477224e+01   4.539224e-01
  3.613809e+00   2.545299e+01   4.601817e-01
  3.618498e+00   2.462422e+01   4.528650e-01
  3.623186e+00   2.451696e+01   4.521992e-01
  3.627874e+00   2.424626e+01   4.499704e-01
  3.632562e+00   2.492220e+01   4.564395e-01
  3.637251e+00   2.514644e+01   4.588001e-01
  3.641939e+00   2.432275e+01   4.514805e-01
  3.646627e+00   2.431618e+01   4.517268e-01
  3.651315e+00   2.494289e+01   4.577342e-01
  3.656004e+00   2.498115e+01   4.585479e-01
  3.660692e+00   2.498216e+01   4.656396e-01
  3.665380e+00   2.502895e+01   4.827485e-01
  3.670068e+00   2.499855e+01   4.907930e-01
  3.674756e+00   2.477096e+01   4.962442e-01
  3.679445e+00   2.497042e+01   5.041973e-01
  3.684133e+00   2.430328e+01   5.008141e-01
  3.688821e+00   2.526048e+01   5.137343e-01
  3.693509e+00   2.522001e+01   5.163612e-01
  3.698198e+00   2.490579e+01   5.159404e-01
  3.702886e+00   2.447668e+01   5.142702e-01
  3.707574e+00   2.468612e+01   5.190510e-01
  3.712262e+00   2.448621e+01   5.195662e-01
  3.716951e+00   2.492585e+01   5.267003e-01
  3.721639e+00   2.548877e+01   5.351517e-01
  3.726327e+00   2.446224e+01   5.266250e-01
  3.731015e+00   2.401572e+01   5.241939e-01
  3.735703e+00   2.382954e+01   5.244249e-01
  3.740392e+00   2.486402e+01   5.380586e-01
  3.745080e+00   2.430201e+01   5.341545e-01
  3.749768e+00   2.478960e+01   5.417834e-01
  3.754456e+00   2.441697e+01   5.399012e-01
  3.759145e+00   2.415733e+01   5.392458e-01
  3.763833e+00   2.375148e+01   5.368301e-01
  3.768521e+00   2.502400e+01   5.532472e-01
  3.773209e+00   2.493557e+01   5.544227e-01
  3.777897e+00   2.492924e+01   5.565474e-01
  3.782586e+00   2.468689e+01   5.559642e-01
  3.787274e+00   2.485717e+01   5.600389e-01
  3.791962e+00   2.538745e+01   5.681475e-01
  3.796650e+00   2.508906e+01   5.669377e-01
  3.801339e+00   2.435267e+01   5.606551e-01
  3.806027e+00   2.456122e+01   5.651561e-01
  3.810715e+00   2.424473e+01   5.635951e-01
  3.815403e+00   2.409053e+01   5.638698e-01
  3.820092e+00   2.369818e+01   5.613217e-01
  3.824780e+00   2.455192e+01   5.734391e-01
  3.829468e+00   2.500220e+01   5.808111e-01
  3.834156e+00   2.462012e+01   5.784094e-01
  3.838844e+00   2.373706e+01   5.700200e-01
  3.843533e+00   2.459192e+01   5.822617e-01
  3.848221e+00   2.496059e+01   5.886976e-01
  3.852909e+00   2.517802e+01   5.933928e-01
  3.857597e+00   2.442691e+01   5.865648e-01
  3.862286e+00   2.453394e+01   5.899426e-01
  3.866974e+00   2.515091e+01   5.994200e-01
  3.871662e+00   2.518670e+01   6.021001e-01
  3.876350e+00   2.528356e+01   6.054824e-01
  3.881039e+00   2.517595e+01   6.061294e-01
  3.885727e+00   2.458154e+01   6.010383e-01
  3.890415e+00   2.411229e+01   5.973110e-01
  3.895103e+00   2.446231e+01   6.038092e-01
  3.899791e+00   2.514899e+01   6.143085e-01
  3.904480e+00   2.398924e+01   6.021180e-01
  3.909168e+00   2.474363e+01   6.136161e-01
  3.913856e+00   2.472860e+01   6.156615e-01
  3.918544e+00   2.367245e+01   6.043752e-01
  3.923233e+00   2.438802e+01   6.156535e-01
  3.927921e+00   2.534763e+01   6.297646e-01
  3.932609e+00   2.561781e+01   6.352553e-01
  3.937297e+00   2.497267e+01   6.283332e-01
  3.941986e+00   2.396544e+01   6.163054e-01
  3.946674e+00   2.399646e+01   6.173328e-01
  3.951362e+00   2.497910e+01   6.294819e-01
  3.956050e+00   2.453193e+01   6.227706e-01
  3.960738e+00   2.642577e+01   6.461936e-01
  3.965427e+00   2.539251e+01   6.341916e-01
  3.970115e+00   2.518507e+01   6.335484e-01
  3.974803e+00   2.520856e+01   6.358743e-01
  3.979491e+00   2.434356e+01   6.266189e-01
  3.984180e+00   2.481040e+01   6.347296e-01
  3.988868e+00   2.501655e+01   6.394830e-01
  3.993556e+00   2.491427e+01   6.403112e-01
  3.998244e+00   2.514594e+01   6.454775e-01
  4.002932e+00   2.522160e+01   6.486545e-01
  4.007621e+00   2.414316e+01   6.367339e-01
  4.012309e+00   2.379261e+01   6.342288e-01
  4.016997e+00   2.492958e+01   6.514112e-01
  4.021685e+00   2.482920e+01   6.523365e-01
  4.026374e+00   2.419876e+01   6.461816e-01
  4.031062e+00   2.455281e+01   6.530908e-01
  4.035750e+00   2.421420e+01   6.507689e-01
  4.040438e+00   2.535840e+01   6.682696e-01
  4.045127e+00   2.571129e+01   6.752087e-01
  4.049815e+00   2.440233e+01   6.600446e-01
  4.054503e+00   2.367472e+01   6.523461e-01
  4.059191e+00   2.491429e+01   6.715437e-01
  4.063879e+00   2.501494e+01   6.752328e-01
  4.068568e+00   2.472951e+01   6.736776e-01
  4.073256e+00   2.474740e+01   6.762381e-01
  4.077944e+00   2.486118e+01   6.801757e-01
  4.082632e+00   2.491935e+01   6.833378e-01
  4.087321e+00   2.439953e+01   6.785493e-01
  4.092009e+00   2.416623e+01   6.776587e-01
  4.096697e+00   2.500032e+01   6.916789e-01
  4.101385e+00   2.450649e+01   6.871942e-01
  4.106074e+00   2.435667e+01   6.875542e-01
  4.110762e+00   2.502660e+01   6.994416e-01
  4.115450e+00   2.412483e+01   6.891559e-01
  4.120138e+00   2.374187e+01   6.860558e-01
  4.124826e+00   2.392555e+01   6.911885e-01
  4.129515e+00   2.508703e+01   7.103540e-01
  4.134203e+00   2.464234e+01   7.065273e-01
  4.138891e+00   2.503609e+01   7.147409e-01
  4.143579e+00   2.527304e+01   7.207188e-01
  4.148268e+00   2.487790e+01   7.177122e-01
  4.152956e+00   2.404088e+01   7.080975e-01
  4.157644e+00   2.533270e+01   7.294555e-01
  4.162332e+00   2.584696e+01   7.396418e-01
  4.167021e+00   2.588811e+01   7.429626e-01
  4.171709e+00   2.512016e+01   7.345003e-01
  4.176397e+00   2.560221e+01   7.443261e-01
  4.181085e+00   2.613648e+01   7.548596e-01
  4.185773e+00   2.436882e+01   7.316896e-01
  4.190462e+00   2.377740e+01   7.255448e-01
  4.195150e+00   2.539657e+01   7.535751e-01
  4.199838e+00   2.487895e+01   7.479663e-01
  4.204526e+00   2.432767e+01   7.421917e-01
  4.209215e+00   2.352497e+01   7.326640e-01
  4.213903e+00   2.390827e+01   7.414519e-01
  4.218591e+00   2.593690e+01   7.752496e-01
  4.223279e+00   2.532380e+01   7.690538e-01
  4.227967e+00   2.541538e+01   7.734122e-01
  4.232656e+00   2.526585e+01   7.741784e-01
  4.237344e+00   2.499471e+01   7.730953e-01
  4.242032e+00   2.480951e+01   7.732533e-01
  4.246720e+00   2.466982e+01   7.740875e-01
  4.251409e+00   2.451423e+01   7.748775e-01
  4.256097e+00   2.495911e+01   7.849417e-01
  4.260785e+00   2.360201e+01   7.663842e-01
  4.265473e+00   2.387584e+01   7.747217e-01
  4.270162e+00   2.435350e+01   7.863674e-01
  4.274850e+00   2.452656e+01   7.948116e-01
  4.279538e+00   2.454631e+01   7.987036e-01
  4.284226e+00   2.548092e+01   8.136533e-01
  4.288914e+00   2.432905e+01   7.975531e-01
  4.293603e+00   2.530596e+01   8.168769e-01
  4.298291e+00   2.586528e+01   8.294883e-01
  4.302979e+00   2.384611e+01   7.996879e-01
  4.307667e+00   2.560862e+01   8.323180e-01
  4.312356e+00   2.581932e+01   8.394434e-01
  4.317044e+00   2.488902e+01   8.276187e-01
  4.321732e+00   2.399817e+01   8.162715e-01
  4.326420e+00   2.484226e+01   8.342302e-01
  4.331109e+00   2.458637e+01   8.334756e-01
  4.335797e+00   2.517897e+01   8.472552e-01
  4.340485e+00   2.558101e+01   8.586528e-01
  4.345173e+00   2.543907e+01   8.595381e-01
  4.349861e+00   2.563762e+01   8.665558e-01
  4.354550e+00   2.540567e+01   8.666304e-01
  4.359238e+00   2.455968e+01   8.559628e-01
  4.363926e+00   2.489194e+01   8.657082e-01
  4.368614e+00   2.496948e+01   8.710911e-01
  4.373303e+00   2.567494e+01   8.875428e-01
  4.377991e+00   2.517512e+01   8.829702e-01
  4.382679e+00   2.518384e+01   8.873096e-01
  4.387367e+00   2.441974e+01   8.780499e-01
  4.392056e+00   2.430376e+01   8.801407e-01
  4.396744e+00   2.552320e+01   9.063068e-01
  4.401432e+00   2.544748e+01   9.103714e-01
  4.406120e+00   2.500757e+01   9.050154e-01
  4.410808e+00   2.641981e+01   9.308656e-01
  4.415497e+00   2.548904e+01   9.149307e-01
  4.420185e+00   2.613694e+01   9.270589e-01
  4.424873e+00   2.510306e+01   9.092296e-01
  4.429561e+00   2.496738e+01   9.073886e-01
  4.434250e+00   2.584948e+01   9.239188e-01
  4.438938e+00   2.394558e+01   8.899153e-01
  4.443626e+00   2.449502e+01   9.005740e-01
  4.448314e+00   2.382555e+01   8.903071e-01
  4.453002e+00   2.418228e+01   9.012613e-01
  4.457691e+00   2.512569e+01   9.233472e-01
  4.462379e+00   2.454336e+01   9.171917e-01
  4.467067e+00   2.540398e+01   9.378899e-01
  4.471755e+00   2.504179e+01   9.359633e-01
  4.476444e+00   2.448702e+01   9.303976e-01
  4.481132e+00   2.430566e+01   9.318057e-01
  4.485820e+00   2.412582e+01   9.333319e-01
  4.490508e+00   2.498034e+01   9.547648e-01
  4.495197e+00   2.504382e+01   9.611114e-01
  4.499885e+00   2.580596e+01   9.809069e-01
  4.504573e+00   2.423243e+01   9.557227e-01
  4.509261e+00   2.401447e+01   9.567001e-01
  4.513949e+00   2.551108e+01   9.916214e-01
  4.518638e+00   2.435254e+01   9.743173e-01
  4.523326e+00   2.489963e+01   9.908381e-01
  4.528014e+00   2.496643e+01   9.978548e-01
  4.532702e+00   2.482890e+01   1.000862e+00
  4.537391e+00   2.551605e+01   1.020545e+00
  4.542079e+00   2.379251e+01   9.913781e-01
  4.546767e+00   2.430014e+01   1.007919e+00
  4.551455e+00   2.414315e+01   1.010710e+00
  4.556144e+00   2.543694e+01   1.043763e+00
  4.560832e+00   2.449031e+01   1.030460e+00
  4.565520e+00   2.428359e+01   1.032483e+00
  4.570208e+00   2.462913e+01   1.046471e+00
  4.574896e+00   2.431452e+01   1.046473e+00
  4.579585e+00   2.603161e+01   1.089754e+00
  4.584273e+00   2.526205e+01   1.080507e+00
  4.588961e+00   2.362996e+01   1.051898e+00
  4.593649e+00   2.500084e+01   1.089187e+00
  4.598338e+00   2.406432e+01   1.075968e+00
  4.603026e+00   2.594823e+01   1.124919e+00
  4.607714e+00   2.758580e+01   1.167879e+00
  4.612402e+00   2.579992e+01   1.137335e+00
  4.617091e+00   2.320904e+01   1.086345e+00
  4.621779e+00   2.392727e+01   1.111087e+00
  4.626467e+00   2.549698e+01   1.155356e+00
  4.631155e+00   2.540661e+01   1.161793e+00
  4.635843e+00   2.603939e+01   1.184936e+00
  4.640532e+00   2.602734e+01   1.193612e+00
  4.645220e+00   2.597948e+01   1.201835e+00
  4.649908e+00   2.524344e+01   1.193991e+00
  4.654596e+00   2.506696e+01   1.199178e+00
  4.659285e+00   2.555295e+01   1.220429e+00
  4.663973e+00   2.626625e+01   1.247381e+00
  4.668661e+00   2.695481e+01   1.274330e+00
  4.673349e+00   2.613079e+01   1.265228e+00
  4.678037e+00   2.358186e+01   1.212146e+00
  4.682726e+00   2.405248e+01   1.234731e+00
  4.687414e+00   2.460846e+01   1.259989e+00
  4.692102e+00   2.450462e+01   1.268787e+00
  4.696790e+00   2.529084e+01   1.300659e+00
  4.701479e+00   2.530640e+01   1.313046e+00
  4.706167e+00   2.544377e+01   1.328944e+00
  4.710855e+00   2.549634e+01   1.343402e+00
  4.715543e+00   2.580237e+01   1.364629e+00
  4.720232e+00   2.543384e+01   1.368247e+00
  4.724920e+00   2.360452e+01   1.331400e+00
  4.729608e+00   2.306827e+01   1.330018e+00
  4.734296e+00   2.456020e+01   1.386938e+00
  4.738984e+00   2.753768e+01   1.484289e+00
  4.743673e+00   2.549781e+01   1.443830e+00
  4.748361e+00   2.734050e+01   1.512045e+00
  4.753049e+00   2.444994e+01   1.446472e+00
  4.757737e+00   2.335584e+01   1.430172e+00
  4.762426e+00   2.458112e+01   1.484643e+00
  4.767114e+00   2.489876e+01   1.512762e+00
  4.771802e+00   2.540255e+01   1.547543e+00
  4.776490e+00   2.433919e+01   1.534142e+00
  4.781179e+00   2.713097e+01   1.640912e+00
  4.785867e+00   2.537117e+01   1.608562e+00
  4.790555e+00   2.378237e+01   1.579239e+00
  4.795243e+00   2.408118e+01   1.611603e+00
  4.799931e+00   2.399615e+01   1.632145e+00
  4.804620e+00   2.435437e+01   1.669620e+00
  4.809308e+00   2.392470e+01   1.680636e+00
  4.813996e+00   2.597418e+01   1.778947e+00
  4.818684e+00   2.613110e+01   1.813524e+00
  4.823373e+00   2.461662e+01   1.791244e+00
  4.828061e+00   2.476377e+01   1.828485e+00
  4.832749e+00   2.466004e+01   1.857773e+00
  4.837437e+00   2.652651e+01   1.963498e+00
  4.842125e+00   2.471540e+01   1.933421e+00
  4.846814e+00   2.252289e+01   1.883131e+00
  4.851502e+00   2.720422e+01   2.113300e+00
  4.856190e+00   2.524280e+01   2.082034e+00
  4.860878e+00   2.439908e+01   2.094747e+00
  4.865567e+00   2.639240e+01   2.231206e+00
  4.870255e+00   2.569923e+01   2.258596e+00
  4.874943e+00   2.540312e+01   2.308292e+00
  4.879631e+00   2.485979e+01   2.347877e+00
  4.884320e+00   2.237083e+01   2.293760e+00
  4.889008e+00   2.289474e+01   2.396808e+00
  4.893696e+00   2.443666e+01   2.561240e+00
  4.898384e+00   2.648531e+01   2.763363e+00
  4.903072e+00   2.807558e+01   2.958495e+00
  4.907761e+00   2.414885e+01   2.899564e+00
  4.912449e+00   2.416940e+01   4.008100e+00
  4.917137e+00   5.223697e+01   1.619881e+01
