# [1] GI
# Sample c= 1.06 mg/ml
#
# Sample environment:
# Detector = Pilatus
# PixelSize_1 = 0.000172
# PixelSize_2 = 0.000172
#
# title = [1] GI
# Frame 115 of 120
# Time per frame (s) = 1.0
# SampleDistance = 2.869
# WaveLength = 9.919e-11
# Normalization = 0.001062898
# DiodeCurr = 8.635943e-05
# MachCurr = 68.64552
# Mask = /data/bm29/archive/CALIBRATION/MASK/BM29/Pcon_19thNovember2015_7keV_v3.edf
#
# N 3
# L q*nm  I_[1] GI  stddev
#
# Sample Information:
# Storage Temperature (degrees C): 20.0
# Measurement Temperature (degrees C): 20.08
# Concentration: 1.06
# Code: GI
  3.200246e-02   1.836891e+02   2.046995e+01
  3.669069e-02   5.422576e+02   1.596781e+01
  4.137892e-02   8.549041e+02   1.493540e+01
  4.606715e-02   7.869858e+02   1.186518e+01
  5.075538e-02   5.902729e+02   9.334209e+00
  5.544361e-02   4.865419e+02   7.829232e+00
  6.013183e-02   4.088859e+02   6.862021e+00
  6.482006e-02   3.556359e+02   6.140041e+00
  6.950829e-02   3.158523e+02   5.552180e+00
  7.419652e-02   2.889830e+02   5.097915e+00
  7.888475e-02   2.737047e+02   4.796138e+00
  8.357298e-02   2.566317e+02   4.505824e+00
  8.826121e-02   2.422724e+02   4.253963e+00
  9.294944e-02   2.344789e+02   4.062339e+00
  9.763767e-02   2.282923e+02   3.897841e+00
  1.023259e-01   2.192900e+02   3.729313e+00
  1.070141e-01   2.193280e+02   3.644419e+00
  1.117024e-01   2.142110e+02   3.520029e+00
  1.163906e-01   2.082629e+02   3.386777e+00
  1.210788e-01   2.034878e+02   3.281916e+00
  1.257670e-01   1.995449e+02   3.187532e+00
  1.304553e-01   1.965142e+02   3.107519e+00
  1.351435e-01   1.933222e+02   3.020083e+00
  1.398317e-01   1.973588e+02   2.998762e+00
  1.445200e-01   1.924124e+02   2.912010e+00
  1.492082e-01   1.899196e+02   2.846920e+00
  1.538964e-01   1.893344e+02   2.792490e+00
  1.585846e-01   1.870384e+02   2.731473e+00
  1.632729e-01   1.841853e+02   2.671192e+00
  1.679611e-01   1.836790e+02   2.629975e+00
  1.726493e-01   1.820595e+02   2.579556e+00
  1.773376e-01   1.784774e+02   2.515880e+00
  1.820258e-01   1.744604e+02   2.455463e+00
  1.867140e-01   1.734706e+02   2.417675e+00
  1.914022e-01   1.766928e+02   2.409219e+00
  1.960905e-01   1.723661e+02   2.346421e+00
  2.007787e-01   1.724817e+02   2.322171e+00
  2.054669e-01   1.728447e+02   2.298090e+00
  2.101552e-01   1.719023e+02   2.266143e+00
  2.148434e-01   1.698235e+02   2.223556e+00
  2.195316e-01   1.664258e+02   2.177161e+00
  2.242199e-01   1.616784e+02   2.123633e+00
  2.289081e-01   1.633725e+02   2.112843e+00
  2.335963e-01   1.631465e+02   2.087704e+00
  2.382845e-01   1.627346e+02   2.063114e+00
  2.429728e-01   1.608324e+02   2.031437e+00
  2.476610e-01   1.592221e+02   2.002198e+00
  2.523492e-01   1.556631e+02   1.960197e+00
  2.570375e-01   1.550327e+02   1.936171e+00
  2.617257e-01   1.534386e+02   1.909184e+00
  2.664139e-01   1.518631e+02   1.882797e+00
  2.711021e-01   1.516498e+02   1.865208e+00
  2.757904e-01   1.509860e+02   1.843267e+00
  2.804786e-01   1.496464e+02   1.820563e+00
  2.851668e-01   1.455449e+02   1.780888e+00
  2.898551e-01   1.420903e+02   1.744426e+00
  2.945433e-01   1.466908e+02   1.758162e+00
  2.992315e-01   1.432082e+02   1.762125e+00
  3.039197e-01   1.429293e+02   1.774316e+00
  3.086080e-01   1.413288e+02   1.769466e+00
  3.132962e-01   1.376724e+02   1.747337e+00
  3.179844e-01   1.371706e+02   1.743808e+00
  3.226727e-01   1.364496e+02   1.739171e+00
  3.273609e-01   1.332707e+02   1.716876e+00
  3.320491e-01   1.339598e+02   1.718217e+00
  3.367374e-01   1.341894e+02   1.715162e+00
  3.414256e-01   1.332331e+02   1.705566e+00
  3.461138e-01   1.295973e+02   1.678695e+00
  3.508020e-01   1.274904e+02   1.660991e+00
  3.554903e-01   1.241879e+02   1.633219e+00
  3.601785e-01   1.227172e+02   1.620420e+00
  3.648667e-01   1.261991e+02   1.655086e+00
  3.695550e-01   1.214569e+02   1.660468e+00
  3.742432e-01   1.194987e+02   1.665642e+00
  3.789314e-01   1.186315e+02   1.675260e+00
  3.836196e-01   1.181837e+02   1.682802e+00
  3.883079e-01   1.161553e+02   1.677362e+00
  3.929961e-01   1.167057e+02   1.696689e+00
  3.976843e-01   1.148022e+02   1.705663e+00
  4.023726e-01   1.129841e+02   1.708885e+00
  4.070608e-01   1.074750e+02   1.673494e+00
  4.117490e-01   1.097769e+02   1.694645e+00
  4.164372e-01   1.077300e+02   1.681592e+00
  4.211255e-01   1.057017e+02   1.669017e+00
  4.258137e-01   1.044577e+02   1.660568e+00
  4.305019e-01   1.029733e+02   1.647188e+00
  4.351902e-01   1.033389e+02   1.646708e+00
  4.398784e-01   1.011844e+02   1.627478e+00
  4.445666e-01   9.833855e+01   1.622809e+00
  4.492548e-01   9.869521e+01   1.681263e+00
  4.539431e-01   9.711509e+01   1.699848e+00
  4.586313e-01   9.705148e+01   1.724916e+00
  4.633195e-01   9.609346e+01   1.739336e+00
  4.680078e-01   9.340759e+01   1.735107e+00
  4.726960e-01   9.302685e+01   1.750076e+00
  4.773842e-01   9.185149e+01   1.756280e+00
  4.820725e-01   8.816560e+01   1.737215e+00
  4.867607e-01   9.036180e+01   1.775516e+00
  4.914489e-01   8.791967e+01   1.766648e+00
  4.961371e-01   8.655843e+01   1.767363e+00
  5.008254e-01   8.756518e+01   1.792221e+00
  5.055136e-01   8.595089e+01   1.790497e+00
  5.102018e-01   8.508173e+01   1.740567e+00
  5.148901e-01   8.575974e+01   1.686432e+00
  5.195783e-01   8.410649e+01   1.642028e+00
  5.242665e-01   7.943963e+01   1.577112e+00
  5.289547e-01   8.041087e+01   1.571640e+00
  5.336430e-01   7.978748e+01   1.551962e+00
  5.383312e-01   7.727919e+01   1.516266e+00
  5.430194e-01   7.660490e+01   1.500546e+00
  5.477077e-01   7.344753e+01   1.461140e+00
  5.523959e-01   7.489146e+01   1.467217e+00
  5.570841e-01   7.400224e+01   1.450515e+00
  5.617723e-01   7.393188e+01   1.443683e+00
  5.664606e-01   7.384367e+01   1.436488e+00
  5.711488e-01   7.133727e+01   1.406326e+00
  5.758370e-01   7.035905e+01   1.388855e+00
  5.805253e-01   7.075030e+01   1.384120e+00
  5.852135e-01   6.773250e+01   1.345606e+00
  5.899017e-01   6.550538e+01   1.314135e+00
  5.945900e-01   6.366398e+01   1.285136e+00
  5.992782e-01   6.563955e+01   1.296526e+00
  6.039664e-01   6.643060e+01   1.296656e+00
  6.086546e-01   6.364512e+01   1.261618e+00
  6.133429e-01   6.196609e+01   1.236831e+00
  6.180311e-01   6.201578e+01   1.230023e+00
  6.227193e-01   6.054508e+01   1.208657e+00
  6.274076e-01   5.981654e+01   1.196349e+00
  6.320958e-01   5.882209e+01   1.183059e+00
  6.367840e-01   5.760547e+01   1.167398e+00
  6.414722e-01   5.637457e+01   1.152536e+00
  6.461605e-01   5.744585e+01   1.160740e+00
  6.508487e-01   5.665371e+01   1.150241e+00
  6.555369e-01   5.522951e+01   1.132295e+00
  6.602252e-01   5.524537e+01   1.130060e+00
  6.649134e-01   5.468100e+01   1.121931e+00
  6.696016e-01   5.380181e+01   1.110564e+00
  6.742898e-01   5.234251e+01   1.092334e+00
  6.789781e-01   5.184446e+01   1.084761e+00
  6.836663e-01   5.265451e+01   1.090897e+00
  6.883545e-01   5.227556e+01   1.084948e+00
  6.930428e-01   4.990084e+01   1.057134e+00
  6.977310e-01   5.042380e+01   1.060245e+00
  7.024192e-01   4.951972e+01   1.048585e+00
  7.071074e-01   4.966033e+01   1.048063e+00
  7.117957e-01   4.834221e+01   1.031710e+00
  7.164839e-01   4.656540e+01   1.009950e+00
  7.211721e-01   4.681045e+01   1.010689e+00
  7.258604e-01   4.753217e+01   1.016372e+00
  7.305486e-01   4.592297e+01   9.973274e-01
  7.352368e-01   4.487631e+01   9.828595e-01
  7.399251e-01   4.580854e+01   9.914090e-01
  7.446133e-01   4.468613e+01   9.774355e-01
  7.493015e-01   4.444493e+01   9.736645e-01
  7.539897e-01   4.341708e+01   9.595488e-01
  7.586780e-01   4.281422e+01   9.504060e-01
  7.633662e-01   4.237646e+01   9.436757e-01
  7.680544e-01   4.170169e+01   9.345018e-01
  7.727427e-01   4.215957e+01   9.374862e-01
  7.774309e-01   4.111216e+01   9.236162e-01
  7.821191e-01   4.018513e+01   9.115509e-01
  7.868073e-01   3.982076e+01   9.057857e-01
  7.914956e-01   3.988088e+01   9.045298e-01
  7.961838e-01   3.974586e+01   9.009461e-01
  8.008720e-01   4.014114e+01   9.037536e-01
  8.055603e-01   3.951678e+01   8.950166e-01
  8.102485e-01   3.934539e+01   8.915821e-01
  8.149367e-01   3.828759e+01   8.772683e-01
  8.196249e-01   3.783437e+01   8.704043e-01
  8.243132e-01   3.803181e+01   8.712822e-01
  8.290014e-01   3.722319e+01   8.603715e-01
  8.336896e-01   3.775592e+01   8.645029e-01
  8.383779e-01   3.683930e+01   8.523163e-01
  8.430661e-01   3.599333e+01   8.410417e-01
  8.477543e-01   3.721157e+01   8.535899e-01
  8.524425e-01   3.708194e+01   8.504374e-01
  8.571308e-01   3.752701e+01   8.541459e-01
  8.618190e-01   3.606960e+01   8.356889e-01
  8.665072e-01   3.494987e+01   8.209910e-01
  8.711955e-01   3.537648e+01   8.245099e-01
  8.758837e-01   3.456711e+01   8.131757e-01
  8.805719e-01   3.334464e+01   7.972674e-01
  8.852602e-01   3.230798e+01   7.835215e-01
  8.899484e-01   3.405816e+01   8.031515e-01
  8.946366e-01   3.527205e+01   8.152599e-01
  8.993248e-01   3.384327e+01   7.974202e-01
  9.040131e-01   3.390665e+01   7.967085e-01
  9.087013e-01   3.398469e+01   7.963802e-01
  9.133895e-01   3.321183e+01   7.855300e-01
  9.180778e-01   3.270244e+01   7.781770e-01
  9.227660e-01   3.279630e+01   7.778349e-01
  9.274542e-01   3.338715e+01   7.836466e-01
  9.321424e-01   3.256079e+01   7.724313e-01
  9.368307e-01   3.212002e+01   7.655489e-01
  9.415189e-01   3.177626e+01   7.602621e-01
  9.462071e-01   3.055382e+01   7.443721e-01
  9.508954e-01   3.139589e+01   7.531470e-01
  9.555836e-01   3.156454e+01   7.536139e-01
  9.602718e-01   3.131176e+01   7.493885e-01
  9.649600e-01   3.107890e+01   7.453992e-01
  9.696483e-01   3.098017e+01   7.430961e-01
  9.743365e-01   3.084348e+01   7.397293e-01
  9.790247e-01   3.085180e+01   7.387647e-01
  9.837130e-01   3.169442e+01   7.475220e-01
  9.884012e-01   3.168673e+01   7.462925e-01
  9.930894e-01   3.163986e+01   7.442694e-01
  9.977777e-01   3.054928e+01   7.300348e-01
  1.002466e+00   3.042295e+01   7.274287e-01
  1.007154e+00   3.060271e+01   7.283857e-01
  1.011842e+00   3.107919e+01   7.328265e-01
  1.016531e+00   3.023598e+01   7.213687e-01
  1.021219e+00   3.056078e+01   7.240873e-01
  1.025907e+00   2.954305e+01   7.109402e-01
  1.030595e+00   2.946206e+01   7.088401e-01
  1.035283e+00   2.875057e+01   6.986681e-01
  1.039972e+00   2.858598e+01   6.957209e-01
  1.044660e+00   2.943300e+01   7.049558e-01
  1.049348e+00   3.036499e+01   7.147917e-01
  1.054036e+00   2.952551e+01   7.035013e-01
  1.058725e+00   2.924161e+01   6.990651e-01
  1.063413e+00   3.098443e+01   7.184574e-01
  1.068101e+00   2.928772e+01   6.975169e-01
  1.072789e+00   2.976522e+01   7.018605e-01
  1.077478e+00   2.893508e+01   6.908740e-01
  1.082166e+00   3.012827e+01   7.038785e-01
  1.086854e+00   3.072950e+01   7.098485e-01
  1.091542e+00   3.071525e+01   7.086130e-01
  1.096230e+00   2.947239e+01   6.927140e-01
  1.100919e+00   2.858738e+01   6.812837e-01
  1.105607e+00   2.772570e+01   6.700423e-01
  1.110295e+00   2.705711e+01   6.608776e-01
  1.114983e+00   2.853675e+01   6.775858e-01
  1.119672e+00   2.814662e+01   6.719825e-01
  1.124360e+00   2.840536e+01   6.739334e-01
  1.129048e+00   2.948397e+01   6.855779e-01
  1.133736e+00   2.836106e+01   6.711560e-01
  1.138425e+00   2.842735e+01   6.709312e-01
  1.143113e+00   2.812715e+01   6.663908e-01
  1.147801e+00   2.878488e+01   6.732916e-01
  1.152489e+00   2.926006e+01   6.775931e-01
  1.157177e+00   2.862156e+01   6.690184e-01
  1.161866e+00   2.882749e+01   6.706029e-01
  1.166554e+00   2.932725e+01   6.754054e-01
  1.171242e+00   2.846168e+01   6.642504e-01
  1.175930e+00   2.974604e+01   6.780009e-01
  1.180619e+00   2.911699e+01   6.698319e-01
  1.185307e+00   2.819793e+01   6.582205e-01
  1.189995e+00   2.846386e+01   6.604792e-01
  1.194683e+00   2.899504e+01   6.653169e-01
  1.199372e+00   2.864758e+01   6.604109e-01
  1.204060e+00   2.841323e+01   6.569878e-01
  1.208748e+00   2.820433e+01   6.540328e-01
  1.213436e+00   2.823224e+01   6.528488e-01
  1.218124e+00   2.829432e+01   6.524644e-01
  1.222813e+00   2.798815e+01   6.480077e-01
  1.227501e+00   2.886570e+01   6.573092e-01
  1.232189e+00   2.837391e+01   6.505923e-01
  1.236877e+00   2.759893e+01   6.405676e-01
  1.241566e+00   2.865881e+01   6.519728e-01
  1.246254e+00   2.987813e+01   6.648424e-01
  1.250942e+00   2.794133e+01   6.570263e-01
  1.255630e+00   2.871673e+01   6.841083e-01
  1.260318e+00   2.837167e+01   6.913424e-01
  1.265007e+00   2.927791e+01   7.115960e-01
  1.269695e+00   2.908574e+01   7.173644e-01
  1.274383e+00   2.890713e+01   7.224124e-01
  1.279071e+00   2.758879e+01   7.125540e-01
  1.283760e+00   2.783823e+01   7.220803e-01
  1.288448e+00   2.735397e+01   7.217460e-01
  1.293136e+00   2.883643e+01   7.469030e-01
  1.297824e+00   2.861757e+01   7.496464e-01
  1.302513e+00   2.912075e+01   7.607098e-01
  1.307201e+00   2.908681e+01   7.624551e-01
  1.311889e+00   2.820392e+01   7.514792e-01
  1.316577e+00   2.867893e+01   7.286579e-01
  1.321265e+00   2.865353e+01   7.102710e-01
  1.325954e+00   2.814192e+01   6.925611e-01
  1.330642e+00   2.779033e+01   6.794655e-01
  1.335330e+00   2.765419e+01   6.703969e-01
  1.340018e+00   2.782088e+01   6.661664e-01
  1.344707e+00   2.827884e+01   6.660013e-01
  1.349395e+00   2.796314e+01   6.573611e-01
  1.354083e+00   2.744698e+01   6.463279e-01
  1.358771e+00   2.743344e+01   6.418802e-01
  1.363460e+00   2.754044e+01   6.396161e-01
  1.368148e+00   2.756433e+01   6.380889e-01
  1.372836e+00   2.728560e+01   6.331335e-01
  1.377524e+00   2.696404e+01   6.279559e-01
  1.382212e+00   2.765318e+01   6.346746e-01
  1.386901e+00   2.721832e+01   6.283487e-01
  1.391589e+00   2.745703e+01   6.296998e-01
  1.396277e+00   2.757932e+01   6.297715e-01
  1.400965e+00   2.682553e+01   6.199614e-01
  1.405654e+00   2.728828e+01   6.241478e-01
  1.410342e+00   2.812399e+01   6.324597e-01
  1.415030e+00   2.811403e+01   6.309593e-01
  1.419718e+00   2.700002e+01   6.172940e-01
  1.424406e+00   2.780375e+01   6.254475e-01
  1.429095e+00   2.833955e+01   6.303357e-01
  1.433783e+00   2.853531e+01   6.311703e-01
  1.438471e+00   2.754141e+01   6.191220e-01
  1.443159e+00   2.726299e+01   6.150423e-01
  1.447848e+00   2.698570e+01   6.109046e-01
  1.452536e+00   2.721780e+01   6.123719e-01
  1.457224e+00   2.698267e+01   6.087444e-01
  1.461912e+00   2.667857e+01   6.044180e-01
  1.466601e+00   2.781749e+01   6.162462e-01
  1.471289e+00   2.753253e+01   6.120390e-01
  1.475977e+00   2.724663e+01   6.081472e-01
  1.480665e+00   2.688289e+01   6.029090e-01
  1.485353e+00   2.724100e+01   6.155550e-01
  1.490042e+00   2.767446e+01   6.394736e-01
  1.494730e+00   2.719272e+01   6.450704e-01
  1.499418e+00   2.678336e+01   6.484306e-01
  1.504106e+00   2.630573e+01   6.500534e-01
  1.508795e+00   2.782194e+01   6.756206e-01
  1.513483e+00   2.765825e+01   6.565600e-01
  1.518171e+00   2.731726e+01   6.379221e-01
  1.522859e+00   2.722895e+01   6.281440e-01
  1.527548e+00   2.589428e+01   6.060079e-01
  1.532236e+00   2.739963e+01   6.174031e-01
  1.536924e+00   2.816047e+01   6.209399e-01
  1.541612e+00   2.737176e+01   6.089509e-01
  1.546300e+00   2.698969e+01   6.032256e-01
  1.550989e+00   2.685748e+01   5.996028e-01
  1.555677e+00   2.743808e+01   6.029570e-01
  1.560365e+00   2.659630e+01   5.908615e-01
  1.565053e+00   2.655963e+01   5.877343e-01
  1.569742e+00   2.692044e+01   5.893180e-01
  1.574430e+00   2.800899e+01   5.998507e-01
  1.579118e+00   2.761463e+01   5.960578e-01
  1.583806e+00   2.750342e+01   5.955361e-01
  1.588495e+00   2.653371e+01   5.856297e-01
  1.593183e+00   2.716419e+01   5.928267e-01
  1.597871e+00   2.635702e+01   5.835921e-01
  1.602559e+00   2.618352e+01   5.808160e-01
  1.607247e+00   2.674158e+01   5.860439e-01
  1.611936e+00   2.599114e+01   5.766574e-01
  1.616624e+00   2.641286e+01   5.804994e-01
  1.621312e+00   2.638239e+01   5.793265e-01
  1.626000e+00   2.749099e+01   5.904779e-01
  1.630689e+00   2.695867e+01   5.837945e-01
  1.635377e+00   2.704503e+01   5.838632e-01
  1.640065e+00   2.587324e+01   5.702418e-01
  1.644753e+00   2.710242e+01   5.828342e-01
  1.649441e+00   2.776399e+01   5.890682e-01
  1.654130e+00   2.707865e+01   5.808228e-01
  1.658818e+00   2.688427e+01   5.779210e-01
  1.663506e+00   2.725668e+01   5.811485e-01
  1.668194e+00   2.635195e+01   5.707048e-01
  1.672883e+00   2.685395e+01   5.751188e-01
  1.677571e+00   2.626791e+01   5.680664e-01
  1.682259e+00   2.624783e+01   5.671687e-01
  1.686947e+00   2.660012e+01   5.702382e-01
  1.691636e+00   2.669030e+01   5.702709e-01
  1.696324e+00   2.627355e+01   5.650437e-01
  1.701012e+00   2.703289e+01   5.724545e-01
  1.705700e+00   2.685844e+01   5.699307e-01
  1.710388e+00   2.687218e+01   5.692314e-01
  1.715077e+00   2.637568e+01   5.631585e-01
  1.719765e+00   2.593429e+01   5.577353e-01
  1.724453e+00   2.616133e+01   5.595343e-01
  1.729141e+00   2.658500e+01   5.633007e-01
  1.733830e+00   2.662635e+01   5.628726e-01
  1.738518e+00   2.648200e+01   5.607100e-01
  1.743206e+00   2.648478e+01   5.600660e-01
  1.747894e+00   2.587006e+01   5.529427e-01
  1.752583e+00   2.641294e+01   5.581115e-01
  1.757271e+00   2.620940e+01   5.551020e-01
  1.761959e+00   2.679948e+01   5.605676e-01
  1.766647e+00   2.643149e+01   5.560113e-01
  1.771335e+00   2.739429e+01   5.652771e-01
  1.776024e+00   2.644808e+01   5.547287e-01
  1.780712e+00   2.678133e+01   5.575486e-01
  1.785400e+00   2.665611e+01   5.556321e-01
  1.790088e+00   2.659306e+01   5.542929e-01
  1.794777e+00   2.646252e+01   5.521568e-01
  1.799465e+00   2.621631e+01   5.489064e-01
  1.804153e+00   2.618747e+01   5.480893e-01
  1.808841e+00   2.699970e+01   5.558569e-01
  1.813530e+00   2.551387e+01   5.395182e-01
  1.818218e+00   2.527135e+01   5.363707e-01
  1.822906e+00   2.621457e+01   5.457522e-01
  1.827594e+00   2.603635e+01   5.432814e-01
  1.832282e+00   2.647457e+01   5.469343e-01
  1.836971e+00   2.573881e+01   5.387780e-01
  1.841659e+00   2.562141e+01   5.370028e-01
  1.846347e+00   2.635313e+01   5.439796e-01
  1.851035e+00   2.666232e+01   5.463638e-01
  1.855724e+00   2.715450e+01   5.508227e-01
  1.860412e+00   2.656073e+01   5.442058e-01
  1.865100e+00   2.602304e+01   5.380473e-01
  1.869788e+00   2.587460e+01   5.357884e-01
  1.874476e+00   2.547242e+01   5.310130e-01
  1.879165e+00   2.570105e+01   5.328600e-01
  1.883853e+00   2.560808e+01   5.312807e-01
  1.888541e+00   2.625084e+01   5.372674e-01
  1.893229e+00   2.628692e+01   5.372612e-01
  1.897918e+00   2.563123e+01   5.298980e-01
  1.902606e+00   2.614856e+01   5.344252e-01
  1.907294e+00   2.583095e+01   5.306430e-01
  1.911982e+00   2.634504e+01   5.351292e-01
  1.916671e+00   2.571698e+01   5.281857e-01
  1.921359e+00   2.582021e+01   5.287027e-01
  1.926047e+00   2.621030e+01   5.321439e-01
  1.930735e+00   2.664124e+01   5.357544e-01
  1.935423e+00   2.632600e+01   5.320313e-01
  1.940112e+00   2.548327e+01   5.228083e-01
  1.944800e+00   2.560900e+01   5.229236e-01
  1.949488e+00   2.603639e+01   5.259165e-01
  1.954176e+00   2.581264e+01   5.224946e-01
  1.958865e+00   2.600677e+01   5.232964e-01
  1.963553e+00   2.542825e+01   5.165350e-01
  1.968241e+00   2.548092e+01   5.165476e-01
  1.972929e+00   2.594263e+01   5.205531e-01
  1.977618e+00   2.558426e+01   5.165300e-01
  1.982306e+00   2.605037e+01   5.209248e-01
  1.986994e+00   2.613383e+01   5.216812e-01
  1.991682e+00   2.562378e+01   5.166056e-01
  1.996370e+00   2.623290e+01   5.228517e-01
  2.001059e+00   2.574924e+01   5.181681e-01
  2.005747e+00   2.547867e+01   5.152742e-01
  2.010435e+00   2.574088e+01   5.170815e-01
  2.015123e+00   2.574405e+01   5.165644e-01
  2.019812e+00   2.589081e+01   5.175269e-01
  2.024500e+00   2.516132e+01   5.097365e-01
  2.029188e+00   2.579557e+01   5.154870e-01
  2.033876e+00   2.573079e+01   5.142668e-01
  2.038565e+00   2.586974e+01   5.151118e-01
  2.043253e+00   2.559622e+01   5.119979e-01
  2.047941e+00   2.583990e+01   5.138371e-01
  2.052629e+00   2.576978e+01   5.143827e-01
  2.057317e+00   2.665137e+01   5.383937e-01
  2.062006e+00   2.613274e+01   5.428101e-01
  2.066694e+00   2.676759e+01   5.566676e-01
  2.071382e+00   2.633015e+01   5.580276e-01
  2.076070e+00   2.542549e+01   5.537055e-01
  2.080759e+00   2.525561e+01   5.567620e-01
  2.085447e+00   2.479465e+01   5.558988e-01
  2.090135e+00   2.622931e+01   5.739101e-01
  2.094823e+00   2.608244e+01   5.739377e-01
  2.099511e+00   2.573350e+01   5.716923e-01
  2.104200e+00   2.557390e+01   5.713955e-01
  2.108888e+00   2.543896e+01   5.711541e-01
  2.113576e+00   2.503677e+01   5.678713e-01
  2.118264e+00   2.571732e+01   5.699269e-01
  2.122953e+00   2.572966e+01   5.520129e-01
  2.127641e+00   2.623811e+01   5.482132e-01
  2.132329e+00   2.616658e+01   5.408158e-01
  2.137017e+00   2.609898e+01   5.350197e-01
  2.141706e+00   2.616892e+01   5.313001e-01
  2.146394e+00   2.623299e+01   5.280589e-01
  2.151082e+00   2.568511e+01   5.196393e-01
  2.155770e+00   2.601597e+01   5.218357e-01
  2.160458e+00   2.553792e+01   5.158210e-01
  2.165147e+00   2.591386e+01   5.185186e-01
  2.169835e+00   2.630818e+01   5.212294e-01
  2.174523e+00   2.520803e+01   5.093249e-01
  2.179211e+00   2.616741e+01   5.180039e-01
  2.183900e+00   2.647543e+01   5.201260e-01
  2.188588e+00   2.541267e+01   5.086470e-01
  2.193276e+00   2.605259e+01   5.141515e-01
  2.197964e+00   2.573033e+01   5.102150e-01
  2.202653e+00   2.664278e+01   5.183613e-01
  2.207341e+00   2.605167e+01   5.117730e-01
  2.212029e+00   2.582658e+01   5.087691e-01
  2.216717e+00   2.601800e+01   5.099822e-01
  2.221405e+00   2.667703e+01   5.156391e-01
  2.226094e+00   2.583275e+01   5.067177e-01
  2.230782e+00   2.541557e+01   5.018909e-01
  2.235470e+00   2.646833e+01   5.115006e-01
  2.240158e+00   2.575535e+01   5.039094e-01
  2.244847e+00   2.529334e+01   4.987814e-01
  2.249535e+00   2.565545e+01   5.015870e-01
  2.254223e+00   2.566051e+01   5.009872e-01
  2.258911e+00   2.511912e+01   4.951234e-01
  2.263600e+00   2.555769e+01   4.988468e-01
  2.268288e+00   2.600492e+01   5.024958e-01
  2.272976e+00   2.549119e+01   4.968585e-01
  2.277664e+00   2.572787e+01   4.986328e-01
  2.282352e+00   2.597200e+01   5.004446e-01
  2.287041e+00   2.647263e+01   5.046201e-01
  2.291729e+00   2.552112e+01   4.947770e-01
  2.296417e+00   2.569682e+01   4.960132e-01
  2.301105e+00   2.585859e+01   4.970196e-01
  2.305794e+00   2.482192e+01   4.864016e-01
  2.310482e+00   2.595674e+01   4.967100e-01
  2.315170e+00   2.604423e+01   4.970872e-01
  2.319858e+00   2.579715e+01   4.942091e-01
  2.324546e+00   2.600507e+01   4.956404e-01
  2.329235e+00   2.607724e+01   4.956639e-01
  2.333923e+00   2.583580e+01   4.929044e-01
  2.338611e+00   2.591174e+01   4.931254e-01
  2.343299e+00   2.614951e+01   4.948740e-01
  2.347988e+00   2.539119e+01   4.869955e-01
  2.352676e+00   2.586775e+01   4.910931e-01
  2.357364e+00   2.596682e+01   4.915398e-01
  2.362052e+00   2.635061e+01   4.946380e-01
  2.366741e+00   2.542751e+01   4.853457e-01
  2.371429e+00   2.502651e+01   4.809851e-01
  2.376117e+00   2.466682e+01   4.770822e-01
  2.380805e+00   2.558648e+01   4.853814e-01
  2.385493e+00   2.580453e+01   4.869261e-01
  2.390182e+00   2.508940e+01   4.796358e-01
  2.394870e+00   2.588118e+01   4.866192e-01
  2.399558e+00   2.591158e+01   4.864989e-01
  2.404246e+00   2.533797e+01   4.805719e-01
  2.408935e+00   2.572466e+01   4.836931e-01
  2.413623e+00   2.515392e+01   4.778192e-01
  2.418311e+00   2.600137e+01   4.853492e-01
  2.422999e+00   2.587696e+01   4.837889e-01
  2.427688e+00   2.615284e+01   4.857237e-01
  2.432376e+00   2.603795e+01   4.842416e-01
  2.437064e+00   2.547125e+01   4.784461e-01
  2.441752e+00   2.606680e+01   4.836758e-01
  2.446440e+00   2.553167e+01   4.780583e-01
  2.451129e+00   2.603223e+01   4.822924e-01
  2.455817e+00   2.573995e+01   4.792169e-01
  2.460505e+00   2.624534e+01   4.834965e-01
  2.465193e+00   2.553178e+01   4.762611e-01
  2.469882e+00   2.534929e+01   4.740661e-01
  2.474570e+00   2.591933e+01   4.789446e-01
  2.479258e+00   2.582318e+01   4.776683e-01
  2.483946e+00   2.487692e+01   4.683712e-01
  2.488634e+00   2.522828e+01   4.711294e-01
  2.493323e+00   2.618137e+01   4.795528e-01
  2.498011e+00   2.526202e+01   4.706678e-01
  2.502699e+00   2.566114e+01   4.739088e-01
  2.507387e+00   2.546000e+01   4.715378e-01
  2.512076e+00   2.525979e+01   4.692607e-01
  2.516764e+00   2.568406e+01   4.728102e-01
  2.521452e+00   2.549309e+01   4.706111e-01
  2.526140e+00   2.493910e+01   4.649762e-01
  2.530829e+00   2.526693e+01   4.675873e-01
  2.535517e+00   2.541052e+01   4.682843e-01
  2.540205e+00   2.526264e+01   4.660122e-01
  2.544893e+00   2.514564e+01   4.639224e-01
  2.549581e+00   2.568433e+01   4.680358e-01
  2.554270e+00   2.560744e+01   4.668911e-01
  2.558958e+00   2.585017e+01   4.686932e-01
  2.563646e+00   2.555430e+01   4.655935e-01
  2.568334e+00   2.543328e+01   4.640138e-01
  2.573023e+00   2.464195e+01   4.563644e-01
  2.577711e+00   2.535821e+01   4.625610e-01
  2.582399e+00   2.557415e+01   4.641441e-01
  2.587087e+00   2.543718e+01   4.625869e-01
  2.591776e+00   2.529751e+01   4.613797e-01
  2.596464e+00   2.498525e+01   4.586954e-01
  2.601152e+00   2.495739e+01   4.585025e-01
  2.605840e+00   2.569901e+01   4.648416e-01
  2.610528e+00   2.607422e+01   4.678092e-01
  2.615217e+00   2.533944e+01   4.608048e-01
  2.619905e+00   2.525740e+01   4.597376e-01
  2.624593e+00   2.572904e+01   4.634792e-01
  2.629281e+00   2.489454e+01   4.555306e-01
  2.633970e+00   2.578888e+01   4.632430e-01
  2.638658e+00   2.535191e+01   4.589849e-01
  2.643346e+00   2.463683e+01   4.520119e-01
  2.648034e+00   2.552999e+01   4.597783e-01
  2.652723e+00   2.541686e+01   4.583779e-01
  2.657411e+00   2.479262e+01   4.523087e-01
  2.662099e+00   2.515457e+01   4.551922e-01
  2.666787e+00   2.555818e+01   4.583559e-01
  2.671475e+00   2.543272e+01   4.568611e-01
  2.676164e+00   2.563326e+01   4.583708e-01
  2.680852e+00   2.606059e+01   4.618534e-01
  2.685540e+00   2.617342e+01   4.623174e-01
  2.690228e+00   2.550791e+01   4.559750e-01
  2.694917e+00   2.508346e+01   4.519481e-01
  2.699605e+00   2.454494e+01   4.467026e-01
  2.704293e+00   2.474833e+01   4.480020e-01
  2.708981e+00   2.554096e+01   4.547493e-01
  2.713669e+00   2.564485e+01   4.553658e-01
  2.718358e+00   2.582244e+01   4.565554e-01
  2.723046e+00   2.533682e+01   4.518086e-01
  2.727734e+00   2.510064e+01   4.492991e-01
  2.732422e+00   2.560086e+01   4.534490e-01
  2.737111e+00   2.580692e+01   4.549064e-01
  2.741799e+00   2.575101e+01   4.539968e-01
  2.746487e+00   2.553944e+01   4.517116e-01
  2.751175e+00   2.548755e+01   4.509376e-01
  2.755864e+00   2.489080e+01   4.452868e-01
  2.760552e+00   2.561958e+01   4.513634e-01
  2.765240e+00   2.569390e+01   4.515932e-01
  2.769928e+00   2.503827e+01   4.454568e-01
  2.774616e+00   2.551093e+01   4.493488e-01
  2.779305e+00   2.538197e+01   4.478082e-01
  2.783993e+00   2.538559e+01   4.474265e-01
  2.788681e+00   2.520002e+01   4.454689e-01
  2.793369e+00   2.546612e+01   4.475876e-01
  2.798058e+00   2.546244e+01   4.470866e-01
  2.802746e+00   2.572941e+01   4.492178e-01
  2.807434e+00   2.580211e+01   4.495980e-01
  2.812122e+00   2.549771e+01   4.463329e-01
  2.816811e+00   2.564780e+01   4.473449e-01
  2.821499e+00   2.551265e+01   4.457285e-01
  2.826187e+00   2.518898e+01   4.424934e-01
  2.830875e+00   2.558769e+01   4.456482e-01
  2.835563e+00   2.556745e+01   4.451668e-01
  2.840252e+00   2.576041e+01   4.463876e-01
  2.844940e+00   2.490395e+01   4.385945e-01
  2.849628e+00   2.504257e+01   4.394732e-01
  2.854316e+00   2.568692e+01   4.447712e-01
  2.859005e+00   2.552589e+01   4.508354e-01
  2.863693e+00   2.503576e+01   4.562790e-01
  2.868381e+00   2.520670e+01   4.638778e-01
  2.873069e+00   2.521142e+01   4.689511e-01
  2.877758e+00   2.586015e+01   4.790877e-01
  2.882446e+00   2.495668e+01   4.735787e-01
  2.887134e+00   2.480248e+01   4.736801e-01
  2.891822e+00   2.516459e+01   4.785179e-01
  2.896510e+00   2.533763e+01   4.814914e-01
  2.901199e+00   2.494308e+01   4.788466e-01
  2.905887e+00   2.561129e+01   4.864325e-01
  2.910575e+00   2.592466e+01   4.904787e-01
  2.915263e+00   2.552669e+01   4.876969e-01
  2.919952e+00   2.553251e+01   4.883021e-01
  2.924640e+00   2.585838e+01   4.781262e-01
  2.929328e+00   2.564576e+01   4.677402e-01
  2.934016e+00   2.469115e+01   4.537017e-01
  2.938704e+00   2.536172e+01   4.556692e-01
  2.943393e+00   2.484713e+01   4.477708e-01
  2.948081e+00   2.507804e+01   4.480940e-01
  2.952769e+00   2.475768e+01   4.441139e-01
  2.957457e+00   2.497146e+01   4.451262e-01
  2.962146e+00   2.491447e+01   4.436686e-01
  2.966834e+00   2.558470e+01   4.489003e-01
  2.971522e+00   2.555885e+01   4.477941e-01
  2.976210e+00   2.510652e+01   4.431235e-01
  2.980899e+00   2.542787e+01   4.452048e-01
  2.985587e+00   2.531922e+01   4.435794e-01
  2.990275e+00   2.545973e+01   4.441660e-01
  2.994963e+00   2.507983e+01   4.403082e-01
  2.999651e+00   2.551262e+01   4.434528e-01
  3.004340e+00   2.486433e+01   4.371924e-01
  3.009028e+00   2.527351e+01   4.402218e-01
  3.013716e+00   2.512884e+01   4.384771e-01
  3.018404e+00   2.604153e+01   4.458276e-01
  3.023093e+00   2.530608e+01   4.389301e-01
  3.027781e+00   2.541565e+01   4.393660e-01
  3.032469e+00   2.463704e+01   4.321465e-01
  3.037157e+00   2.503924e+01   4.352174e-01
  3.041846e+00   2.472023e+01   4.318886e-01
  3.046534e+00   2.499745e+01   4.338266e-01
  3.051222e+00   2.527816e+01   4.359374e-01
  3.055910e+00   2.565959e+01   4.387990e-01
  3.060598e+00   2.495541e+01   4.321046e-01
  3.065287e+00   2.458612e+01   4.284993e-01
  3.069975e+00   2.534171e+01   4.346213e-01
  3.074663e+00   2.533238e+01   4.341802e-01
  3.079351e+00   2.484162e+01   4.294675e-01
  3.084040e+00   2.539037e+01   4.337202e-01
  3.088728e+00   2.512447e+01   4.310820e-01
  3.093416e+00   2.533982e+01   4.326942e-01
  3.098104e+00   2.486355e+01   4.281429e-01
  3.102793e+00   2.511342e+01   4.298370e-01
  3.107481e+00   2.526264e+01   4.307406e-01
  3.112169e+00   2.497724e+01   4.278838e-01
  3.116857e+00   2.484797e+01   4.263471e-01
  3.121545e+00   2.497801e+01   4.270271e-01
  3.126234e+00   2.482823e+01   4.253918e-01
  3.130922e+00   2.514996e+01   4.278336e-01
  3.135610e+00   2.529052e+01   4.286355e-01
  3.140298e+00   2.489957e+01   4.251081e-01
  3.144987e+00   2.494567e+01   4.251534e-01
  3.149675e+00   2.570493e+01   4.309901e-01
  3.154363e+00   2.521478e+01   4.265344e-01
  3.159051e+00   2.474486e+01   4.220836e-01
  3.163739e+00   2.511508e+01   4.248700e-01
  3.168428e+00   2.548363e+01   4.276986e-01
  3.173116e+00   2.481451e+01   4.217638e-01
  3.177804e+00   2.505961e+01   4.233784e-01
  3.182492e+00   2.555125e+01   4.271441e-01
  3.187181e+00   2.512958e+01   4.232851e-01
  3.191869e+00   2.478637e+01   4.200509e-01
  3.196557e+00   2.551896e+01   4.258158e-01
  3.201245e+00   2.542413e+01   4.246696e-01
  3.205934e+00   2.500776e+01   4.208566e-01
  3.210622e+00   2.571336e+01   4.264782e-01
  3.215310e+00   2.563727e+01   4.254240e-01
  3.219998e+00   2.557589e+01   4.244189e-01
  3.224686e+00   2.517704e+01   4.204122e-01
  3.229375e+00   2.490843e+01   4.173809e-01
  3.234063e+00   2.533275e+01   4.204006e-01
  3.238751e+00   2.589865e+01   4.247049e-01
  3.243439e+00   2.567426e+01   4.225275e-01
  3.248128e+00   2.505621e+01   4.171338e-01
  3.252816e+00   2.529852e+01   4.188253e-01
  3.257504e+00   2.537989e+01   4.191012e-01
  3.262192e+00   2.484213e+01   4.143604e-01
  3.266881e+00   2.493019e+01   4.147857e-01
  3.271569e+00   2.532249e+01   4.177371e-01
  3.276257e+00   2.543150e+01   4.183292e-01
  3.280945e+00   2.558347e+01   4.196444e-01
  3.285633e+00   2.499147e+01   4.149045e-01
  3.290322e+00   2.526830e+01   4.171557e-01
  3.295010e+00   2.531156e+01   4.171630e-01
  3.299698e+00   2.567869e+01   4.198611e-01
  3.304386e+00   2.483119e+01   4.125528e-01
  3.309075e+00   2.506152e+01   4.142083e-01
  3.313763e+00   2.574622e+01   4.194817e-01
  3.318451e+00   2.541397e+01   4.164189e-01
  3.323139e+00   2.546216e+01   4.165463e-01
  3.327828e+00   2.571591e+01   4.182863e-01
  3.332516e+00   2.519276e+01   4.137549e-01
  3.337204e+00   2.476114e+01   4.098102e-01
  3.341892e+00   2.493363e+01   4.110344e-01
  3.346580e+00   2.585027e+01   4.182137e-01
  3.351269e+00   2.505809e+01   4.114123e-01
  3.355957e+00   2.477931e+01   4.095961e-01
  3.360645e+00   2.441873e+01   4.165581e-01
  3.365333e+00   2.493231e+01   4.275784e-01
  3.370022e+00   2.550173e+01   4.371752e-01
  3.374710e+00   2.494762e+01   4.345307e-01
  3.379398e+00   2.462994e+01   4.333667e-01
  3.384086e+00   2.535747e+01   4.411452e-01
  3.388774e+00   2.506422e+01   4.390811e-01
  3.393463e+00   2.493922e+01   4.376168e-01
  3.398151e+00   2.514435e+01   4.398408e-01
  3.402839e+00   2.485689e+01   4.382880e-01
  3.407527e+00   2.489729e+01   4.396174e-01
  3.412216e+00   2.563428e+01   4.469248e-01
  3.416904e+00   2.522897e+01   4.442067e-01
  3.421592e+00   2.490699e+01   4.422103e-01
  3.426280e+00   2.541058e+01   4.473954e-01
  3.430969e+00   2.532070e+01   4.473934e-01
  3.435657e+00   2.510108e+01   4.461947e-01
  3.440345e+00   2.525884e+01   4.481681e-01
  3.445033e+00   2.498753e+01   4.464388e-01
  3.449721e+00   2.509714e+01   4.481509e-01
  3.454410e+00   2.511930e+01   4.488555e-01
  3.459098e+00   2.485023e+01   4.470252e-01
  3.463786e+00   2.500548e+01   4.489898e-01
  3.468474e+00   2.459628e+01   4.458774e-01
  3.473163e+00   2.471755e+01   4.474538e-01
  3.477851e+00   2.508039e+01   4.512914e-01
  3.482539e+00   2.493843e+01   4.507148e-01
  3.487227e+00   2.473975e+01   4.491966e-01
  3.491916e+00   2.500364e+01   4.521217e-01
  3.496604e+00   2.522880e+01   4.546140e-01
  3.501292e+00   2.455651e+01   4.489720e-01
  3.505980e+00   2.443110e+01   4.482983e-01
  3.510668e+00   2.453684e+01   4.497134e-01
  3.515357e+00   2.532800e+01   4.572939e-01
  3.520045e+00   2.560064e+01   4.602593e-01
  3.524733e+00   2.469157e+01   4.523945e-01
  3.529421e+00   2.442577e+01   4.503305e-01
  3.534110e+00   2.449479e+01   4.514199e-01
  3.538798e+00   2.491305e+01   4.556113e-01
  3.543486e+00   2.454628e+01   4.526429e-01
  3.548174e+00   2.479264e+01   4.553111e-01
  3.552863e+00   2.527760e+01   4.600974e-01
  3.557551e+00   2.529745e+01   4.606259e-01
  3.562239e+00   2.498285e+01   4.581644e-01
  3.566927e+00   2.435938e+01   4.527582e-01
  3.571615e+00   2.510579e+01   4.599665e-01
  3.576304e+00   2.564670e+01   4.652265e-01
  3.580992e+00   2.540118e+01   4.632862e-01
  3.585680e+00   2.524197e+01   4.615630e-01
  3.590368e+00   2.481582e+01   4.572198e-01
  3.595057e+00   2.467268e+01   4.554932e-01
  3.599745e+00   2.457874e+01   4.542300e-01
  3.604433e+00   2.514449e+01   4.591514e-01
  3.609121e+00   2.566509e+01   4.643630e-01
  3.613809e+00   2.523117e+01   4.604854e-01
  3.618498e+00   2.459231e+01   4.548565e-01
  3.623186e+00   2.454359e+01   4.547291e-01
  3.627874e+00   2.504639e+01   4.596437e-01
  3.632562e+00   2.466520e+01   4.563726e-01
  3.637251e+00   2.513766e+01   4.610360e-01
  3.641939e+00   2.515829e+01   4.614881e-01
  3.646627e+00   2.478612e+01   4.583737e-01
  3.651315e+00   2.441417e+01   4.551432e-01
  3.656004e+00   2.517645e+01   4.626609e-01
  3.660692e+00   2.571756e+01   4.748288e-01
  3.665380e+00   2.497247e+01   4.846381e-01
  3.670068e+00   2.500965e+01   4.933804e-01
  3.674756e+00   2.540705e+01   5.051128e-01
  3.679445e+00   2.571767e+01   5.142693e-01
  3.684133e+00   2.491372e+01   5.096250e-01
  3.688821e+00   2.475740e+01   5.111607e-01
  3.693509e+00   2.440268e+01   5.104896e-01
  3.698198e+00   2.441746e+01   5.134364e-01
  3.702886e+00   2.482412e+01   5.205221e-01
  3.707574e+00   2.496891e+01   5.246511e-01
  3.712262e+00   2.500340e+01   5.276754e-01
  3.716951e+00   2.498280e+01   5.299640e-01
  3.721639e+00   2.514617e+01   5.342267e-01
  3.726327e+00   2.415542e+01   5.259541e-01
  3.731015e+00   2.401605e+01   5.268441e-01
  3.735703e+00   2.493803e+01   5.391924e-01
  3.740392e+00   2.565456e+01   5.493047e-01
  3.745080e+00   2.484257e+01   5.427893e-01
  3.749768e+00   2.531435e+01   5.502518e-01
  3.754456e+00   2.517357e+01   5.509701e-01
  3.759145e+00   2.536193e+01   5.553165e-01
  3.763833e+00   2.519016e+01   5.556409e-01
  3.768521e+00   2.542110e+01   5.604350e-01
  3.773209e+00   2.517438e+01   5.598838e-01
  3.777897e+00   2.458562e+01   5.554890e-01
  3.782586e+00   2.473738e+01   5.593421e-01
  3.787274e+00   2.544770e+01   5.695131e-01
  3.791962e+00   2.479949e+01   5.643653e-01
  3.796650e+00   2.516866e+01   5.707032e-01
  3.801339e+00   2.488899e+01   5.696568e-01
  3.806027e+00   2.476977e+01   5.704159e-01
  3.810715e+00   2.476064e+01   5.724356e-01
  3.815403e+00   2.449055e+01   5.714024e-01
  3.820092e+00   2.375490e+01   5.648306e-01
  3.824780e+00   2.439933e+01   5.745407e-01
  3.829468e+00   2.547415e+01   5.892273e-01
  3.834156e+00   2.457413e+01   5.807866e-01
  3.838844e+00   2.474166e+01   5.848954e-01
  3.843533e+00   2.521224e+01   5.925363e-01
  3.848221e+00   2.601594e+01   6.040486e-01
  3.852909e+00   2.573657e+01   6.029677e-01
  3.857597e+00   2.413749e+01   5.860234e-01
  3.862286e+00   2.542442e+01   6.035857e-01
  3.866974e+00   2.497979e+01   6.003935e-01
  3.871662e+00   2.436155e+01   5.951450e-01
  3.876350e+00   2.452008e+01   5.992810e-01
  3.881039e+00   2.511086e+01   6.084017e-01
  3.885727e+00   2.408015e+01   5.978805e-01
  3.890415e+00   2.457231e+01   6.060263e-01
  3.895103e+00   2.524317e+01   6.164675e-01
  3.899791e+00   2.505265e+01   6.162264e-01
  3.904480e+00   2.426701e+01   6.086515e-01
  3.909168e+00   2.501463e+01   6.200823e-01
  3.913856e+00   2.546005e+01   6.278546e-01
  3.918544e+00   2.575171e+01   6.335418e-01
  3.923233e+00   2.480559e+01   6.240367e-01
  3.927921e+00   2.493378e+01   6.277559e-01
  3.932609e+00   2.477987e+01   6.279340e-01
  3.937297e+00   2.499122e+01   6.317400e-01
  3.941986e+00   2.518515e+01   6.349838e-01
  3.946674e+00   2.465338e+01   6.288850e-01
  3.951362e+00   2.483250e+01   6.308009e-01
  3.956050e+00   2.505520e+01   6.325551e-01
  3.960738e+00   2.523405e+01   6.346431e-01
  3.965427e+00   2.436933e+01   6.244197e-01
  3.970115e+00   2.440094e+01   6.267563e-01
  3.974803e+00   2.477361e+01   6.335472e-01
  3.979491e+00   2.438181e+01   6.302773e-01
  3.984180e+00   2.379393e+01   6.247296e-01
  3.988868e+00   2.565162e+01   6.508186e-01
  3.993556e+00   2.562974e+01   6.527192e-01
  3.998244e+00   2.454741e+01   6.409694e-01
  4.002932e+00   2.463823e+01   6.443459e-01
  4.007621e+00   2.474021e+01   6.478131e-01
  4.012309e+00   2.495204e+01   6.527775e-01
  4.016997e+00   2.478342e+01   6.527780e-01
  4.021685e+00   2.520101e+01   6.605207e-01
  4.026374e+00   2.570275e+01   6.693218e-01
  4.031062e+00   2.453024e+01   6.560864e-01
  4.035750e+00   2.483072e+01   6.623287e-01
  4.040438e+00   2.537263e+01   6.718321e-01
  4.045127e+00   2.575622e+01   6.792105e-01
  4.049815e+00   2.457818e+01   6.657630e-01
  4.054503e+00   2.479518e+01   6.709751e-01
  4.059191e+00   2.473800e+01   6.725424e-01
  4.063879e+00   2.439833e+01   6.702256e-01
  4.068568e+00   2.542960e+01   6.865960e-01
  4.073256e+00   2.530234e+01   6.872305e-01
  4.077944e+00   2.446643e+01   6.781609e-01
  4.082632e+00   2.580770e+01   6.989224e-01
  4.087321e+00   2.479419e+01   6.874685e-01
  4.092009e+00   2.540564e+01   6.983271e-01
  4.096697e+00   2.511125e+01   6.967117e-01
  4.101385e+00   2.532838e+01   7.021499e-01
  4.106074e+00   2.400482e+01   6.860162e-01
  4.110762e+00   2.465541e+01   6.977402e-01
  4.115450e+00   2.420312e+01   6.937584e-01
  4.120138e+00   2.440249e+01   6.990468e-01
  4.124826e+00   2.498687e+01   7.099187e-01
  4.129515e+00   2.496565e+01   7.122111e-01
  4.134203e+00   2.596091e+01   7.288450e-01
  4.138891e+00   2.515769e+01   7.200919e-01
  4.143579e+00   2.514147e+01   7.224697e-01
  4.148268e+00   2.582654e+01   7.349600e-01
  4.152956e+00   2.498921e+01   7.255735e-01
  4.157644e+00   2.502007e+01   7.286007e-01
  4.162332e+00   2.468757e+01   7.265123e-01
  4.167021e+00   2.532285e+01   7.385167e-01
  4.171709e+00   2.534833e+01   7.415536e-01
  4.176397e+00   2.619932e+01   7.567576e-01
  4.181085e+00   2.558274e+01   7.505910e-01
  4.185773e+00   2.516279e+01   7.472675e-01
  4.190462e+00   2.525715e+01   7.515562e-01
  4.195150e+00   2.577692e+01   7.630302e-01
  4.199838e+00   2.548986e+01   7.609164e-01
  4.204526e+00   2.525269e+01   7.599884e-01
  4.209215e+00   2.436462e+01   7.493891e-01
  4.213903e+00   2.493324e+01   7.610014e-01
  4.218591e+00   2.500348e+01   7.650151e-01
  4.223279e+00   2.409044e+01   7.538792e-01
  4.227967e+00   2.407129e+01   7.564837e-01
  4.232656e+00   2.474337e+01   7.699999e-01
  4.237344e+00   2.463312e+01   7.713577e-01
  4.242032e+00   2.492435e+01   7.789540e-01
  4.246720e+00   2.586185e+01   7.965700e-01
  4.251409e+00   2.490497e+01   7.849721e-01
  4.256097e+00   2.463854e+01   7.838220e-01
  4.260785e+00   2.531072e+01   7.976481e-01
  4.265473e+00   2.612624e+01   8.145022e-01
  4.270162e+00   2.519384e+01   8.038576e-01
  4.274850e+00   2.583672e+01   8.198828e-01
  4.279538e+00   2.563208e+01   8.202981e-01
  4.284226e+00   2.549822e+01   8.180389e-01
  4.288914e+00   2.611625e+01   8.305001e-01
  4.293603e+00   2.672116e+01   8.436459e-01
  4.298291e+00   2.500892e+01   8.197594e-01
  4.302979e+00   2.571866e+01   8.346859e-01
  4.307667e+00   2.556042e+01   8.357331e-01
  4.312356e+00   2.555527e+01   8.393562e-01
  4.317044e+00   2.580325e+01   8.469362e-01
  4.321732e+00   2.644983e+01   8.612796e-01
  4.326420e+00   2.483068e+01   8.382468e-01
  4.331109e+00   2.489192e+01   8.428727e-01
  4.335797e+00   2.524102e+01   8.525818e-01
  4.340485e+00   2.555219e+01   8.625013e-01
  4.345173e+00   2.605911e+01   8.743424e-01
  4.349861e+00   2.618617e+01   8.801991e-01
  4.354550e+00   2.550145e+01   8.726462e-01
  4.359238e+00   2.523615e+01   8.720519e-01
  4.363926e+00   2.535412e+01   8.781196e-01
  4.368614e+00   2.630171e+01   8.985412e-01
  4.373303e+00   2.547206e+01   8.884931e-01
  4.377991e+00   2.355095e+01   8.583248e-01
  4.382679e+00   2.421275e+01   8.744267e-01
  4.387367e+00   2.528830e+01   8.980399e-01
  4.392056e+00   2.636781e+01   9.213820e-01
  4.396744e+00   2.464812e+01   8.951316e-01
  4.401432e+00   2.432566e+01   8.945728e-01
  4.406120e+00   2.445467e+01   8.994734e-01
  4.410808e+00   2.422256e+01   8.958171e-01
  4.415497e+00   2.543686e+01   9.186083e-01
  4.420185e+00   2.463700e+01   9.046094e-01
  4.424873e+00   2.362094e+01   8.864331e-01
  4.429561e+00   2.481773e+01   9.092328e-01
  4.434250e+00   2.531504e+01   9.189342e-01
  4.438938e+00   2.450227e+01   9.047451e-01
  4.443626e+00   2.421375e+01   8.999094e-01
  4.448314e+00   2.511389e+01   9.186763e-01
  4.453002e+00   2.505605e+01   9.220314e-01
  4.457691e+00   2.527646e+01   9.307891e-01
  4.462379e+00   2.555498e+01   9.406286e-01
  4.467067e+00   2.469826e+01   9.294400e-01
  4.471755e+00   2.479082e+01   9.359632e-01
  4.476444e+00   2.432460e+01   9.319887e-01
  4.481132e+00   2.522768e+01   9.541076e-01
  4.485820e+00   2.471666e+01   9.494610e-01
  4.490508e+00   2.557798e+01   9.709962e-01
  4.495197e+00   2.441605e+01   9.537804e-01
  4.499885e+00   2.351719e+01   9.411259e-01
  4.504573e+00   2.417794e+01   9.594672e-01
  4.509261e+00   2.517004e+01   9.843929e-01
  4.513949e+00   2.498213e+01   9.862417e-01
  4.518638e+00   2.495231e+01   9.912216e-01
  4.523326e+00   2.437728e+01   9.853401e-01
  4.528014e+00   2.534270e+01   1.010422e+00
  4.532702e+00   2.556972e+01   1.020812e+00
  4.537391e+00   2.683310e+01   1.051836e+00
  4.542079e+00   2.623631e+01   1.046304e+00
  4.546767e+00   2.690977e+01   1.066016e+00
  4.551455e+00   2.563693e+01   1.046767e+00
  4.556144e+00   2.586407e+01   1.057804e+00
  4.560832e+00   2.599417e+01   1.066987e+00
  4.565520e+00   2.466288e+01   1.045769e+00
  4.570208e+00   2.563301e+01   1.072975e+00
  4.574896e+00   2.490924e+01   1.064541e+00
  4.579585e+00   2.420393e+01   1.056107e+00
  4.584273e+00   2.598600e+01   1.101412e+00
  4.588961e+00   2.523586e+01   1.092543e+00
  4.593649e+00   2.447562e+01   1.083127e+00
  4.598338e+00   2.333121e+01   1.064801e+00
  4.603026e+00   2.550753e+01   1.120957e+00
  4.607714e+00   2.534986e+01   1.125201e+00
  4.612402e+00   2.431679e+01   1.109735e+00
  4.617091e+00   2.441941e+01   1.119938e+00
  4.621779e+00   2.373647e+01   1.112236e+00
  4.626467e+00   2.546485e+01   1.160457e+00
  4.631155e+00   2.522253e+01   1.163422e+00
  4.635843e+00   2.457642e+01   1.156981e+00
  4.640532e+00   2.575986e+01   1.193458e+00
  4.645220e+00   2.605559e+01   1.209672e+00
  4.649908e+00   2.532379e+01   1.201927e+00
  4.654596e+00   2.481614e+01   1.199188e+00
  4.659285e+00   2.541786e+01   1.223345e+00
  4.663973e+00   2.435237e+01   1.207141e+00
  4.668661e+00   2.501320e+01   1.233773e+00
  4.673349e+00   2.704056e+01   1.293563e+00
  4.678037e+00   2.557314e+01   1.268659e+00
  4.682726e+00   2.616739e+01   1.294375e+00
  4.687414e+00   2.474493e+01   1.269858e+00
  4.692102e+00   2.337411e+01   1.245431e+00
  4.696790e+00   2.253648e+01   1.233991e+00
  4.701479e+00   2.375948e+01   1.278705e+00
  4.706167e+00   2.438957e+01   1.307692e+00
  4.710855e+00   2.537323e+01   1.346921e+00
  4.715543e+00   2.552011e+01   1.363996e+00
  4.720232e+00   2.625114e+01   1.397075e+00
  4.724920e+00   2.424466e+01   1.356146e+00
  4.729608e+00   2.391319e+01   1.360993e+00
  4.734296e+00   2.466040e+01   1.396782e+00
  4.738984e+00   2.606296e+01   1.451289e+00
  4.743673e+00   2.572709e+01   1.457630e+00
  4.748361e+00   2.515166e+01   1.457579e+00
  4.753049e+00   2.544561e+01   1.483079e+00
  4.757737e+00   2.599159e+01   1.516332e+00
  4.762426e+00   2.489383e+01   1.501601e+00
  4.767114e+00   2.420398e+01   1.499037e+00
  4.771802e+00   2.649637e+01   1.588490e+00
  4.776490e+00   2.619108e+01   1.599471e+00
  4.781179e+00   2.519838e+01   1.589374e+00
  4.785867e+00   2.412141e+01   1.576362e+00
  4.790555e+00   2.443044e+01   1.608693e+00
  4.795243e+00   2.569118e+01   1.673010e+00
  4.799931e+00   2.493912e+01   1.672306e+00
  4.804620e+00   2.539159e+01   1.713410e+00
  4.809308e+00   2.559623e+01   1.747130e+00
  4.813996e+00   2.689444e+01   1.819327e+00
  4.818684e+00   2.750312e+01   1.869917e+00
  4.823373e+00   2.658533e+01   1.870893e+00
  4.828061e+00   2.487517e+01   1.841846e+00
  4.832749e+00   2.644596e+01   1.933582e+00
  4.837437e+00   2.394709e+01   1.875012e+00
  4.842125e+00   2.560150e+01   1.977710e+00
  4.846814e+00   2.459420e+01   1.977752e+00
  4.851502e+00   2.468689e+01   2.023315e+00
  4.856190e+00   2.832511e+01   2.216623e+00
  4.860878e+00   2.679542e+01   2.206289e+00
  4.865567e+00   2.653898e+01   2.248690e+00
  4.870255e+00   2.575647e+01   2.272526e+00
  4.874943e+00   2.589207e+01   2.342166e+00
  4.879631e+00   2.620898e+01   2.422918e+00
  4.884320e+00   2.532777e+01   2.452971e+00
  4.889008e+00   2.500707e+01   2.517586e+00
  4.893696e+00   2.286605e+01   2.490073e+00
  4.898384e+00   2.479982e+01   2.687490e+00
  4.903072e+00   2.498114e+01   2.804786e+00
  4.907761e+00   2.635929e+01   3.044656e+00
  4.912449e+00   2.372798e+01   3.991383e+00
  4.917137e+00   3.680725e+01   1.366620e+01
