# [1] GI
# Sample c= 1.06 mg/ml
#
# Sample environment:
# Detector = Pilatus
# PixelSize_1 = 0.000172
# PixelSize_2 = 0.000172
#
# title = [1] GI
# Frame 55 of 120
# Time per frame (s) = 1.0
# SampleDistance = 2.869
# WaveLength = 9.919e-11
# Normalization = 0.001062898
# DiodeCurr = 8.654928e-05
# MachCurr = 68.69813
# Mask = /data/bm29/archive/CALIBRATION/MASK/BM29/Pcon_19thNovember2015_7keV_v3.edf
#
# N 3
# L q*nm  I_[1] GI  stddev
#
# Sample Information:
# Storage Temperature (degrees C): 20.0
# Measurement Temperature (degrees C): 20.08
# Concentration: 1.06
# Code: GI
  3.200246e-02   1.716254e+02   1.976465e+01
  3.669069e-02   5.508342e+02   1.607593e+01
  4.137892e-02   8.349956e+02   1.474427e+01
  4.606715e-02   7.928342e+02   1.189611e+01
  5.075538e-02   5.949619e+02   9.360926e+00
  5.544361e-02   4.930620e+02   7.872868e+00
  6.013183e-02   4.029100e+02   6.804217e+00
  6.482006e-02   3.557565e+02   6.134344e+00
  6.950829e-02   3.241110e+02   5.618128e+00
  7.419652e-02   2.944690e+02   5.140429e+00
  7.888475e-02   2.698639e+02   4.757142e+00
  8.357298e-02   2.573658e+02   4.507312e+00
  8.826121e-02   2.422223e+02   4.248855e+00
  9.294944e-02   2.380023e+02   4.088255e+00
  9.763767e-02   2.345006e+02   3.946151e+00
  1.023259e-01   2.230107e+02   3.756691e+00
  1.070141e-01   2.143974e+02   3.599269e+00
  1.117024e-01   2.120852e+02   3.498677e+00
  1.163906e-01   2.102527e+02   3.399184e+00
  1.210788e-01   2.051014e+02   3.291287e+00
  1.257670e-01   1.962401e+02   3.157558e+00
  1.304553e-01   1.968475e+02   3.106740e+00
  1.351435e-01   2.020777e+02   3.084327e+00
  1.398317e-01   1.942703e+02   2.971941e+00
  1.445200e-01   1.912113e+02   2.899722e+00
  1.492082e-01   1.929755e+02   2.866584e+00
  1.538964e-01   1.895522e+02   2.791030e+00
  1.585846e-01   1.867312e+02   2.726234e+00
  1.632729e-01   1.832230e+02   2.661282e+00
  1.679611e-01   1.813091e+02   2.610085e+00
  1.726493e-01   1.803367e+02   2.564504e+00
  1.773376e-01   1.773074e+02   2.504869e+00
  1.820258e-01   1.768275e+02   2.469353e+00
  1.867140e-01   1.771735e+02   2.440660e+00
  1.914022e-01   1.749642e+02   2.394775e+00
  1.960905e-01   1.744327e+02   2.357855e+00
  2.007787e-01   1.722010e+02   2.317735e+00
  2.054669e-01   1.737973e+02   2.301885e+00
  2.101552e-01   1.699372e+02   2.250681e+00
  2.148434e-01   1.687360e+02   2.213992e+00
  2.195316e-01   1.677780e+02   2.183589e+00
  2.242199e-01   1.650546e+02   2.143337e+00
  2.289081e-01   1.635366e+02   2.111584e+00
  2.335963e-01   1.643079e+02   2.092823e+00
  2.382845e-01   1.654496e+02   2.077971e+00
  2.429728e-01   1.613409e+02   2.032413e+00
  2.476610e-01   1.596756e+02   2.002848e+00
  2.523492e-01   1.604095e+02   1.987674e+00
  2.570375e-01   1.574320e+02   1.948954e+00
  2.617257e-01   1.537385e+02   1.908952e+00
  2.664139e-01   1.523602e+02   1.883806e+00
  2.711021e-01   1.524630e+02   1.868150e+00
  2.757904e-01   1.496397e+02   1.833017e+00
  2.804786e-01   1.479934e+02   1.808493e+00
  2.851668e-01   1.472524e+02   1.789338e+00
  2.898551e-01   1.479782e+02   1.778249e+00
  2.945433e-01   1.462636e+02   1.753673e+00
  2.992315e-01   1.443064e+02   1.766928e+00
  3.039197e-01   1.409815e+02   1.760251e+00
  3.086080e-01   1.399940e+02   1.759157e+00
  3.132962e-01   1.400645e+02   1.760518e+00
  3.179844e-01   1.386351e+02   1.751169e+00
  3.226727e-01   1.371155e+02   1.741496e+00
  3.273609e-01   1.355741e+02   1.729749e+00
  3.320491e-01   1.335498e+02   1.713703e+00
  3.367374e-01   1.323075e+02   1.701224e+00
  3.414256e-01   1.310414e+02   1.689624e+00
  3.461138e-01   1.279703e+02   1.666294e+00
  3.508020e-01   1.234893e+02   1.632926e+00
  3.554903e-01   1.267963e+02   1.648471e+00
  3.601785e-01   1.265779e+02   1.643906e+00
  3.648667e-01   1.245378e+02   1.642352e+00
  3.695550e-01   1.219555e+02   1.662046e+00
  3.742432e-01   1.204609e+02   1.670500e+00
  3.789314e-01   1.215197e+02   1.693670e+00
  3.836196e-01   1.188998e+02   1.686041e+00
  3.883079e-01   1.149919e+02   1.667108e+00
  3.929961e-01   1.158903e+02   1.688895e+00
  3.976843e-01   1.135239e+02   1.694278e+00
  4.023726e-01   1.116534e+02   1.696928e+00
  4.070608e-01   1.102549e+02   1.693139e+00
  4.117490e-01   1.097087e+02   1.692260e+00
  4.164372e-01   1.094269e+02   1.692924e+00
  4.211255e-01   1.067514e+02   1.675443e+00
  4.258137e-01   1.068444e+02   1.677588e+00
  4.305019e-01   1.051622e+02   1.662777e+00
  4.351902e-01   1.027438e+02   1.640158e+00
  4.398784e-01   1.017708e+02   1.630397e+00
  4.445666e-01   9.955099e+01   1.630991e+00
  4.492548e-01   9.936539e+01   1.685110e+00
  4.539431e-01   9.869144e+01   1.711708e+00
  4.586313e-01   9.672202e+01   1.720096e+00
  4.633195e-01   9.664009e+01   1.742362e+00
  4.680078e-01   9.522903e+01   1.750020e+00
  4.726960e-01   8.974263e+01   1.717020e+00
  4.773842e-01   9.318143e+01   1.767008e+00
  4.820725e-01   9.223203e+01   1.774876e+00
  4.867607e-01   8.942588e+01   1.764359e+00
  4.914489e-01   9.068145e+01   1.792212e+00
  4.961371e-01   8.791232e+01   1.779177e+00
  5.008254e-01   8.674875e+01   1.781889e+00
  5.055136e-01   8.838283e+01   1.813659e+00
  5.102018e-01   8.405788e+01   1.728164e+00
  5.148901e-01   8.025834e+01   1.629654e+00
  5.195783e-01   8.067386e+01   1.606406e+00
  5.242665e-01   7.942008e+01   1.575187e+00
  5.289547e-01   7.906747e+01   1.556747e+00
  5.336430e-01   7.830550e+01   1.535795e+00
  5.383312e-01   7.950961e+01   1.536304e+00
  5.430194e-01   7.816830e+01   1.514118e+00
  5.477077e-01   7.606441e+01   1.485310e+00
  5.523959e-01   7.280905e+01   1.445087e+00
  5.570841e-01   7.412052e+01   1.450081e+00
  5.617723e-01   7.232677e+01   1.426358e+00
  5.664606e-01   7.157066e+01   1.412655e+00
  5.711488e-01   7.202898e+01   1.411577e+00
  5.758370e-01   7.060658e+01   1.389769e+00
  5.805253e-01   6.912456e+01   1.366623e+00
  5.852135e-01   6.678674e+01   1.334712e+00
  5.899017e-01   6.377754e+01   1.295265e+00
  5.945900e-01   6.350724e+01   1.282145e+00
  5.992782e-01   6.419528e+01   1.280776e+00
  6.039664e-01   6.488042e+01   1.280032e+00
  6.086546e-01   6.216261e+01   1.245469e+00
  6.133429e-01   6.168343e+01   1.232652e+00
  6.180311e-01   6.152091e+01   1.223762e+00
  6.227193e-01   5.907779e+01   1.192612e+00
  6.274076e-01   5.833142e+01   1.180107e+00
  6.320958e-01   5.951457e+01   1.188696e+00
  6.367840e-01   5.818273e+01   1.171945e+00
  6.414722e-01   5.686072e+01   1.156224e+00
  6.461605e-01   5.658704e+01   1.150766e+00
  6.508487e-01   5.682054e+01   1.150669e+00
  6.555369e-01   5.500216e+01   1.128722e+00
  6.602252e-01   5.374249e+01   1.113360e+00
  6.649134e-01   5.238326e+01   1.096901e+00
  6.696016e-01   5.422504e+01   1.113700e+00
  6.742898e-01   5.345343e+01   1.102653e+00
  6.789781e-01   5.257407e+01   1.091168e+00
  6.836663e-01   5.042806e+01   1.066413e+00
  6.883545e-01   4.913401e+01   1.050688e+00
  6.930428e-01   4.954443e+01   1.052196e+00
  6.977310e-01   4.836700e+01   1.037257e+00
  7.024192e-01   4.897536e+01   1.041662e+00
  7.071074e-01   4.784299e+01   1.027578e+00
  7.117957e-01   4.766753e+01   1.023361e+00
  7.164839e-01   4.780229e+01   1.022153e+00
  7.211721e-01   4.595848e+01   1.000350e+00
  7.258604e-01   4.640193e+01   1.003114e+00
  7.305486e-01   4.547719e+01   9.913859e-01
  7.352368e-01   4.602287e+01   9.942437e-01
  7.399251e-01   4.484459e+01   9.798461e-01
  7.446133e-01   4.294992e+01   9.572074e-01
  7.493015e-01   4.238585e+01   9.497992e-01
  7.539897e-01   4.291834e+01   9.529746e-01
  7.586780e-01   4.412635e+01   9.638009e-01
  7.633662e-01   4.149752e+01   9.328132e-01
  7.680544e-01   4.218901e+01   9.389147e-01
  7.727427e-01   4.108786e+01   9.244783e-01
  7.774309e-01   4.150727e+01   9.270253e-01
  7.821191e-01   4.084495e+01   9.179956e-01
  7.868073e-01   4.036872e+01   9.109958e-01
  7.914956e-01   4.039423e+01   9.093338e-01
  7.961838e-01   3.983548e+01   9.009715e-01
  8.008720e-01   3.946835e+01   8.951644e-01
  8.055603e-01   3.837286e+01   8.809993e-01
  8.102485e-01   3.847155e+01   8.806583e-01
  8.149367e-01   3.876920e+01   8.817998e-01
  8.196249e-01   3.849071e+01   8.769582e-01
  8.243132e-01   3.700633e+01   8.585123e-01
  8.290014e-01   3.748060e+01   8.623937e-01
  8.336896e-01   3.722929e+01   8.575106e-01
  8.383779e-01   3.502991e+01   8.302096e-01
  8.430661e-01   3.557786e+01   8.352559e-01
  8.477543e-01   3.619081e+01   8.408771e-01
  8.524425e-01   3.486962e+01   8.237738e-01
  8.571308e-01   3.438760e+01   8.167409e-01
  8.618190e-01   3.423761e+01   8.132964e-01
  8.665072e-01   3.318480e+01   7.991134e-01
  8.711955e-01   3.308942e+01   7.965376e-01
  8.758837e-01   3.351389e+01   7.998129e-01
  8.805719e-01   3.531657e+01   8.196028e-01
  8.852602e-01   3.461549e+01   8.101295e-01
  8.899484e-01   3.401123e+01   8.017174e-01
  8.946366e-01   3.332725e+01   7.915961e-01
  8.993248e-01   3.316859e+01   7.885653e-01
  9.040131e-01   3.348180e+01   7.908323e-01
  9.087013e-01   3.335625e+01   7.881168e-01
  9.133895e-01   3.238676e+01   7.748601e-01
  9.180778e-01   3.259020e+01   7.759879e-01
  9.227660e-01   3.162440e+01   7.629733e-01
  9.274542e-01   3.193578e+01   7.655835e-01
  9.321424e-01   3.020111e+01   7.430996e-01
  9.368307e-01   3.136626e+01   7.556829e-01
  9.415189e-01   3.047286e+01   7.436896e-01
  9.462071e-01   3.146058e+01   7.545080e-01
  9.508954e-01   3.076758e+01   7.447546e-01
  9.555836e-01   3.177891e+01   7.553388e-01
  9.602718e-01   3.184912e+01   7.549620e-01
  9.649600e-01   3.023387e+01   7.343892e-01
  9.696483e-01   3.107257e+01   7.433868e-01
  9.743365e-01   3.080693e+01   7.384796e-01
  9.790247e-01   3.121327e+01   7.422646e-01
  9.837130e-01   2.920542e+01   7.167827e-01
  9.884012e-01   2.898992e+01   7.130453e-01
  9.930894e-01   2.878375e+01   7.091035e-01
  9.977777e-01   2.911281e+01   7.118824e-01
  1.002466e+00   2.991550e+01   7.205449e-01
  1.007154e+00   3.049829e+01   7.263440e-01
  1.011842e+00   3.059808e+01   7.263344e-01
  1.016531e+00   2.949382e+01   7.116787e-01
  1.021219e+00   2.991023e+01   7.155528e-01
  1.025907e+00   2.949780e+01   7.096159e-01
  1.030595e+00   2.969212e+01   7.108215e-01
  1.035283e+00   2.925298e+01   7.039728e-01
  1.039972e+00   2.864770e+01   6.957074e-01
  1.044660e+00   2.918670e+01   7.012298e-01
  1.049348e+00   2.983827e+01   7.077876e-01
  1.054036e+00   2.847346e+01   6.900960e-01
  1.058725e+00   2.958719e+01   7.024121e-01
  1.063413e+00   2.940900e+01   6.991858e-01
  1.068101e+00   2.949788e+01   6.992468e-01
  1.072789e+00   2.898296e+01   6.918163e-01
  1.077478e+00   2.793136e+01   6.780407e-01
  1.082166e+00   2.838010e+01   6.824027e-01
  1.086854e+00   2.709768e+01   6.658511e-01
  1.091542e+00   2.720652e+01   6.661801e-01
  1.096230e+00   2.798432e+01   6.742591e-01
  1.100919e+00   2.877588e+01   6.827760e-01
  1.105607e+00   2.845083e+01   6.780028e-01
  1.110295e+00   2.798729e+01   6.714041e-01
  1.114983e+00   2.754206e+01   6.649414e-01
  1.119672e+00   2.851653e+01   6.756415e-01
  1.124360e+00   2.801346e+01   6.685337e-01
  1.129048e+00   2.845246e+01   6.727394e-01
  1.133736e+00   2.707161e+01   6.550016e-01
  1.138425e+00   2.823410e+01   6.679130e-01
  1.143113e+00   2.760290e+01   6.594269e-01
  1.147801e+00   2.896394e+01   6.746413e-01
  1.152489e+00   2.959892e+01   6.807576e-01
  1.157177e+00   2.851952e+01   6.670920e-01
  1.161866e+00   2.796740e+01   6.597983e-01
  1.166554e+00   2.837033e+01   6.635662e-01
  1.171242e+00   2.836861e+01   6.624357e-01
  1.175930e+00   2.837302e+01   6.614417e-01
  1.180619e+00   2.900591e+01   6.678194e-01
  1.185307e+00   2.884236e+01   6.649689e-01
  1.189995e+00   2.778089e+01   6.517912e-01
  1.194683e+00   2.729966e+01   6.448646e-01
  1.199372e+00   2.780059e+01   6.498610e-01
  1.204060e+00   2.659359e+01   6.349049e-01
  1.208748e+00   2.748925e+01   6.449799e-01
  1.213436e+00   2.736094e+01   6.419905e-01
  1.218124e+00   2.771993e+01   6.450990e-01
  1.222813e+00   2.811378e+01   6.487477e-01
  1.227501e+00   2.856961e+01   6.532118e-01
  1.232189e+00   2.755060e+01   6.403804e-01
  1.236877e+00   2.812996e+01   6.459911e-01
  1.241566e+00   2.837079e+01   6.479766e-01
  1.246254e+00   2.735617e+01   6.354668e-01
  1.250942e+00   2.841052e+01   6.617928e-01
  1.255630e+00   2.787354e+01   6.732504e-01
  1.260318e+00   2.779308e+01   6.835058e-01
  1.265007e+00   2.814307e+01   6.969030e-01
  1.269695e+00   2.697802e+01   6.901253e-01
  1.274383e+00   2.596824e+01   6.839544e-01
  1.279071e+00   2.802503e+01   7.173772e-01
  1.283760e+00   2.751168e+01   7.170450e-01
  1.288448e+00   2.677259e+01   7.132514e-01
  1.293136e+00   2.716047e+01   7.240779e-01
  1.297824e+00   2.724061e+01   7.305866e-01
  1.302513e+00   2.732372e+01   7.360559e-01
  1.307201e+00   2.726431e+01   7.373719e-01
  1.311889e+00   2.823938e+01   7.511265e-01
  1.316577e+00   2.864791e+01   7.274645e-01
  1.321265e+00   2.840890e+01   7.064564e-01
  1.325954e+00   2.717883e+01   6.798605e-01
  1.330642e+00   2.769136e+01   6.775103e-01
  1.335330e+00   2.726048e+01   6.648771e-01
  1.340018e+00   2.821629e+01   6.701475e-01
  1.344707e+00   2.749292e+01   6.559608e-01
  1.349395e+00   2.920124e+01   6.710191e-01
  1.354083e+00   2.752999e+01   6.465942e-01
  1.358771e+00   2.698312e+01   6.358916e-01
  1.363460e+00   2.727611e+01   6.358407e-01
  1.368148e+00   2.696170e+01   6.303827e-01
  1.372836e+00   2.823696e+01   6.433697e-01
  1.377524e+00   2.765734e+01   6.352798e-01
  1.382212e+00   2.718340e+01   6.285700e-01
  1.386901e+00   2.701930e+01   6.253604e-01
  1.391589e+00   2.806090e+01   6.358880e-01
  1.396277e+00   2.753556e+01   6.285813e-01
  1.400965e+00   2.794240e+01   6.320415e-01
  1.405654e+00   2.716434e+01   6.220455e-01
  1.410342e+00   2.693581e+01   6.182763e-01
  1.415030e+00   2.740805e+01   6.223031e-01
  1.419718e+00   2.657887e+01   6.117887e-01
  1.424406e+00   2.709736e+01   6.167738e-01
  1.429095e+00   2.735880e+01   6.186531e-01
  1.433783e+00   2.666050e+01   6.094142e-01
  1.438471e+00   2.634736e+01   6.048878e-01
  1.443159e+00   2.678534e+01   6.089618e-01
  1.447848e+00   2.737015e+01   6.145658e-01
  1.452536e+00   2.779277e+01   6.181272e-01
  1.457224e+00   2.789788e+01   6.183030e-01
  1.461912e+00   2.708923e+01   6.083837e-01
  1.466601e+00   2.776793e+01   6.150213e-01
  1.471289e+00   2.684045e+01   6.036347e-01
  1.475977e+00   2.699497e+01   6.046679e-01
  1.480665e+00   2.744833e+01   6.085480e-01
  1.485353e+00   2.793936e+01   6.227112e-01
  1.490042e+00   2.758380e+01   6.377248e-01
  1.494730e+00   2.754545e+01   6.485282e-01
  1.499418e+00   2.762606e+01   6.578299e-01
  1.504106e+00   2.706726e+01   6.586719e-01
  1.508795e+00   2.649825e+01   6.586292e-01
  1.513483e+00   2.697841e+01   6.477291e-01
  1.518171e+00   2.632276e+01   6.255153e-01
  1.522859e+00   2.589242e+01   6.118617e-01
  1.527548e+00   2.673025e+01   6.150365e-01
  1.532236e+00   2.653879e+01   6.069603e-01
  1.536924e+00   2.695254e+01   6.068098e-01
  1.541612e+00   2.626847e+01   5.958972e-01
  1.546300e+00   2.650039e+01   5.970767e-01
  1.550989e+00   2.752335e+01   6.063241e-01
  1.555677e+00   2.717982e+01   5.994541e-01
  1.560365e+00   2.667208e+01   5.910533e-01
  1.565053e+00   2.687857e+01   5.906039e-01
  1.569742e+00   2.749105e+01   5.948774e-01
  1.574430e+00   2.673451e+01   5.854012e-01
  1.579118e+00   2.722200e+01   5.911558e-01
  1.583806e+00   2.735221e+01   5.932451e-01
  1.588495e+00   2.671114e+01   5.869396e-01
  1.593183e+00   2.669106e+01   5.869964e-01
  1.597871e+00   2.695315e+01   5.895072e-01
  1.602559e+00   2.644664e+01   5.830867e-01
  1.607247e+00   2.665633e+01   5.844670e-01
  1.611936e+00   2.672058e+01   5.840517e-01
  1.616624e+00   2.664547e+01   5.824101e-01
  1.621312e+00   2.733546e+01   5.890507e-01
  1.626000e+00   2.665448e+01   5.807869e-01
  1.630689e+00   2.593669e+01   5.719936e-01
  1.635377e+00   2.673074e+01   5.798237e-01
  1.640065e+00   2.674346e+01   5.791161e-01
  1.644753e+00   2.683099e+01   5.792719e-01
  1.649441e+00   2.704946e+01   5.808007e-01
  1.654130e+00   2.745202e+01   5.841716e-01
  1.658818e+00   2.643559e+01   5.724493e-01
  1.663506e+00   2.625957e+01   5.697936e-01
  1.668194e+00   2.688659e+01   5.758327e-01
  1.672883e+00   2.644604e+01   5.701079e-01
  1.677571e+00   2.718126e+01   5.772237e-01
  1.682259e+00   2.757308e+01   5.806727e-01
  1.686947e+00   2.641877e+01   5.676674e-01
  1.691636e+00   2.667810e+01   5.695149e-01
  1.696324e+00   2.645878e+01   5.664098e-01
  1.701012e+00   2.597876e+01   5.605665e-01
  1.705700e+00   2.627470e+01   5.630848e-01
  1.710388e+00   2.579658e+01   5.571108e-01
  1.715077e+00   2.595896e+01   5.580789e-01
  1.719765e+00   2.623707e+01   5.603659e-01
  1.724453e+00   2.576789e+01   5.547015e-01
  1.729141e+00   2.709265e+01   5.680295e-01
  1.733830e+00   2.695993e+01   5.657659e-01
  1.738518e+00   2.664009e+01   5.617639e-01
  1.743206e+00   2.634652e+01   5.579892e-01
  1.747894e+00   2.618219e+01   5.556580e-01
  1.752583e+00   2.615672e+01   5.547884e-01
  1.757271e+00   2.614381e+01   5.537985e-01
  1.761959e+00   2.612524e+01   5.528637e-01
  1.766647e+00   2.665138e+01   5.577065e-01
  1.771335e+00   2.673012e+01   5.577697e-01
  1.776024e+00   2.696649e+01   5.595243e-01
  1.780712e+00   2.666322e+01   5.557073e-01
  1.785400e+00   2.691619e+01   5.577235e-01
  1.790088e+00   2.686969e+01   5.565570e-01
  1.794777e+00   2.653448e+01   5.523003e-01
  1.799465e+00   2.576679e+01   5.435830e-01
  1.804153e+00   2.531340e+01   5.382734e-01
  1.808841e+00   2.601747e+01   5.450535e-01
  1.813530e+00   2.748387e+01   5.593453e-01
  1.818218e+00   2.607649e+01   5.442501e-01
  1.822906e+00   2.673295e+01   5.505170e-01
  1.827594e+00   2.634652e+01   5.459081e-01
  1.832282e+00   2.637257e+01   5.452807e-01
  1.836971e+00   2.620927e+01   5.430830e-01
  1.841659e+00   2.601448e+01   5.405126e-01
  1.846347e+00   2.666621e+01   5.466009e-01
  1.851035e+00   2.630176e+01   5.420614e-01
  1.855724e+00   2.602905e+01   5.386953e-01
  1.860412e+00   2.651490e+01   5.431394e-01
  1.865100e+00   2.664899e+01   5.438823e-01
  1.869788e+00   2.663762e+01   5.430345e-01
  1.874476e+00   2.598850e+01   5.357766e-01
  1.879165e+00   2.566751e+01   5.319279e-01
  1.883853e+00   2.638168e+01   5.386540e-01
  1.888541e+00   2.606641e+01   5.347893e-01
  1.893229e+00   2.622988e+01   5.360889e-01
  1.897918e+00   2.672875e+01   5.405303e-01
  1.902606e+00   2.601823e+01   5.325067e-01
  1.907294e+00   2.559261e+01   5.276096e-01
  1.911982e+00   2.611642e+01   5.322176e-01
  1.916671e+00   2.576775e+01   5.281267e-01
  1.921359e+00   2.555639e+01   5.254175e-01
  1.926047e+00   2.614605e+01   5.309079e-01
  1.930735e+00   2.499425e+01   5.183604e-01
  1.935423e+00   2.554717e+01   5.235272e-01
  1.940112e+00   2.611927e+01   5.287113e-01
  1.944800e+00   2.615985e+01   5.279378e-01
  1.949488e+00   2.552328e+01   5.201373e-01
  1.954176e+00   2.668746e+01   5.306918e-01
  1.958865e+00   2.600025e+01   5.226565e-01
  1.963553e+00   2.672111e+01   5.289223e-01
  1.968241e+00   2.624925e+01   5.237023e-01
  1.972929e+00   2.609306e+01   5.214872e-01
  1.977618e+00   2.628637e+01   5.229950e-01
  1.982306e+00   2.591684e+01   5.190179e-01
  1.986994e+00   2.593265e+01   5.190991e-01
  1.991682e+00   2.638017e+01   5.235997e-01
  1.996370e+00   2.693452e+01   5.292162e-01
  2.001059e+00   2.587749e+01   5.188869e-01
  2.005747e+00   2.553026e+01   5.152296e-01
  2.010435e+00   2.570022e+01   5.161061e-01
  2.015123e+00   2.561909e+01   5.147437e-01
  2.019812e+00   2.594210e+01   5.174708e-01
  2.024500e+00   2.572130e+01   5.148119e-01
  2.029188e+00   2.581255e+01   5.150908e-01
  2.033876e+00   2.523248e+01   5.087039e-01
  2.038565e+00   2.540287e+01   5.098825e-01
  2.043253e+00   2.493970e+01   5.048344e-01
  2.047941e+00   2.602927e+01   5.151506e-01
  2.052629e+00   2.609570e+01   5.170571e-01
  2.057317e+00   2.599879e+01   5.311777e-01
  2.062006e+00   2.624649e+01   5.433932e-01
  2.066694e+00   2.548318e+01   5.425518e-01
  2.071382e+00   2.537540e+01   5.472158e-01
  2.076070e+00   2.580892e+01   5.572528e-01
  2.080759e+00   2.627202e+01   5.672317e-01
  2.085447e+00   2.654494e+01   5.745540e-01
  2.090135e+00   2.623149e+01   5.733041e-01
  2.094823e+00   2.578915e+01   5.700754e-01
  2.099511e+00   2.573282e+01   5.710574e-01
  2.104200e+00   2.607433e+01   5.763257e-01
  2.108888e+00   2.636498e+01   5.808186e-01
  2.113576e+00   2.634489e+01   5.818783e-01
  2.118264e+00   2.619861e+01   5.746039e-01
  2.122953e+00   2.604969e+01   5.548258e-01
  2.127641e+00   2.563889e+01   5.413225e-01
  2.132329e+00   2.601469e+01   5.386521e-01
  2.137017e+00   2.654430e+01   5.389727e-01
  2.141706e+00   2.573411e+01   5.262896e-01
  2.146394e+00   2.616046e+01   5.267497e-01
  2.151082e+00   2.605488e+01   5.227920e-01
  2.155770e+00   2.548557e+01   5.159221e-01
  2.160458e+00   2.589608e+01   5.188555e-01
  2.165147e+00   2.593675e+01   5.181783e-01
  2.169835e+00   2.633170e+01   5.208901e-01
  2.174523e+00   2.631985e+01   5.198647e-01
  2.179211e+00   2.556506e+01   5.114453e-01
  2.183900e+00   2.529220e+01   5.078127e-01
  2.188588e+00   2.568135e+01   5.107676e-01
  2.193276e+00   2.592075e+01   5.122862e-01
  2.197964e+00   2.537740e+01   5.061477e-01
  2.202653e+00   2.617680e+01   5.132445e-01
  2.207341e+00   2.579436e+01   5.086806e-01
  2.212029e+00   2.623296e+01   5.121936e-01
  2.216717e+00   2.648880e+01   5.140109e-01
  2.221405e+00   2.655144e+01   5.138593e-01
  2.226094e+00   2.573628e+01   5.052156e-01
  2.230782e+00   2.622939e+01   5.093035e-01
  2.235470e+00   2.557817e+01   5.022741e-01
  2.240158e+00   2.629793e+01   5.086308e-01
  2.244847e+00   2.558557e+01   5.011039e-01
  2.249535e+00   2.581621e+01   5.026038e-01
  2.254223e+00   2.642037e+01   5.077928e-01
  2.258911e+00   2.564477e+01   4.997281e-01
  2.263600e+00   2.575277e+01   5.001975e-01
  2.268288e+00   2.516702e+01   4.937916e-01
  2.272976e+00   2.565130e+01   4.978695e-01
  2.277664e+00   2.585555e+01   4.993200e-01
  2.282352e+00   2.574330e+01   4.976896e-01
  2.287041e+00   2.539505e+01   4.937007e-01
  2.291729e+00   2.569469e+01   4.959118e-01
  2.296417e+00   2.591664e+01   4.975836e-01
  2.301105e+00   2.558605e+01   4.938509e-01
  2.305794e+00   2.580458e+01   4.953918e-01
  2.310482e+00   2.526710e+01   4.895293e-01
  2.315170e+00   2.548222e+01   4.911549e-01
  2.319858e+00   2.577672e+01   4.934713e-01
  2.324546e+00   2.493548e+01   4.848079e-01
  2.329235e+00   2.534336e+01   4.881032e-01
  2.333923e+00   2.575111e+01   4.915559e-01
  2.338611e+00   2.554277e+01   4.890647e-01
  2.343299e+00   2.541984e+01   4.873852e-01
  2.347988e+00   2.543522e+01   4.868827e-01
  2.352676e+00   2.538661e+01   4.859705e-01
  2.357364e+00   2.603251e+01   4.916211e-01
  2.362052e+00   2.649128e+01   4.954123e-01
  2.366741e+00   2.593300e+01   4.896083e-01
  2.371429e+00   2.528658e+01   4.829472e-01
  2.376117e+00   2.521386e+01   4.818140e-01
  2.380805e+00   2.514868e+01   4.806828e-01
  2.385493e+00   2.587286e+01   4.870353e-01
  2.390182e+00   2.555846e+01   4.835673e-01
  2.394870e+00   2.601641e+01   4.873534e-01
  2.399558e+00   2.534055e+01   4.805805e-01
  2.404246e+00   2.497483e+01   4.765921e-01
  2.408935e+00   2.518819e+01   4.780978e-01
  2.413623e+00   2.517704e+01   4.775141e-01
  2.418311e+00   2.527306e+01   4.779785e-01
  2.422999e+00   2.496272e+01   4.746445e-01
  2.427688e+00   2.522740e+01   4.765289e-01
  2.432376e+00   2.585448e+01   4.820031e-01
  2.437064e+00   2.603143e+01   4.831478e-01
  2.441752e+00   2.612871e+01   4.837185e-01
  2.446440e+00   2.572715e+01   4.793584e-01
  2.451129e+00   2.570402e+01   4.787164e-01
  2.455817e+00   2.567995e+01   4.781328e-01
  2.460505e+00   2.587715e+01   4.795662e-01
  2.465193e+00   2.497450e+01   4.705178e-01
  2.469882e+00   2.478942e+01   4.682873e-01
  2.474570e+00   2.573232e+01   4.766900e-01
  2.479258e+00   2.537696e+01   4.730037e-01
  2.483946e+00   2.527644e+01   4.715990e-01
  2.488634e+00   2.622285e+01   4.797991e-01
  2.493323e+00   2.552001e+01   4.729376e-01
  2.498011e+00   2.555245e+01   4.728462e-01
  2.502699e+00   2.559032e+01   4.727351e-01
  2.507387e+00   2.590091e+01   4.750814e-01
  2.512076e+00   2.593028e+01   4.749262e-01
  2.516764e+00   2.631385e+01   4.780467e-01
  2.521452e+00   2.557520e+01   4.708511e-01
  2.526140e+00   2.593679e+01   4.736653e-01
  2.530829e+00   2.536693e+01   4.679975e-01
  2.535517e+00   2.625835e+01   4.755101e-01
  2.540205e+00   2.528871e+01   4.657409e-01
  2.544893e+00   2.582766e+01   4.696558e-01
  2.549581e+00   2.562899e+01   4.670183e-01
  2.554270e+00   2.523436e+01   4.629690e-01
  2.558958e+00   2.489462e+01   4.594443e-01
  2.563646e+00   2.549925e+01   4.645814e-01
  2.568334e+00   2.563498e+01   4.653388e-01
  2.573023e+00   2.572194e+01   4.657461e-01
  2.577711e+00   2.602061e+01   4.680495e-01
  2.582399e+00   2.545983e+01   4.625974e-01
  2.587087e+00   2.550592e+01   4.627031e-01
  2.591776e+00   2.540557e+01   4.618567e-01
  2.596464e+00   2.490991e+01   4.575008e-01
  2.601152e+00   2.487068e+01   4.572029e-01
  2.605840e+00   2.488104e+01   4.568822e-01
  2.610528e+00   2.506646e+01   4.581763e-01
  2.615217e+00   2.479949e+01   4.553685e-01
  2.619905e+00   2.535429e+01   4.601131e-01
  2.624593e+00   2.588618e+01   4.643823e-01
  2.629281e+00   2.582720e+01   4.634761e-01
  2.633970e+00   2.481943e+01   4.539538e-01
  2.638658e+00   2.556187e+01   4.603759e-01
  2.643346e+00   2.566071e+01   4.608026e-01
  2.648034e+00   2.507774e+01   4.551878e-01
  2.652723e+00   2.484753e+01   4.527177e-01
  2.657411e+00   2.493170e+01   4.530778e-01
  2.662099e+00   2.505417e+01   4.537843e-01
  2.666787e+00   2.556055e+01   4.578741e-01
  2.671475e+00   2.536012e+01   4.557079e-01
  2.676164e+00   2.535539e+01   4.553795e-01
  2.680852e+00   2.518803e+01   4.535575e-01
  2.685540e+00   2.481472e+01   4.496637e-01
  2.690228e+00   2.518321e+01   4.525663e-01
  2.694917e+00   2.572802e+01   4.572157e-01
  2.699605e+00   2.525834e+01   4.526506e-01
  2.704293e+00   2.505967e+01   4.503164e-01
  2.708981e+00   2.544179e+01   4.533675e-01
  2.713669e+00   2.519255e+01   4.508370e-01
  2.718358e+00   2.600226e+01   4.576396e-01
  2.723046e+00   2.513103e+01   4.494763e-01
  2.727734e+00   2.570127e+01   4.541440e-01
  2.732422e+00   2.529641e+01   4.502500e-01
  2.737111e+00   2.573168e+01   4.537443e-01
  2.741799e+00   2.535574e+01   4.500047e-01
  2.746487e+00   2.469258e+01   4.436720e-01
  2.751175e+00   2.568364e+01   4.521722e-01
  2.755864e+00   2.551897e+01   4.503758e-01
  2.760552e+00   2.491000e+01   4.445805e-01
  2.765240e+00   2.514894e+01   4.462881e-01
  2.769928e+00   2.490003e+01   4.437379e-01
  2.774616e+00   2.457856e+01   4.405770e-01
  2.779305e+00   2.461775e+01   4.405312e-01
  2.783993e+00   2.534705e+01   4.465961e-01
  2.788681e+00   2.546968e+01   4.473546e-01
  2.793369e+00   2.534159e+01   4.460019e-01
  2.798058e+00   2.593475e+01   4.507189e-01
  2.802746e+00   2.563072e+01   4.478635e-01
  2.807434e+00   2.510202e+01   4.429699e-01
  2.812122e+00   2.474654e+01   4.392267e-01
  2.816811e+00   2.510596e+01   4.421085e-01
  2.821499e+00   2.474776e+01   4.385143e-01
  2.826187e+00   2.531153e+01   4.430817e-01
  2.830875e+00   2.486614e+01   4.388377e-01
  2.835563e+00   2.544833e+01   4.436411e-01
  2.840252e+00   2.548984e+01   4.435499e-01
  2.844940e+00   2.543858e+01   4.427910e-01
  2.849628e+00   2.587785e+01   4.462521e-01
  2.854316e+00   2.532160e+01   4.411125e-01
  2.859005e+00   2.516232e+01   4.471219e-01
  2.863693e+00   2.514271e+01   4.567508e-01
  2.868381e+00   2.542086e+01   4.653331e-01
  2.873069e+00   2.566596e+01   4.726404e-01
  2.877758e+00   2.522260e+01   4.726259e-01
  2.882446e+00   2.519542e+01   4.753163e-01
  2.887134e+00   2.480636e+01   4.731973e-01
  2.891822e+00   2.538858e+01   4.801154e-01
  2.896510e+00   2.542165e+01   4.817600e-01
  2.901199e+00   2.518939e+01   4.806770e-01
  2.905887e+00   2.521127e+01   4.820893e-01
  2.910575e+00   2.548918e+01   4.858081e-01
  2.915263e+00   2.504652e+01   4.825582e-01
  2.919952e+00   2.550846e+01   4.875365e-01
  2.924640e+00   2.559004e+01   4.751169e-01
  2.929328e+00   2.625376e+01   4.727329e-01
  2.934016e+00   2.477628e+01   4.539843e-01
  2.938704e+00   2.467364e+01   4.489523e-01
  2.943393e+00   2.519155e+01   4.503688e-01
  2.948081e+00   2.528965e+01   4.494868e-01
  2.952769e+00   2.558095e+01   4.509422e-01
  2.957457e+00   2.498676e+01   4.447741e-01
  2.962146e+00   2.501506e+01   4.440755e-01
  2.966834e+00   2.520154e+01   4.450373e-01
  2.971522e+00   2.527361e+01   4.447997e-01
  2.976210e+00   2.555783e+01   4.465978e-01
  2.980899e+00   2.586478e+01   4.485207e-01
  2.985587e+00   2.537720e+01   4.435997e-01
  2.990275e+00   2.481335e+01   4.380102e-01
  2.994963e+00   2.503634e+01   4.394435e-01
  2.999651e+00   2.482653e+01   4.369694e-01
  3.004340e+00   2.480013e+01   4.361485e-01
  3.009028e+00   2.517660e+01   4.388947e-01
  3.013716e+00   2.534152e+01   4.398457e-01
  3.018404e+00   2.530245e+01   4.389733e-01
  3.023093e+00   2.509280e+01   4.365969e-01
  3.027781e+00   2.507979e+01   4.359744e-01
  3.032469e+00   2.532411e+01   4.376501e-01
  3.037157e+00   2.494721e+01   4.339402e-01
  3.041846e+00   2.469126e+01   4.311618e-01
  3.046534e+00   2.485826e+01   4.321424e-01
  3.051222e+00   2.494219e+01   4.325555e-01
  3.055910e+00   2.485519e+01   4.313924e-01
  3.060598e+00   2.524160e+01   4.340983e-01
  3.065287e+00   2.477635e+01   4.296818e-01
  3.069975e+00   2.471374e+01   4.287316e-01
  3.074663e+00   2.554865e+01   4.355511e-01
  3.079351e+00   2.479731e+01   4.286134e-01
  3.084040e+00   2.512069e+01   4.309373e-01
  3.088728e+00   2.525237e+01   4.317036e-01
  3.093416e+00   2.506280e+01   4.298503e-01
  3.098104e+00   2.523086e+01   4.308205e-01
  3.102793e+00   2.539473e+01   4.317634e-01
  3.107481e+00   2.597371e+01   4.362814e-01
  3.112169e+00   2.565072e+01   4.331383e-01
  3.116857e+00   2.492725e+01   4.265581e-01
  3.121545e+00   2.456679e+01   4.230326e-01
  3.126234e+00   2.518555e+01   4.279718e-01
  3.130922e+00   2.505346e+01   4.265434e-01
  3.135610e+00   2.512102e+01   4.267280e-01
  3.140298e+00   2.464679e+01   4.224806e-01
  3.144987e+00   2.495981e+01   4.248072e-01
  3.149675e+00   2.493931e+01   4.240572e-01
  3.154363e+00   2.490624e+01   4.234516e-01
  3.159051e+00   2.541361e+01   4.272797e-01
  3.163739e+00   2.510129e+01   4.242873e-01
  3.168428e+00   2.504835e+01   4.235648e-01
  3.173116e+00   2.550555e+01   4.271269e-01
  3.177804e+00   2.493738e+01   4.218810e-01
  3.182492e+00   2.543823e+01   4.257306e-01
  3.187181e+00   2.483762e+01   4.203571e-01
  3.191869e+00   2.519898e+01   4.230679e-01
  3.196557e+00   2.549436e+01   4.251435e-01
  3.201245e+00   2.562468e+01   4.258733e-01
  3.205934e+00   2.500114e+01   4.203392e-01
  3.210622e+00   2.426676e+01   4.138533e-01
  3.215310e+00   2.533491e+01   4.224437e-01
  3.219998e+00   2.512125e+01   4.201682e-01
  3.224686e+00   2.529442e+01   4.209286e-01
  3.229375e+00   2.535052e+01   4.206066e-01
  3.234063e+00   2.502131e+01   4.173500e-01
  3.238751e+00   2.533358e+01   4.195853e-01
  3.243439e+00   2.509180e+01   4.172488e-01
  3.248128e+00   2.554806e+01   4.207458e-01
  3.252816e+00   2.514219e+01   4.170711e-01
  3.257504e+00   2.473492e+01   4.132878e-01
  3.262192e+00   2.531176e+01   4.177997e-01
  3.266881e+00   2.543398e+01   4.184960e-01
  3.271569e+00   2.493016e+01   4.140335e-01
  3.276257e+00   2.534757e+01   4.171801e-01
  3.280945e+00   2.504430e+01   4.147432e-01
  3.285633e+00   2.474975e+01   4.124402e-01
  3.290322e+00   2.545893e+01   4.182667e-01
  3.295010e+00   2.529271e+01   4.165501e-01
  3.299698e+00   2.527050e+01   4.160535e-01
  3.304386e+00   2.492637e+01   4.128892e-01
  3.309075e+00   2.553399e+01   4.176357e-01
  3.313763e+00   2.489339e+01   4.120231e-01
  3.318451e+00   2.431883e+01   4.069009e-01
  3.323139e+00   2.471841e+01   4.099672e-01
  3.327828e+00   2.477667e+01   4.101260e-01
  3.332516e+00   2.491272e+01   4.109973e-01
  3.337204e+00   2.478922e+01   4.095924e-01
  3.341892e+00   2.547663e+01   4.150301e-01
  3.346580e+00   2.514313e+01   4.120012e-01
  3.351269e+00   2.534642e+01   4.133184e-01
  3.355957e+00   2.539756e+01   4.142193e-01
  3.360645e+00   2.467992e+01   4.183204e-01
  3.365333e+00   2.456384e+01   4.239414e-01
  3.370022e+00   2.423208e+01   4.256859e-01
  3.374710e+00   2.471736e+01   4.320462e-01
  3.379398e+00   2.516020e+01   4.375262e-01
  3.384086e+00   2.500295e+01   4.375699e-01
  3.388774e+00   2.491440e+01   4.372864e-01
  3.393463e+00   2.513714e+01   4.388677e-01
  3.398151e+00   2.568386e+01   4.440466e-01
  3.402839e+00   2.512737e+01   4.401827e-01
  3.407527e+00   2.501704e+01   4.401898e-01
  3.412216e+00   2.474304e+01   4.386050e-01
  3.416904e+00   2.475499e+01   4.395313e-01
  3.421592e+00   2.538782e+01   4.459684e-01
  3.426280e+00   2.458945e+01   4.396245e-01
  3.430969e+00   2.372002e+01   4.325460e-01
  3.435657e+00   2.424882e+01   4.380733e-01
  3.440345e+00   2.429099e+01   4.390158e-01
  3.445033e+00   2.448300e+01   4.414238e-01
  3.449721e+00   2.529027e+01   4.493782e-01
  3.454410e+00   2.485372e+01   4.459864e-01
  3.459098e+00   2.446060e+01   4.430202e-01
  3.463786e+00   2.503700e+01   4.487797e-01
  3.468474e+00   2.533737e+01   4.520481e-01
  3.473163e+00   2.500033e+01   4.495123e-01
  3.477851e+00   2.485666e+01   4.487810e-01
  3.482539e+00   2.445480e+01   4.458332e-01
  3.487227e+00   2.446534e+01   4.462082e-01
  3.491916e+00   2.482274e+01   4.499888e-01
  3.496604e+00   2.516012e+01   4.534964e-01
  3.501292e+00   2.491068e+01   4.517019e-01
  3.505980e+00   2.538236e+01   4.564411e-01
  3.510668e+00   2.548371e+01   4.578055e-01
  3.515357e+00   2.501959e+01   4.540024e-01
  3.520045e+00   2.534230e+01   4.574287e-01
  3.524733e+00   2.442535e+01   4.494554e-01
  3.529421e+00   2.487741e+01   4.539760e-01
  3.534110e+00   2.467936e+01   4.526202e-01
  3.538798e+00   2.434849e+01   4.499251e-01
  3.543486e+00   2.467868e+01   4.533639e-01
  3.548174e+00   2.493017e+01   4.560711e-01
  3.552863e+00   2.498936e+01   4.569646e-01
  3.557551e+00   2.520786e+01   4.593050e-01
  3.562239e+00   2.527353e+01   4.603164e-01
  3.566927e+00   2.475316e+01   4.559023e-01
  3.571615e+00   2.559345e+01   4.639026e-01
  3.576304e+00   2.527927e+01   4.613752e-01
  3.580992e+00   2.448038e+01   4.543125e-01
  3.585680e+00   2.482942e+01   4.572732e-01
  3.590368e+00   2.483345e+01   4.568803e-01
  3.595057e+00   2.495349e+01   4.575751e-01
  3.599745e+00   2.508119e+01   4.583458e-01
  3.604433e+00   2.526689e+01   4.597625e-01
  3.609121e+00   2.522883e+01   4.598941e-01
  3.613809e+00   2.444202e+01   4.527295e-01
  3.618498e+00   2.476493e+01   4.559492e-01
  3.623186e+00   2.471913e+01   4.558516e-01
  3.627874e+00   2.472931e+01   4.562238e-01
  3.632562e+00   2.552616e+01   4.637598e-01
  3.637251e+00   2.557177e+01   4.644896e-01
  3.641939e+00   2.503840e+01   4.598819e-01
  3.646627e+00   2.538570e+01   4.633755e-01
  3.651315e+00   2.472091e+01   4.574910e-01
  3.656004e+00   2.514499e+01   4.618644e-01
  3.660692e+00   2.514141e+01   4.689647e-01
  3.665380e+00   2.472552e+01   4.817067e-01
  3.670068e+00   2.460142e+01   4.888001e-01
  3.674756e+00   2.487046e+01   4.992020e-01
  3.679445e+00   2.502661e+01   5.067560e-01
  3.684133e+00   2.444208e+01   5.042242e-01
  3.688821e+00   2.507903e+01   5.139056e-01
  3.693509e+00   2.541202e+01   5.203685e-01
  3.698198e+00   2.492104e+01   5.181348e-01
  3.702886e+00   2.555420e+01   5.275415e-01
  3.707574e+00   2.534645e+01   5.280225e-01
  3.712262e+00   2.585229e+01   5.359694e-01
  3.716951e+00   2.543952e+01   5.341995e-01
  3.721639e+00   2.547842e+01   5.371543e-01
  3.726327e+00   2.534025e+01   5.381075e-01
  3.731015e+00   2.600684e+01   5.476439e-01
  3.735703e+00   2.502898e+01   5.395820e-01
  3.740392e+00   2.538661e+01   5.458289e-01
  3.745080e+00   2.584746e+01   5.530510e-01
  3.749768e+00   2.503234e+01   5.465778e-01
  3.754456e+00   2.440761e+01   5.419277e-01
  3.759145e+00   2.482949e+01   5.488536e-01
  3.763833e+00   2.448202e+01   5.471740e-01
  3.768521e+00   2.531186e+01   5.586159e-01
  3.773209e+00   2.519971e+01   5.595507e-01
  3.777897e+00   2.591703e+01   5.697057e-01
  3.782586e+00   2.566179e+01   5.690723e-01
  3.787274e+00   2.560539e+01   5.706481e-01
  3.791962e+00   2.525906e+01   5.689454e-01
  3.796650e+00   2.523182e+01   5.707918e-01
  3.801339e+00   2.477197e+01   5.676925e-01
  3.806027e+00   2.549233e+01   5.780408e-01
  3.810715e+00   2.506548e+01   5.753167e-01
  3.815403e+00   2.494118e+01   5.760026e-01
  3.820092e+00   2.502920e+01   5.791462e-01
  3.824780e+00   2.427641e+01   5.724627e-01
  3.829468e+00   2.398175e+01   5.710797e-01
  3.834156e+00   2.344617e+01   5.666782e-01
  3.838844e+00   2.493266e+01   5.865045e-01
  3.843533e+00   2.547218e+01   5.949295e-01
  3.848221e+00   2.498313e+01   5.912876e-01
  3.852909e+00   2.461996e+01   5.890952e-01
  3.857597e+00   2.503777e+01   5.961972e-01
  3.862286e+00   2.504774e+01   5.984402e-01
  3.866974e+00   2.441517e+01   5.929179e-01
  3.871662e+00   2.481456e+01   5.999937e-01
  3.876350e+00   2.444513e+01   5.977078e-01
  3.881039e+00   2.475228e+01   6.033792e-01
  3.885727e+00   2.448847e+01   6.022666e-01
  3.890415e+00   2.468445e+01   6.067410e-01
  3.895103e+00   2.434578e+01   6.047463e-01
  3.899791e+00   2.593009e+01   6.262366e-01
  3.904480e+00   2.514068e+01   6.188312e-01
  3.909168e+00   2.622218e+01   6.341761e-01
  3.913856e+00   2.524137e+01   6.244664e-01
  3.918544e+00   2.464668e+01   6.191196e-01
  3.923233e+00   2.533249e+01   6.299374e-01
  3.927921e+00   2.508971e+01   6.290249e-01
  3.932609e+00   2.477576e+01   6.271928e-01
  3.937297e+00   2.541635e+01   6.363915e-01
  3.941986e+00   2.482255e+01   6.297044e-01
  3.946674e+00   2.537086e+01   6.372704e-01
  3.951362e+00   2.592874e+01   6.438667e-01
  3.956050e+00   2.541048e+01   6.363251e-01
  3.960738e+00   2.541520e+01   6.362180e-01
  3.965427e+00   2.441089e+01   6.242661e-01
  3.970115e+00   2.499959e+01   6.337019e-01
  3.974803e+00   2.432646e+01   6.271147e-01
  3.979491e+00   2.490548e+01   6.363107e-01
  3.984180e+00   2.542625e+01   6.450945e-01
  3.988868e+00   2.457015e+01   6.362527e-01
  3.993556e+00   2.510496e+01   6.452933e-01
  3.998244e+00   2.545101e+01   6.519437e-01
  4.002932e+00   2.478764e+01   6.455874e-01
  4.007621e+00   2.479215e+01   6.477813e-01
  4.012309e+00   2.511706e+01   6.542139e-01
  4.016997e+00   2.495417e+01   6.543041e-01
  4.021685e+00   2.472477e+01   6.535319e-01
  4.026374e+00   2.434086e+01   6.506333e-01
  4.031062e+00   2.422863e+01   6.513251e-01
  4.035750e+00   2.477647e+01   6.608787e-01
  4.040438e+00   2.518595e+01   6.686215e-01
  4.045127e+00   2.513448e+01   6.702262e-01
  4.049815e+00   2.508795e+01   6.718937e-01
  4.054503e+00   2.418960e+01   6.620036e-01
  4.059191e+00   2.434936e+01   6.665062e-01
  4.063879e+00   2.469760e+01   6.735836e-01
  4.068568e+00   2.510783e+01   6.814896e-01
  4.073256e+00   2.503519e+01   6.828427e-01
  4.077944e+00   2.515245e+01   6.868482e-01
  4.082632e+00   2.458968e+01   6.814812e-01
  4.087321e+00   2.551208e+01   6.965846e-01
  4.092009e+00   2.490483e+01   6.906514e-01
  4.096697e+00   2.451308e+01   6.876082e-01
  4.101385e+00   2.471438e+01   6.928259e-01
  4.106074e+00   2.576904e+01   7.099985e-01
  4.110762e+00   2.540499e+01   7.074900e-01
  4.115450e+00   2.481083e+01   7.016432e-01
  4.120138e+00   2.480079e+01   7.039554e-01
  4.124826e+00   2.537913e+01   7.146844e-01
  4.129515e+00   2.493317e+01   7.109668e-01
  4.134203e+00   2.508323e+01   7.156326e-01
  4.138891e+00   2.472512e+01   7.130910e-01
  4.143579e+00   2.381315e+01   7.023539e-01
  4.148268e+00   2.435480e+01   7.129285e-01
  4.152956e+00   2.492406e+01   7.238317e-01
  4.157644e+00   2.446250e+01   7.196460e-01
  4.162332e+00   2.551093e+01   7.377175e-01
  4.167021e+00   2.521763e+01   7.361721e-01
  4.171709e+00   2.416923e+01   7.233067e-01
  4.176397e+00   2.363284e+01   7.179478e-01
  4.181085e+00   2.439673e+01   7.321815e-01
  4.185773e+00   2.490268e+01   7.425793e-01
  4.190462e+00   2.488410e+01   7.451668e-01
  4.195150e+00   2.549099e+01   7.579538e-01
  4.199838e+00   2.493632e+01   7.517832e-01
  4.204526e+00   2.493491e+01   7.543626e-01
  4.209215e+00   2.455712e+01   7.515180e-01
  4.213903e+00   2.478918e+01   7.579672e-01
  4.218591e+00   2.445184e+01   7.556987e-01
  4.223279e+00   2.536770e+01   7.727573e-01
  4.227967e+00   2.494876e+01   7.693031e-01
  4.232656e+00   2.418965e+01   7.605002e-01
  4.237344e+00   2.385202e+01   7.581966e-01
  4.242032e+00   2.452083e+01   7.717749e-01
  4.246720e+00   2.445638e+01   7.737727e-01
  4.251409e+00   2.518766e+01   7.885482e-01
  4.256097e+00   2.512568e+01   7.906641e-01
  4.260785e+00   2.615295e+01   8.099211e-01
  4.265473e+00   2.676324e+01   8.234669e-01
  4.270162e+00   2.555298e+01   8.086786e-01
  4.274850e+00   2.541595e+01   8.122867e-01
  4.279538e+00   2.584079e+01   8.227271e-01
  4.284226e+00   2.566688e+01   8.198393e-01
  4.288914e+00   2.557922e+01   8.210149e-01
  4.293603e+00   2.534182e+01   8.206812e-01
  4.298291e+00   2.512455e+01   8.207505e-01
  4.302979e+00   2.352445e+01   7.974103e-01
  4.307667e+00   2.454712e+01   8.181009e-01
  4.312356e+00   2.498856e+01   8.290867e-01
  4.317044e+00   2.486659e+01   8.305099e-01
  4.321732e+00   2.447198e+01   8.275425e-01
  4.326420e+00   2.508917e+01   8.416741e-01
  4.331109e+00   2.419406e+01   8.300617e-01
  4.335797e+00   2.486288e+01   8.452427e-01
  4.340485e+00   2.404413e+01   8.357447e-01
  4.345173e+00   2.402434e+01   8.385916e-01
  4.349861e+00   2.455488e+01   8.514069e-01
  4.354550e+00   2.448517e+01   8.541426e-01
  4.359238e+00   2.490959e+01   8.654405e-01
  4.363926e+00   2.502808e+01   8.714978e-01
  4.368614e+00   2.530543e+01   8.803921e-01
  4.373303e+00   2.324136e+01   8.477656e-01
  4.377991e+00   2.464835e+01   8.771310e-01
  4.382679e+00   2.450385e+01   8.787024e-01
  4.387367e+00   2.466287e+01   8.858919e-01
  4.392056e+00   2.586707e+01   9.115899e-01
  4.396744e+00   2.507385e+01   9.018381e-01
  4.401432e+00   2.614535e+01   9.264109e-01
  4.406120e+00   2.626305e+01   9.311147e-01
  4.410808e+00   2.443517e+01   8.987527e-01
  4.415497e+00   2.567390e+01   9.218658e-01
  4.420185e+00   2.445204e+01   9.002185e-01
  4.424873e+00   2.498657e+01   9.106969e-01
  4.429561e+00   2.531186e+01   9.172322e-01
  4.434250e+00   2.444513e+01   9.020165e-01
  4.438938e+00   2.499851e+01   9.128582e-01
  4.443626e+00   2.432400e+01   9.009660e-01
  4.448314e+00   2.464941e+01   9.091426e-01
  4.453002e+00   2.432891e+01   9.075570e-01
  4.457691e+00   2.478255e+01   9.206389e-01
  4.462379e+00   2.400087e+01   9.105775e-01
  4.467067e+00   2.494998e+01   9.331389e-01
  4.471755e+00   2.533479e+01   9.451379e-01
  4.476444e+00   2.510831e+01   9.458444e-01
  4.481132e+00   2.483414e+01   9.455980e-01
  4.485820e+00   2.589704e+01   9.708016e-01
  4.490508e+00   2.585572e+01   9.751824e-01
  4.495197e+00   2.646624e+01   9.919274e-01
  4.499885e+00   2.555047e+01   9.798909e-01
  4.504573e+00   2.488453e+01   9.723183e-01
  4.509261e+00   2.526589e+01   9.851832e-01
  4.513949e+00   2.584166e+01   1.001963e+00
  4.518638e+00   2.680877e+01   1.026306e+00
  4.523326e+00   2.450437e+01   9.868217e-01
  4.528014e+00   2.477119e+01   9.978672e-01
  4.532702e+00   2.729371e+01   1.053506e+00
  4.537391e+00   2.558974e+01   1.026051e+00
  4.542079e+00   2.424451e+01   1.004699e+00
  4.546767e+00   2.490082e+01   1.024327e+00
  4.551455e+00   2.467620e+01   1.025839e+00
  4.556144e+00   2.532100e+01   1.045491e+00
  4.560832e+00   2.449747e+01   1.034678e+00
  4.565520e+00   2.411041e+01   1.032855e+00
  4.570208e+00   2.524759e+01   1.063709e+00
  4.574896e+00   2.542752e+01   1.074379e+00
  4.579585e+00   2.494009e+01   1.070872e+00
  4.584273e+00   2.508316e+01   1.080922e+00
  4.588961e+00   2.468693e+01   1.079410e+00
  4.593649e+00   2.462942e+01   1.085332e+00
  4.598338e+00   2.402098e+01   1.079240e+00
  4.603026e+00   2.556603e+01   1.121010e+00
  4.607714e+00   2.539378e+01   1.124939e+00
  4.612402e+00   2.412770e+01   1.104199e+00
  4.617091e+00   2.339995e+01   1.095108e+00
  4.621779e+00   2.456650e+01   1.130273e+00
  4.626467e+00   2.647558e+01   1.181965e+00
  4.631155e+00   2.591211e+01   1.177924e+00
  4.635843e+00   2.665951e+01   1.203694e+00
  4.640532e+00   2.672432e+01   1.214261e+00
  4.645220e+00   2.483681e+01   1.179745e+00
  4.649908e+00   2.695316e+01   1.238630e+00
  4.654596e+00   2.709849e+01   1.251745e+00
  4.659285e+00   2.555896e+01   1.225389e+00
  4.663973e+00   2.537634e+01   1.230906e+00
  4.668661e+00   2.648809e+01   1.268234e+00
  4.673349e+00   2.671789e+01   1.284411e+00
  4.678037e+00   2.620801e+01   1.282901e+00
  4.682726e+00   2.503325e+01   1.264625e+00
  4.687414e+00   2.340926e+01   1.233755e+00
  4.692102e+00   2.489690e+01   1.283948e+00
  4.696790e+00   2.574487e+01   1.317460e+00
  4.701479e+00   2.617948e+01   1.340773e+00
  4.706167e+00   2.430659e+01   1.304033e+00
  4.710855e+00   2.379439e+01   1.302911e+00
  4.715543e+00   2.523336e+01   1.354823e+00
  4.720232e+00   2.600652e+01   1.389025e+00
  4.724920e+00   2.410140e+01   1.350649e+00
  4.729608e+00   2.419845e+01   1.367584e+00
  4.734296e+00   2.546237e+01   1.417755e+00
  4.738984e+00   2.719807e+01   1.480928e+00
  4.743673e+00   2.687106e+01   1.488049e+00
  4.748361e+00   2.504845e+01   1.452989e+00
  4.753049e+00   2.530592e+01   1.477379e+00
  4.757737e+00   2.371266e+01   1.446742e+00
  4.762426e+00   2.390643e+01   1.469904e+00
  4.767114e+00   2.519939e+01   1.527872e+00
  4.771802e+00   2.733529e+01   1.611670e+00
  4.776490e+00   2.696171e+01   1.621051e+00
  4.781179e+00   2.600562e+01   1.612860e+00
  4.785867e+00   2.329590e+01   1.547453e+00
  4.790555e+00   2.570675e+01   1.648368e+00
  4.795243e+00   2.771203e+01   1.735657e+00
  4.799931e+00   2.536619e+01   1.684713e+00
  4.804620e+00   2.524597e+01   1.706615e+00
  4.809308e+00   2.541625e+01   1.739067e+00
  4.813996e+00   2.671325e+01   1.811198e+00
  4.818684e+00   2.303957e+01   1.709590e+00
  4.823373e+00   2.489628e+01   1.808498e+00
  4.828061e+00   2.596716e+01   1.879774e+00
  4.832749e+00   2.521350e+01   1.885918e+00
  4.837437e+00   2.417918e+01   1.882009e+00
  4.842125e+00   2.328061e+01   1.883867e+00
  4.846814e+00   2.269917e+01   1.897945e+00
  4.851502e+00   2.426936e+01   2.003930e+00
  4.856190e+00   2.881843e+01   2.233389e+00
  4.860878e+00   2.780810e+01   2.245127e+00
  4.865567e+00   2.474768e+01   2.169091e+00
  4.870255e+00   2.405636e+01   2.193835e+00
  4.874943e+00   2.442787e+01   2.272480e+00
  4.879631e+00   2.340638e+01   2.287200e+00
  4.884320e+00   2.519508e+01   2.443851e+00
  4.889008e+00   2.862308e+01   2.690507e+00
  4.893696e+00   2.576715e+01   2.640419e+00
  4.898384e+00   2.690687e+01   2.796259e+00
  4.903072e+00   2.771971e+01   2.951286e+00
  4.907761e+00   2.659870e+01   3.055096e+00
  4.912449e+00   2.337598e+01   3.957321e+00
  4.917137e+00   1.844183e+01   9.662894e+00
