# GI Buffer
# Sample c= 0.0 mg/ml
#
# Sample environment:
# Detector = Pilatus
# PixelSize_1 = 0.000172
# PixelSize_2 = 0.000172
#
# title = GI Buffer
# Frame 25 of 120
# Time per frame (s) = 1.0
# SampleDistance = 2.869
# WaveLength = 9.919e-11
# Normalization = 0.001062898
# DiodeCurr = 8.749874e-05
# MachCurr = 68.9062
# Mask = /data/bm29/archive/CALIBRATION/MASK/BM29/Pcon_19thNovember2015_7keV_v3.edf
#
# N 3
# L q*nm  I_GI Buffer  stddev
#
# Sample Information:
# Storage Temperature (degrees C): 20.0
# Measurement Temperature (degrees C): 20.08
# Concentration: 0.0
# Code: GIBuffer
  3.200246e-02   1.442384e+02   1.802061e+01
  3.669069e-02   4.892265e+02   1.506786e+01
  4.137892e-02   6.872996e+02   1.330409e+01
  4.606715e-02   5.931307e+02   1.023340e+01
  5.075538e-02   3.839273e+02   7.478760e+00
  5.544361e-02   2.826035e+02   5.927913e+00
  6.013183e-02   2.063050e+02   4.842391e+00
  6.482006e-02   1.621673e+02   4.119117e+00
  6.950829e-02   1.320430e+02   3.566426e+00
  7.419652e-02   1.064521e+02   3.073885e+00
  7.888475e-02   9.293835e+01   2.776528e+00
  8.357298e-02   8.230448e+01   2.535040e+00
  8.826121e-02   7.130944e+01   2.292816e+00
  9.294944e-02   6.609480e+01   2.142703e+00
  9.763767e-02   5.726731e+01   1.939483e+00
  1.023259e-01   5.311070e+01   1.823326e+00
  1.070141e-01   4.781688e+01   1.690542e+00
  1.117024e-01   4.639178e+01   1.627421e+00
  1.163906e-01   4.428575e+01   1.551553e+00
  1.210788e-01   4.194667e+01   1.480339e+00
  1.257670e-01   3.841896e+01   1.389508e+00
  1.304553e-01   3.878693e+01   1.371556e+00
  1.351435e-01   3.681437e+01   1.309305e+00
  1.398317e-01   3.657039e+01   1.282427e+00
  1.445200e-01   3.684750e+01   1.266002e+00
  1.492082e-01   3.480442e+01   1.210770e+00
  1.538964e-01   3.427902e+01   1.180443e+00
  1.585846e-01   3.422556e+01   1.160809e+00
  1.632729e-01   3.391861e+01   1.138809e+00
  1.679611e-01   3.231598e+01   1.095934e+00
  1.726493e-01   3.086395e+01   1.055159e+00
  1.773376e-01   2.992378e+01   1.023436e+00
  1.820258e-01   3.081980e+01   1.025307e+00
  1.867140e-01   3.149342e+01   1.023408e+00
  1.914022e-01   3.002209e+01   9.866006e-01
  1.960905e-01   2.884261e+01   9.535673e-01
  2.007787e-01   2.896535e+01   9.454014e-01
  2.054669e-01   2.856673e+01   9.281610e-01
  2.101552e-01   2.804739e+01   9.093826e-01
  2.148434e-01   2.698046e+01   8.804966e-01
  2.195316e-01   2.824222e+01   8.910121e-01
  2.242199e-01   2.808432e+01   8.793048e-01
  2.289081e-01   2.817133e+01   8.716366e-01
  2.335963e-01   2.885775e+01   8.722986e-01
  2.382845e-01   2.643809e+01   8.261378e-01
  2.429728e-01   2.724508e+01   8.306432e-01
  2.476610e-01   2.762618e+01   8.285522e-01
  2.523492e-01   2.731308e+01   8.157295e-01
  2.570375e-01   2.639918e+01   7.937453e-01
  2.617257e-01   2.637298e+01   7.863467e-01
  2.664139e-01   2.660044e+01   7.828448e-01
  2.711021e-01   2.663526e+01   7.765849e-01
  2.757904e-01   2.624991e+01   7.635506e-01
  2.804786e-01   2.769378e+01   7.780684e-01
  2.851668e-01   2.769518e+01   7.717811e-01
  2.898551e-01   2.702791e+01   7.558414e-01
  2.945433e-01   2.724281e+01   7.527266e-01
  2.992315e-01   2.657286e+01   7.540947e-01
  3.039197e-01   2.659958e+01   7.604343e-01
  3.086080e-01   2.749166e+01   7.753205e-01
  3.132962e-01   2.748807e+01   7.756745e-01
  3.179844e-01   2.655582e+01   7.622581e-01
  3.226727e-01   2.747714e+01   7.753465e-01
  3.273609e-01   2.576070e+01   7.499018e-01
  3.320491e-01   2.545140e+01   7.440473e-01
  3.367374e-01   2.695048e+01   7.636303e-01
  3.414256e-01   2.717678e+01   7.652715e-01
  3.461138e-01   2.580556e+01   7.441913e-01
  3.508020e-01   2.555680e+01   7.388152e-01
  3.554903e-01   2.699580e+01   7.564964e-01
  3.601785e-01   2.759216e+01   7.633464e-01
  3.648667e-01   2.756329e+01   7.684439e-01
  3.695550e-01   2.708980e+01   7.790693e-01
  3.742432e-01   2.649088e+01   7.791166e-01
  3.789314e-01   2.699668e+01   7.939469e-01
  3.836196e-01   2.641480e+01   7.903726e-01
  3.883079e-01   2.779619e+01   8.151803e-01
  3.929961e-01   2.833653e+01   8.305837e-01
  3.976843e-01   2.727094e+01   8.258898e-01
  4.023726e-01   2.579756e+01   8.112367e-01
  4.070608e-01   2.704598e+01   8.340187e-01
  4.117490e-01   2.753323e+01   8.431522e-01
  4.164372e-01   2.669860e+01   8.316689e-01
  4.211255e-01   2.664514e+01   8.324973e-01
  4.258137e-01   2.649941e+01   8.309183e-01
  4.305019e-01   2.678706e+01   8.346365e-01
  4.351902e-01   2.682136e+01   8.334489e-01
  4.398784e-01   2.637403e+01   8.254692e-01
  4.445666e-01   2.662198e+01   8.388411e-01
  4.492548e-01   2.671818e+01   8.690504e-01
  4.539431e-01   2.619678e+01   8.770910e-01
  4.586313e-01   2.694859e+01   9.030022e-01
  4.633195e-01   2.589843e+01   8.970721e-01
  4.680078e-01   2.526800e+01   8.965500e-01
  4.726960e-01   2.651134e+01   9.281595e-01
  4.773842e-01   2.496856e+01   9.097068e-01
  4.820725e-01   2.539435e+01   9.262466e-01
  4.867607e-01   2.536128e+01   9.344835e-01
  4.914489e-01   2.752142e+01   9.819658e-01
  4.961371e-01   2.706650e+01   9.818412e-01
  5.008254e-01   2.722114e+01   9.927344e-01
  5.055136e-01   2.669666e+01   9.913589e-01
  5.102018e-01   2.544634e+01   9.456691e-01
  5.148901e-01   2.571326e+01   9.174019e-01
  5.195783e-01   2.560756e+01   9.001272e-01
  5.242665e-01   2.634686e+01   9.023236e-01
  5.289547e-01   2.595505e+01   8.870758e-01
  5.336430e-01   2.735717e+01   9.028248e-01
  5.383312e-01   2.691365e+01   8.889644e-01
  5.430194e-01   2.693006e+01   8.838808e-01
  5.477077e-01   2.704228e+01   8.808035e-01
  5.523959e-01   2.576501e+01   8.549632e-01
  5.570841e-01   2.590594e+01   8.526161e-01
  5.617723e-01   2.697790e+01   8.663910e-01
  5.664606e-01   2.614558e+01   8.491774e-01
  5.711488e-01   2.619304e+01   8.465931e-01
  5.758370e-01   2.602966e+01   8.392379e-01
  5.805253e-01   2.587034e+01   8.315044e-01
  5.852135e-01   2.590590e+01   8.267468e-01
  5.899017e-01   2.614267e+01   8.247656e-01
  5.945900e-01   2.664199e+01   8.259230e-01
  5.992782e-01   2.735015e+01   8.314429e-01
  6.039664e-01   2.713514e+01   8.233050e-01
  6.086546e-01   2.650960e+01   8.089110e-01
  6.133429e-01   2.615830e+01   7.983474e-01
  6.180311e-01   2.670563e+01   8.018953e-01
  6.227193e-01   2.627268e+01   7.909880e-01
  6.274076e-01   2.607239e+01   7.846780e-01
  6.320958e-01   2.650710e+01   7.889895e-01
  6.367840e-01   2.611783e+01   7.809254e-01
  6.414722e-01   2.451449e+01   7.550545e-01
  6.461605e-01   2.597979e+01   7.754917e-01
  6.508487e-01   2.699645e+01   7.888271e-01
  6.555369e-01   2.628491e+01   7.760351e-01
  6.602252e-01   2.626371e+01   7.740793e-01
  6.649134e-01   2.654442e+01   7.765840e-01
  6.696016e-01   2.604241e+01   7.676088e-01
  6.742898e-01   2.641984e+01   7.709870e-01
  6.789781e-01   2.646390e+01   7.699518e-01
  6.836663e-01   2.677148e+01   7.727806e-01
  6.883545e-01   2.567202e+01   7.553420e-01
  6.930428e-01   2.471112e+01   7.390541e-01
  6.977310e-01   2.511496e+01   7.433765e-01
  7.024192e-01   2.549712e+01   7.475051e-01
  7.071074e-01   2.638572e+01   7.589638e-01
  7.117957e-01   2.563200e+01   7.463453e-01
  7.164839e-01   2.576541e+01   7.463470e-01
  7.211721e-01   2.653834e+01   7.560261e-01
  7.258604e-01   2.674651e+01   7.574373e-01
  7.305486e-01   2.631828e+01   7.500765e-01
  7.352368e-01   2.561056e+01   7.376433e-01
  7.399251e-01   2.598255e+01   7.417790e-01
  7.446133e-01   2.520605e+01   7.293032e-01
  7.493015e-01   2.536929e+01   7.308131e-01
  7.539897e-01   2.597239e+01   7.373042e-01
  7.586780e-01   2.537234e+01   7.268577e-01
  7.633662e-01   2.607464e+01   7.354000e-01
  7.680544e-01   2.640884e+01   7.388087e-01
  7.727427e-01   2.629383e+01   7.355255e-01
  7.774309e-01   2.586986e+01   7.278759e-01
  7.821191e-01   2.613918e+01   7.303789e-01
  7.868073e-01   2.687153e+01   7.392153e-01
  7.914956e-01   2.675218e+01   7.359937e-01
  7.961838e-01   2.641374e+01   7.296622e-01
  8.008720e-01   2.632418e+01   7.270873e-01
  8.055603e-01   2.650625e+01   7.282298e-01
  8.102485e-01   2.552068e+01   7.133695e-01
  8.149367e-01   2.546129e+01   7.107186e-01
  8.196249e-01   2.705364e+01   7.312143e-01
  8.243132e-01   2.572333e+01   7.118736e-01
  8.290014e-01   2.533541e+01   7.051754e-01
  8.336896e-01   2.518740e+01   7.014870e-01
  8.383779e-01   2.550810e+01   7.045926e-01
  8.430661e-01   2.617120e+01   7.124793e-01
  8.477543e-01   2.540457e+01   7.006807e-01
  8.524425e-01   2.620165e+01   7.101980e-01
  8.571308e-01   2.546069e+01   6.989549e-01
  8.618190e-01   2.690265e+01   7.170104e-01
  8.665072e-01   2.732081e+01   7.211347e-01
  8.711955e-01   2.603518e+01   7.027047e-01
  8.758837e-01   2.634466e+01   7.052664e-01
  8.805719e-01   2.613186e+01   7.011810e-01
  8.852602e-01   2.615606e+01   7.003841e-01
  8.899484e-01   2.703651e+01   7.109128e-01
  8.946366e-01   2.586111e+01   6.935189e-01
  8.993248e-01   2.686433e+01   7.058185e-01
  9.040131e-01   2.521095e+01   6.825046e-01
  9.087013e-01   2.502830e+01   6.789666e-01
  9.133895e-01   2.645595e+01   6.965176e-01
  9.180778e-01   2.578089e+01   6.864220e-01
  9.227660e-01   2.639794e+01   6.932886e-01
  9.274542e-01   2.631710e+01   6.911998e-01
  9.321424e-01   2.611789e+01   6.872827e-01
  9.368307e-01   2.633706e+01   6.886883e-01
  9.415189e-01   2.627020e+01   6.867482e-01
  9.462071e-01   2.659562e+01   6.899480e-01
  9.508954e-01   2.574867e+01   6.776021e-01
  9.555836e-01   2.522156e+01   6.692512e-01
  9.602718e-01   2.539718e+01   6.705018e-01
  9.649600e-01   2.651612e+01   6.840142e-01
  9.696483e-01   2.659617e+01   6.840166e-01
  9.743365e-01   2.657877e+01   6.822013e-01
  9.790247e-01   2.549639e+01   6.672050e-01
  9.837130e-01   2.631201e+01   6.766492e-01
  9.884012e-01   2.539145e+01   6.636944e-01
  9.930894e-01   2.543275e+01   6.629236e-01
  9.977777e-01   2.464611e+01   6.514351e-01
  1.002466e+00   2.414181e+01   6.437671e-01
  1.007154e+00   2.458223e+01   6.485539e-01
  1.011842e+00   2.615595e+01   6.678910e-01
  1.016531e+00   2.681696e+01   6.749228e-01
  1.021219e+00   2.616869e+01   6.656619e-01
  1.025907e+00   2.619251e+01   6.650402e-01
  1.030595e+00   2.597410e+01   6.612124e-01
  1.035283e+00   2.536454e+01   6.519514e-01
  1.039972e+00   2.634430e+01   6.635230e-01
  1.044660e+00   2.544417e+01   6.511676e-01
  1.049348e+00   2.638767e+01   6.619840e-01
  1.054036e+00   2.644454e+01   6.614365e-01
  1.058725e+00   2.566561e+01   6.506490e-01
  1.063413e+00   2.630541e+01   6.576667e-01
  1.068101e+00   2.618279e+01   6.551999e-01
  1.072789e+00   2.545087e+01   6.447653e-01
  1.077478e+00   2.586044e+01   6.488711e-01
  1.082166e+00   2.586516e+01   6.479213e-01
  1.086854e+00   2.664591e+01   6.566852e-01
  1.091542e+00   2.640469e+01   6.527195e-01
  1.096230e+00   2.656046e+01   6.533081e-01
  1.100919e+00   2.577418e+01   6.426689e-01
  1.105607e+00   2.608474e+01   6.456663e-01
  1.110295e+00   2.618561e+01   6.459006e-01
  1.114983e+00   2.643399e+01   6.478842e-01
  1.119672e+00   2.608785e+01   6.427143e-01
  1.124360e+00   2.619820e+01   6.429933e-01
  1.129048e+00   2.654138e+01   6.462187e-01
  1.133736e+00   2.577597e+01   6.356583e-01
  1.138425e+00   2.522618e+01   6.278985e-01
  1.143113e+00   2.552125e+01   6.306249e-01
  1.147801e+00   2.546208e+01   6.291032e-01
  1.152489e+00   2.550158e+01   6.284474e-01
  1.157177e+00   2.617160e+01   6.355658e-01
  1.161866e+00   2.629042e+01   6.362310e-01
  1.166554e+00   2.527597e+01   6.229265e-01
  1.171242e+00   2.565234e+01   6.264971e-01
  1.175930e+00   2.510422e+01   6.187896e-01
  1.180619e+00   2.502766e+01   6.169596e-01
  1.185307e+00   2.518657e+01   6.180182e-01
  1.189995e+00   2.583624e+01   6.251452e-01
  1.194683e+00   2.536117e+01   6.181664e-01
  1.199372e+00   2.570477e+01   6.214857e-01
  1.204060e+00   2.620152e+01   6.267786e-01
  1.208748e+00   2.591259e+01   6.228035e-01
  1.213436e+00   2.508351e+01   6.113474e-01
  1.218124e+00   2.546948e+01   6.149946e-01
  1.222813e+00   2.496208e+01   6.079775e-01
  1.227501e+00   2.557538e+01   6.146725e-01
  1.232189e+00   2.675748e+01   6.276622e-01
  1.236877e+00   2.650322e+01   6.236230e-01
  1.241566e+00   2.504032e+01   6.054446e-01
  1.246254e+00   2.476558e+01   6.013402e-01
  1.250942e+00   2.640419e+01   6.345263e-01
  1.255630e+00   2.693017e+01   6.581591e-01
  1.260318e+00   2.586289e+01   6.557575e-01
  1.265007e+00   2.555534e+01   6.604778e-01
  1.269695e+00   2.561054e+01   6.687490e-01
  1.274383e+00   2.568212e+01   6.764755e-01
  1.279071e+00   2.487620e+01   6.721984e-01
  1.283760e+00   2.563879e+01   6.884421e-01
  1.288448e+00   2.566619e+01   6.945587e-01
  1.293136e+00   2.713997e+01   7.198668e-01
  1.297824e+00   2.623881e+01   7.131259e-01
  1.302513e+00   2.584816e+01   7.120106e-01
  1.307201e+00   2.591785e+01   7.150224e-01
  1.311889e+00   2.538509e+01   7.082810e-01
  1.316577e+00   2.736946e+01   7.071790e-01
  1.321265e+00   2.666821e+01   6.807474e-01
  1.325954e+00   2.653927e+01   6.681588e-01
  1.330642e+00   2.708277e+01   6.663786e-01
  1.335330e+00   2.592102e+01   6.448098e-01
  1.340018e+00   2.642170e+01   6.449582e-01
  1.344707e+00   2.656479e+01   6.412857e-01
  1.349395e+00   2.613090e+01   6.313094e-01
  1.354083e+00   2.501171e+01   6.129589e-01
  1.358771e+00   2.603789e+01   6.212562e-01
  1.363460e+00   2.583319e+01   6.154275e-01
  1.368148e+00   2.542847e+01   6.088660e-01
  1.372836e+00   2.602418e+01   6.142866e-01
  1.377524e+00   2.545350e+01   6.061282e-01
  1.382212e+00   2.524535e+01   6.024531e-01
  1.386901e+00   2.546516e+01   6.038059e-01
  1.391589e+00   2.644947e+01   6.140012e-01
  1.396277e+00   2.573018e+01   6.043196e-01
  1.400965e+00   2.623561e+01   6.091020e-01
  1.405654e+00   2.545170e+01   5.988412e-01
  1.410342e+00   2.580996e+01   6.019246e-01
  1.415030e+00   2.598477e+01   6.026334e-01
  1.419718e+00   2.570244e+01   5.983443e-01
  1.424406e+00   2.604101e+01   6.013429e-01
  1.429095e+00   2.611390e+01   6.011257e-01
  1.433783e+00   2.513165e+01   5.884637e-01
  1.438471e+00   2.553659e+01   5.922685e-01
  1.443159e+00   2.521712e+01   5.876518e-01
  1.447848e+00   2.529736e+01   5.876223e-01
  1.452536e+00   2.592701e+01   5.937710e-01
  1.457224e+00   2.612950e+01   5.951304e-01
  1.461912e+00   2.581203e+01   5.906376e-01
  1.466601e+00   2.528802e+01   5.837228e-01
  1.471289e+00   2.473298e+01   5.762996e-01
  1.475977e+00   2.560973e+01   5.857452e-01
  1.480665e+00   2.563074e+01   5.848551e-01
  1.485353e+00   2.643974e+01   6.024735e-01
  1.490042e+00   2.628364e+01   6.191272e-01
  1.494730e+00   2.575116e+01   6.236389e-01
  1.499418e+00   2.544085e+01   6.278426e-01
  1.504106e+00   2.578946e+01   6.394388e-01
  1.508795e+00   2.557451e+01   6.435272e-01
  1.513483e+00   2.620378e+01   6.348892e-01
  1.518171e+00   2.607971e+01   6.192335e-01
  1.522859e+00   2.545233e+01   6.033394e-01
  1.527548e+00   2.519004e+01   5.938063e-01
  1.532236e+00   2.566774e+01   5.936690e-01
  1.536924e+00   2.619927e+01   5.950153e-01
  1.541612e+00   2.644775e+01   5.946744e-01
  1.546300e+00   2.560723e+01   5.837356e-01
  1.550989e+00   2.536073e+01   5.788498e-01
  1.555677e+00   2.554418e+01   5.779756e-01
  1.560365e+00   2.546050e+01   5.743313e-01
  1.565053e+00   2.555058e+01   5.726965e-01
  1.569742e+00   2.543392e+01   5.690747e-01
  1.574430e+00   2.523865e+01   5.656938e-01
  1.579118e+00   2.586513e+01   5.730996e-01
  1.583806e+00   2.540798e+01   5.686615e-01
  1.588495e+00   2.603082e+01   5.762646e-01
  1.593183e+00   2.590744e+01   5.751691e-01
  1.597871e+00   2.557785e+01   5.711461e-01
  1.602559e+00   2.525249e+01   5.666708e-01
  1.607247e+00   2.493516e+01   5.622076e-01
  1.611936e+00   2.522759e+01   5.644131e-01
  1.616624e+00   2.538421e+01   5.653662e-01
  1.621312e+00   2.530055e+01   5.636187e-01
  1.626000e+00   2.644305e+01   5.753316e-01
  1.630689e+00   2.658261e+01   5.759218e-01
  1.635377e+00   2.590326e+01   5.676734e-01
  1.640065e+00   2.607023e+01   5.686697e-01
  1.644753e+00   2.588099e+01   5.658292e-01
  1.649441e+00   2.535364e+01   5.592406e-01
  1.654130e+00   2.581736e+01   5.634300e-01
  1.658818e+00   2.604977e+01   5.651649e-01
  1.663506e+00   2.641138e+01   5.683295e-01
  1.668194e+00   2.571271e+01   5.600581e-01
  1.672883e+00   2.607712e+01   5.630375e-01
  1.677571e+00   2.593322e+01   5.607491e-01
  1.682259e+00   2.613267e+01   5.622268e-01
  1.686947e+00   2.506197e+01   5.498902e-01
  1.691636e+00   2.544473e+01   5.531684e-01
  1.696324e+00   2.462165e+01   5.434195e-01
  1.701012e+00   2.528091e+01   5.499777e-01
  1.705700e+00   2.577746e+01   5.546969e-01
  1.710388e+00   2.590612e+01   5.552552e-01
  1.715077e+00   2.490999e+01   5.437129e-01
  1.719765e+00   2.483299e+01   5.421999e-01
  1.724453e+00   2.547614e+01   5.485517e-01
  1.729141e+00   2.538968e+01   5.468958e-01
  1.733830e+00   2.490835e+01   5.408548e-01
  1.738518e+00   2.563549e+01   5.480719e-01
  1.743206e+00   2.628222e+01   5.542760e-01
  1.747894e+00   2.541254e+01   5.444518e-01
  1.752583e+00   2.595465e+01   5.496347e-01
  1.757271e+00   2.701058e+01   5.598416e-01
  1.761959e+00   2.593945e+01   5.478973e-01
  1.766647e+00   2.576213e+01   5.453403e-01
  1.771335e+00   2.557605e+01   5.426278e-01
  1.776024e+00   2.616257e+01   5.481227e-01
  1.780712e+00   2.523000e+01   5.376247e-01
  1.785400e+00   2.555321e+01   5.404626e-01
  1.790088e+00   2.581861e+01   5.425947e-01
  1.794777e+00   2.566698e+01   5.402418e-01
  1.799465e+00   2.583345e+01   5.413246e-01
  1.804153e+00   2.550464e+01   5.373635e-01
  1.808841e+00   2.581739e+01   5.400000e-01
  1.813530e+00   2.546978e+01   5.355309e-01
  1.818218e+00   2.533414e+01   5.335288e-01
  1.822906e+00   2.548617e+01   5.346018e-01
  1.827594e+00   2.533719e+01   5.324368e-01
  1.832282e+00   2.536374e+01   5.318404e-01
  1.836971e+00   2.581369e+01   5.360370e-01
  1.841659e+00   2.494284e+01   5.263832e-01
  1.846347e+00   2.513735e+01   5.278133e-01
  1.851035e+00   2.507253e+01   5.263637e-01
  1.855724e+00   2.569972e+01   5.323644e-01
  1.860412e+00   2.566199e+01   5.314254e-01
  1.865100e+00   2.614507e+01   5.357847e-01
  1.869788e+00   2.533703e+01   5.267303e-01
  1.874476e+00   2.462603e+01   5.187060e-01
  1.879165e+00   2.435252e+01   5.153042e-01
  1.883853e+00   2.546095e+01   5.262921e-01
  1.888541e+00   2.535832e+01   5.246059e-01
  1.893229e+00   2.587431e+01   5.295463e-01
  1.897918e+00   2.556547e+01   5.257611e-01
  1.902606e+00   2.528406e+01   5.220841e-01
  1.907294e+00   2.557338e+01   5.245421e-01
  1.911982e+00   2.539627e+01   5.219732e-01
  1.916671e+00   2.582234e+01   5.258095e-01
  1.921359e+00   2.555104e+01   5.225044e-01
  1.926047e+00   2.581981e+01   5.247151e-01
  1.930735e+00   2.523705e+01   5.180383e-01
  1.935423e+00   2.526382e+01   5.177836e-01
  1.940112e+00   2.520581e+01   5.165581e-01
  1.944800e+00   2.554917e+01   5.189008e-01
  1.949488e+00   2.509839e+01   5.129835e-01
  1.954176e+00   2.565708e+01   5.175153e-01
  1.958865e+00   2.528824e+01   5.126463e-01
  1.963553e+00   2.604427e+01   5.193398e-01
  1.968241e+00   2.601674e+01   5.185412e-01
  1.972929e+00   2.601524e+01   5.178762e-01
  1.977618e+00   2.579147e+01   5.152300e-01
  1.982306e+00   2.560787e+01   5.131080e-01
  1.986994e+00   2.564365e+01   5.133902e-01
  1.991682e+00   2.481920e+01   5.051093e-01
  1.996370e+00   2.482026e+01   5.052572e-01
  2.001059e+00   2.536347e+01   5.109127e-01
  2.005747e+00   2.570376e+01   5.141647e-01
  2.010435e+00   2.537079e+01   5.099978e-01
  2.015123e+00   2.537642e+01   5.095130e-01
  2.019812e+00   2.506289e+01   5.058593e-01
  2.024500e+00   2.550168e+01   5.098207e-01
  2.029188e+00   2.539120e+01   5.080902e-01
  2.033876e+00   2.480923e+01   5.016751e-01
  2.038565e+00   2.544158e+01   5.074946e-01
  2.043253e+00   2.507656e+01   5.034637e-01
  2.047941e+00   2.558517e+01   5.079585e-01
  2.052629e+00   2.560227e+01   5.093591e-01
  2.057317e+00   2.523348e+01   5.204543e-01
  2.062006e+00   2.565677e+01   5.343311e-01
  2.066694e+00   2.609810e+01   5.460718e-01
  2.071382e+00   2.579073e+01   5.486746e-01
  2.076070e+00   2.480029e+01   5.432836e-01
  2.080759e+00   2.500585e+01   5.503836e-01
  2.085447e+00   2.594367e+01   5.649194e-01
  2.090135e+00   2.584162e+01   5.659321e-01
  2.094823e+00   2.533055e+01   5.619102e-01
  2.099511e+00   2.531957e+01   5.633717e-01
  2.104200e+00   2.488996e+01   5.600210e-01
  2.108888e+00   2.504366e+01   5.629975e-01
  2.113576e+00   2.486904e+01   5.622692e-01
  2.118264e+00   2.593144e+01   5.685564e-01
  2.122953e+00   2.571616e+01   5.482634e-01
  2.127641e+00   2.523546e+01   5.341249e-01
  2.132329e+00   2.558889e+01   5.313193e-01
  2.137017e+00   2.561480e+01   5.265717e-01
  2.141706e+00   2.475411e+01   5.133631e-01
  2.146394e+00   2.553588e+01   5.175923e-01
  2.151082e+00   2.550630e+01   5.144449e-01
  2.155770e+00   2.525219e+01   5.107605e-01
  2.160458e+00   2.531056e+01   5.101654e-01
  2.165147e+00   2.621805e+01   5.181465e-01
  2.169835e+00   2.502546e+01   5.050433e-01
  2.174523e+00   2.531804e+01   5.071010e-01
  2.179211e+00   2.534388e+01   5.064576e-01
  2.183900e+00   2.494378e+01   5.015592e-01
  2.188588e+00   2.407281e+01   4.918230e-01
  2.193276e+00   2.471429e+01   4.975008e-01
  2.197964e+00   2.440601e+01   4.936658e-01
  2.202653e+00   2.521697e+01   5.010065e-01
  2.207341e+00   2.488883e+01   4.969536e-01
  2.212029e+00   2.553232e+01   5.025583e-01
  2.216717e+00   2.493418e+01   4.959862e-01
  2.221405e+00   2.491419e+01   4.950562e-01
  2.226094e+00   2.465592e+01   4.918077e-01
  2.230782e+00   2.548748e+01   4.993175e-01
  2.235470e+00   2.614180e+01   5.050154e-01
  2.240158e+00   2.526997e+01   4.958783e-01
  2.244847e+00   2.543739e+01   4.969324e-01
  2.249535e+00   2.501768e+01   4.920780e-01
  2.254223e+00   2.441492e+01   4.854848e-01
  2.258911e+00   2.474290e+01   4.881919e-01
  2.263600e+00   2.513129e+01   4.914369e-01
  2.268288e+00   2.558328e+01   4.951500e-01
  2.272976e+00   2.603567e+01   4.988569e-01
  2.277664e+00   2.564614e+01   4.945885e-01
  2.282352e+00   2.521151e+01   4.898428e-01
  2.287041e+00   2.523068e+01   4.894232e-01
  2.291729e+00   2.459383e+01   4.825326e-01
  2.296417e+00   2.476837e+01   4.837894e-01
  2.301105e+00   2.450562e+01   4.806820e-01
  2.305794e+00   2.502109e+01   4.851593e-01
  2.310482e+00   2.517655e+01   4.859929e-01
  2.315170e+00   2.594807e+01   4.929278e-01
  2.319858e+00   2.510920e+01   4.843902e-01
  2.324546e+00   2.528595e+01   4.855470e-01
  2.329235e+00   2.513931e+01   4.834896e-01
  2.333923e+00   2.515787e+01   4.832174e-01
  2.338611e+00   2.516089e+01   4.827543e-01
  2.343299e+00   2.479669e+01   4.787554e-01
  2.347988e+00   2.517404e+01   4.817413e-01
  2.352676e+00   2.515571e+01   4.811237e-01
  2.357364e+00   2.506768e+01   4.798002e-01
  2.362052e+00   2.519606e+01   4.805211e-01
  2.366741e+00   2.526898e+01   4.806702e-01
  2.371429e+00   2.542208e+01   4.816050e-01
  2.376117e+00   2.493487e+01   4.765343e-01
  2.380805e+00   2.547041e+01   4.811159e-01
  2.385493e+00   2.507943e+01   4.769006e-01
  2.390182e+00   2.510760e+01   4.766757e-01
  2.394870e+00   2.466404e+01   4.719362e-01
  2.399558e+00   2.496013e+01   4.743646e-01
  2.404246e+00   2.517124e+01   4.758595e-01
  2.408935e+00   2.492522e+01   4.730081e-01
  2.413623e+00   2.508162e+01   4.740156e-01
  2.418311e+00   2.562964e+01   4.787199e-01
  2.422999e+00   2.569872e+01   4.789708e-01
  2.427688e+00   2.482779e+01   4.701678e-01
  2.432376e+00   2.489920e+01   4.704413e-01
  2.437064e+00   2.545403e+01   4.751604e-01
  2.441752e+00   2.482272e+01   4.689097e-01
  2.446440e+00   2.409106e+01   4.613423e-01
  2.451129e+00   2.484450e+01   4.680840e-01
  2.455817e+00   2.510450e+01   4.701735e-01
  2.460505e+00   2.495950e+01   4.684240e-01
  2.465193e+00   2.521264e+01   4.701839e-01
  2.469882e+00   2.558234e+01   4.731296e-01
  2.474570e+00   2.517002e+01   4.688881e-01
  2.479258e+00   2.513775e+01   4.682079e-01
  2.483946e+00   2.571350e+01   4.730710e-01
  2.488634e+00   2.451857e+01   4.614217e-01
  2.493323e+00   2.414263e+01   4.574952e-01
  2.498011e+00   2.471688e+01   4.625208e-01
  2.502699e+00   2.503129e+01   4.649994e-01
  2.507387e+00   2.505110e+01   4.646808e-01
  2.512076e+00   2.547247e+01   4.681542e-01
  2.516764e+00   2.555312e+01   4.685230e-01
  2.521452e+00   2.561370e+01   4.686419e-01
  2.526140e+00   2.497355e+01   4.622580e-01
  2.530829e+00   2.552640e+01   4.669122e-01
  2.535517e+00   2.511233e+01   4.624878e-01
  2.540205e+00   2.467833e+01   4.575828e-01
  2.544893e+00   2.410363e+01   4.512417e-01
  2.549581e+00   2.429037e+01   4.521849e-01
  2.554270e+00   2.479543e+01   4.564281e-01
  2.558958e+00   2.500729e+01   4.579776e-01
  2.563646e+00   2.463295e+01   4.541372e-01
  2.568334e+00   2.469070e+01   4.542034e-01
  2.573023e+00   2.420333e+01   4.493303e-01
  2.577711e+00   2.515224e+01   4.576696e-01
  2.582399e+00   2.541204e+01   4.596487e-01
  2.587087e+00   2.497282e+01   4.553514e-01
  2.591776e+00   2.524193e+01   4.578623e-01
  2.596464e+00   2.507955e+01   4.565584e-01
  2.601152e+00   2.523436e+01   4.580282e-01
  2.605840e+00   2.510564e+01   4.564429e-01
  2.610528e+00   2.496502e+01   4.547608e-01
  2.615217e+00   2.498812e+01   4.546103e-01
  2.619905e+00   2.526127e+01   4.567698e-01
  2.624593e+00   2.453531e+01   4.496434e-01
  2.629281e+00   2.456393e+01   4.495400e-01
  2.633970e+00   2.508470e+01   4.538905e-01
  2.638658e+00   2.466732e+01   4.497883e-01
  2.643346e+00   2.498480e+01   4.522196e-01
  2.648034e+00   2.503075e+01   4.522871e-01
  2.652723e+00   2.532148e+01   4.545286e-01
  2.657411e+00   2.505009e+01   4.516816e-01
  2.662099e+00   2.563680e+01   4.565331e-01
  2.666787e+00   2.419648e+01   4.430656e-01
  2.671475e+00   2.462727e+01   4.466319e-01
  2.676164e+00   2.471864e+01   4.471790e-01
  2.680852e+00   2.516986e+01   4.509272e-01
  2.685540e+00   2.494440e+01   4.483844e-01
  2.690228e+00   2.427759e+01   4.419369e-01
  2.694917e+00   2.413869e+01   4.404592e-01
  2.699605e+00   2.455399e+01   4.438667e-01
  2.704293e+00   2.461792e+01   4.439015e-01
  2.708981e+00   2.484286e+01   4.455619e-01
  2.713669e+00   2.519644e+01   4.484189e-01
  2.718358e+00   2.541787e+01   4.500062e-01
  2.723046e+00   2.482126e+01   4.442674e-01
  2.727734e+00   2.452387e+01   4.412063e-01
  2.732422e+00   2.516473e+01   4.466335e-01
  2.737111e+00   2.528002e+01   4.472976e-01
  2.741799e+00   2.462152e+01   4.410290e-01
  2.746487e+00   2.444305e+01   4.390230e-01
  2.751175e+00   2.472929e+01   4.412780e-01
  2.755864e+00   2.455547e+01   4.393884e-01
  2.760552e+00   2.432625e+01   4.369502e-01
  2.765240e+00   2.501777e+01   4.427011e-01
  2.769928e+00   2.473319e+01   4.398428e-01
  2.774616e+00   2.516529e+01   4.433793e-01
  2.779305e+00   2.451025e+01   4.371769e-01
  2.783993e+00   2.453432e+01   4.369874e-01
  2.788681e+00   2.490885e+01   4.399950e-01
  2.793369e+00   2.496834e+01   4.402967e-01
  2.798058e+00   2.450639e+01   4.357478e-01
  2.802746e+00   2.504722e+01   4.403275e-01
  2.807434e+00   2.499119e+01   4.395863e-01
  2.812122e+00   2.443353e+01   4.340657e-01
  2.816811e+00   2.456036e+01   4.348993e-01
  2.821499e+00   2.465349e+01   4.352972e-01
  2.826187e+00   2.547479e+01   4.420901e-01
  2.830875e+00   2.450260e+01   4.332481e-01
  2.835563e+00   2.513009e+01   4.384600e-01
  2.840252e+00   2.471626e+01   4.343913e-01
  2.844940e+00   2.464962e+01   4.334991e-01
  2.849628e+00   2.492053e+01   4.355376e-01
  2.854316e+00   2.552764e+01   4.404939e-01
  2.859005e+00   2.530651e+01   4.459618e-01
  2.863693e+00   2.498205e+01   4.528122e-01
  2.868381e+00   2.470783e+01   4.562647e-01
  2.873069e+00   2.532025e+01   4.668924e-01
  2.877758e+00   2.486950e+01   4.667529e-01
  2.882446e+00   2.525880e+01   4.733246e-01
  2.887134e+00   2.483310e+01   4.708766e-01
  2.891822e+00   2.384586e+01   4.627685e-01
  2.896510e+00   2.472562e+01   4.725341e-01
  2.901199e+00   2.523517e+01   4.784962e-01
  2.905887e+00   2.479470e+01   4.754888e-01
  2.910575e+00   2.430528e+01   4.718109e-01
  2.915263e+00   2.503694e+01   4.798411e-01
  2.919952e+00   2.511664e+01   4.811458e-01
  2.924640e+00   2.494959e+01   4.665816e-01
  2.929328e+00   2.566258e+01   4.648374e-01
  2.934016e+00   2.486493e+01   4.523216e-01
  2.938704e+00   2.485472e+01   4.481452e-01
  2.943393e+00   2.475247e+01   4.439979e-01
  2.948081e+00   2.441173e+01   4.392135e-01
  2.952769e+00   2.490048e+01   4.424837e-01
  2.957457e+00   2.537971e+01   4.458190e-01
  2.962146e+00   2.525570e+01   4.437788e-01
  2.966834e+00   2.472184e+01   4.383835e-01
  2.971522e+00   2.502371e+01   4.401873e-01
  2.976210e+00   2.511507e+01   4.403040e-01
  2.980899e+00   2.525206e+01   4.407652e-01
  2.985587e+00   2.436400e+01   4.322893e-01
  2.990275e+00   2.527481e+01   4.396594e-01
  2.994963e+00   2.501133e+01   4.368344e-01
  2.999651e+00   2.470008e+01   4.334839e-01
  3.004340e+00   2.487228e+01   4.344062e-01
  3.009028e+00   2.469938e+01   4.323503e-01
  3.013716e+00   2.460191e+01   4.310217e-01
  3.018404e+00   2.509203e+01   4.347660e-01
  3.023093e+00   2.446778e+01   4.287797e-01
  3.027781e+00   2.476885e+01   4.309062e-01
  3.032469e+00   2.508974e+01   4.332503e-01
  3.037157e+00   2.482248e+01   4.304992e-01
  3.041846e+00   2.477339e+01   4.295287e-01
  3.046534e+00   2.511609e+01   4.320145e-01
  3.051222e+00   2.440155e+01   4.255142e-01
  3.055910e+00   2.458790e+01   4.267323e-01
  3.060598e+00   2.508174e+01   4.303673e-01
  3.065287e+00   2.452160e+01   4.251415e-01
  3.069975e+00   2.448340e+01   4.244073e-01
  3.074663e+00   2.498884e+01   4.284095e-01
  3.079351e+00   2.510538e+01   4.289215e-01
  3.084040e+00   2.499509e+01   4.275200e-01
  3.088728e+00   2.427800e+01   4.209900e-01
  3.093416e+00   2.471586e+01   4.245424e-01
  3.098104e+00   2.514050e+01   4.277088e-01
  3.102793e+00   2.441964e+01   4.210896e-01
  3.107481e+00   2.518868e+01   4.273002e-01
  3.112169e+00   2.435821e+01   4.197883e-01
  3.116857e+00   2.454965e+01   4.210120e-01
  3.121545e+00   2.455155e+01   4.206005e-01
  3.126234e+00   2.471084e+01   4.216131e-01
  3.130922e+00   2.511473e+01   4.247413e-01
  3.135610e+00   2.480098e+01   4.216944e-01
  3.140298e+00   2.476970e+01   4.212285e-01
  3.144987e+00   2.518689e+01   4.244137e-01
  3.149675e+00   2.480810e+01   4.206392e-01
  3.154363e+00   2.497930e+01   4.217651e-01
  3.159051e+00   2.462510e+01   4.183107e-01
  3.163739e+00   2.504202e+01   4.214805e-01
  3.168428e+00   2.454403e+01   4.169981e-01
  3.173116e+00   2.437460e+01   4.152782e-01
  3.177804e+00   2.412023e+01   4.126541e-01
  3.182492e+00   2.437915e+01   4.145067e-01
  3.187181e+00   2.481530e+01   4.178824e-01
  3.191869e+00   2.453976e+01   4.152261e-01
  3.196557e+00   2.476368e+01   4.167272e-01
  3.201245e+00   2.434570e+01   4.128509e-01
  3.205934e+00   2.476300e+01   4.160566e-01
  3.210622e+00   2.507705e+01   4.184173e-01
  3.215310e+00   2.454793e+01   4.135686e-01
  3.219998e+00   2.485636e+01   4.156733e-01
  3.224686e+00   2.497489e+01   4.159860e-01
  3.229375e+00   2.477483e+01   4.135412e-01
  3.234063e+00   2.495461e+01   4.145258e-01
  3.238751e+00   2.540577e+01   4.178967e-01
  3.243439e+00   2.496484e+01   4.139276e-01
  3.248128e+00   2.477590e+01   4.120846e-01
  3.252816e+00   2.449798e+01   4.094534e-01
  3.257504e+00   2.518746e+01   4.147824e-01
  3.262192e+00   2.467221e+01   4.102436e-01
  3.266881e+00   2.491678e+01   4.119655e-01
  3.271569e+00   2.468905e+01   4.097850e-01
  3.276257e+00   2.482339e+01   4.105980e-01
  3.280945e+00   2.456977e+01   4.085603e-01
  3.285633e+00   2.452716e+01   4.083475e-01
  3.290322e+00   2.472953e+01   4.099889e-01
  3.295010e+00   2.507519e+01   4.124986e-01
  3.299698e+00   2.568394e+01   4.171613e-01
  3.304386e+00   2.458230e+01   4.077989e-01
  3.309075e+00   2.450641e+01   4.069199e-01
  3.313763e+00   2.503976e+01   4.109845e-01
  3.318451e+00   2.509044e+01   4.110573e-01
  3.323139e+00   2.466940e+01   4.073323e-01
  3.327828e+00   2.436758e+01   4.045134e-01
  3.332516e+00   2.432250e+01   4.038903e-01
  3.337204e+00   2.443642e+01   4.044549e-01
  3.341892e+00   2.398433e+01   4.005006e-01
  3.346580e+00   2.530589e+01   4.110838e-01
  3.351269e+00   2.499914e+01   4.082440e-01
  3.355957e+00   2.542052e+01   4.121520e-01
  3.360645e+00   2.507463e+01   4.193584e-01
  3.365333e+00   2.473515e+01   4.231026e-01
  3.370022e+00   2.431618e+01   4.241041e-01
  3.374710e+00   2.505202e+01   4.325948e-01
  3.379398e+00   2.458010e+01   4.301002e-01
  3.384086e+00   2.457572e+01   4.314553e-01
  3.388774e+00   2.453141e+01   4.315517e-01
  3.393463e+00   2.450665e+01   4.309715e-01
  3.398151e+00   2.478636e+01   4.338460e-01
  3.402839e+00   2.513676e+01   4.378697e-01
  3.407527e+00   2.463312e+01   4.344228e-01
  3.412216e+00   2.497080e+01   4.382220e-01
  3.416904e+00   2.474993e+01   4.370955e-01
  3.421592e+00   2.482986e+01   4.386411e-01
  3.426280e+00   2.474035e+01   4.385723e-01
  3.430969e+00   2.402659e+01   4.329640e-01
  3.435657e+00   2.423499e+01   4.355657e-01
  3.440345e+00   2.489870e+01   4.420553e-01
  3.445033e+00   2.494595e+01   4.431536e-01
  3.449721e+00   2.500382e+01   4.443953e-01
  3.454410e+00   2.479930e+01   4.430742e-01
  3.459098e+00   2.485848e+01   4.441790e-01
  3.463786e+00   2.484542e+01   4.446272e-01
  3.468474e+00   2.503726e+01   4.469182e-01
  3.473163e+00   2.491624e+01   4.463143e-01
  3.477851e+00   2.496779e+01   4.473361e-01
  3.482539e+00   2.525930e+01   4.506422e-01
  3.487227e+00   2.426182e+01   4.419310e-01
  3.491916e+00   2.436470e+01   4.433925e-01
  3.496604e+00   2.509809e+01   4.504730e-01
  3.501292e+00   2.515384e+01   4.514319e-01
  3.505980e+00   2.432585e+01   4.444098e-01
  3.510668e+00   2.395513e+01   4.414482e-01
  3.515357e+00   2.457301e+01   4.474846e-01
  3.520045e+00   2.459906e+01   4.482192e-01
  3.524733e+00   2.471828e+01   4.496826e-01
  3.529421e+00   2.435731e+01   4.467616e-01
  3.534110e+00   2.467420e+01   4.501108e-01
  3.538798e+00   2.485517e+01   4.521093e-01
  3.543486e+00   2.474169e+01   4.514728e-01
  3.548174e+00   2.540285e+01   4.578698e-01
  3.552863e+00   2.420988e+01   4.473343e-01
  3.557551e+00   2.372701e+01   4.431854e-01
  3.562239e+00   2.462346e+01   4.518860e-01
  3.566927e+00   2.479340e+01   4.537905e-01
  3.571615e+00   2.482514e+01   4.544008e-01
  3.576304e+00   2.502109e+01   4.565158e-01
  3.580992e+00   2.502028e+01   4.567962e-01
  3.585680e+00   2.447269e+01   4.515067e-01
  3.590368e+00   2.449080e+01   4.512490e-01
  3.595057e+00   2.497323e+01   4.552658e-01
  3.599745e+00   2.484171e+01   4.536708e-01
  3.604433e+00   2.483134e+01   4.533029e-01
  3.609121e+00   2.506761e+01   4.559284e-01
  3.613809e+00   2.440162e+01   4.498942e-01
  3.618498e+00   2.467504e+01   4.526449e-01
  3.623186e+00   2.464390e+01   4.526811e-01
  3.627874e+00   2.518790e+01   4.579296e-01
  3.632562e+00   2.452002e+01   4.520554e-01
  3.637251e+00   2.449472e+01   4.521293e-01
  3.641939e+00   2.427481e+01   4.503517e-01
  3.646627e+00   2.483069e+01   4.557889e-01
  3.651315e+00   2.495541e+01   4.571550e-01
  3.656004e+00   2.525168e+01   4.603252e-01
  3.660692e+00   2.483790e+01   4.635895e-01
  3.665380e+00   2.447848e+01   4.766866e-01
  3.670068e+00   2.525170e+01   4.925241e-01
  3.674756e+00   2.458054e+01   4.935839e-01
  3.679445e+00   2.492408e+01   5.029657e-01
  3.684133e+00   2.461698e+01   5.032720e-01
  3.688821e+00   2.500536e+01   5.103586e-01
  3.693509e+00   2.454499e+01   5.086320e-01
  3.698198e+00   2.404292e+01   5.061557e-01
  3.702886e+00   2.474869e+01   5.163359e-01
  3.707574e+00   2.449743e+01   5.162796e-01
  3.712262e+00   2.482315e+01   5.223358e-01
  3.716951e+00   2.367391e+01   5.125247e-01
  3.721639e+00   2.437882e+01   5.225767e-01
  3.726327e+00   2.431802e+01   5.242744e-01
  3.731015e+00   2.438899e+01   5.274512e-01
  3.735703e+00   2.468142e+01   5.329074e-01
  3.740392e+00   2.416787e+01   5.296687e-01
  3.745080e+00   2.496681e+01   5.405907e-01
  3.749768e+00   2.431743e+01   5.357854e-01
  3.754456e+00   2.463246e+01   5.414563e-01
  3.759145e+00   2.585763e+01   5.570546e-01
  3.763833e+00   2.552719e+01   5.556922e-01
  3.768521e+00   2.530350e+01   5.554851e-01
  3.773209e+00   2.429700e+01   5.464481e-01
  3.777897e+00   2.396260e+01   5.448235e-01
  3.782586e+00   2.470606e+01   5.553369e-01
  3.787274e+00   2.497015e+01   5.604593e-01
  3.791962e+00   2.445579e+01   5.567801e-01
  3.796650e+00   2.401985e+01   5.538847e-01
  3.801339e+00   2.411895e+01   5.571124e-01
  3.806027e+00   2.436471e+01   5.620374e-01
  3.810715e+00   2.419367e+01   5.621479e-01
  3.815403e+00   2.544361e+01   5.786103e-01
  3.820092e+00   2.502373e+01   5.759325e-01
  3.824780e+00   2.444312e+01   5.712999e-01
  3.829468e+00   2.502482e+01   5.801931e-01
  3.834156e+00   2.486132e+01   5.803547e-01
  3.838844e+00   2.430388e+01   5.759115e-01
  3.843533e+00   2.389964e+01   5.731376e-01
  3.848221e+00   2.457914e+01   5.832967e-01
  3.852909e+00   2.542914e+01   5.954407e-01
  3.857597e+00   2.431955e+01   5.843871e-01
  3.862286e+00   2.426598e+01   5.858228e-01
  3.866974e+00   2.532895e+01   6.006260e-01
  3.871662e+00   2.495376e+01   5.984010e-01
  3.876350e+00   2.525621e+01   6.042375e-01
  3.881039e+00   2.476806e+01   6.002880e-01
  3.885727e+00   2.452493e+01   5.994358e-01
  3.890415e+00   2.440545e+01   6.000202e-01
  3.895103e+00   2.459343e+01   6.045076e-01
  3.899791e+00   2.404340e+01   5.997432e-01
  3.904480e+00   2.392732e+01   6.004288e-01
  3.909168e+00   2.440524e+01   6.084821e-01
  3.913856e+00   2.473518e+01   6.148100e-01
  3.918544e+00   2.494685e+01   6.194896e-01
  3.923233e+00   2.533490e+01   6.265402e-01
  3.927921e+00   2.482158e+01   6.222509e-01
  3.932609e+00   2.474113e+01   6.233448e-01
  3.937297e+00   2.445545e+01   6.208496e-01
  3.941986e+00   2.455842e+01   6.229377e-01
  3.946674e+00   2.426317e+01   6.198130e-01
  3.951362e+00   2.576790e+01   6.383745e-01
  3.956050e+00   2.450738e+01   6.215155e-01
  3.960738e+00   2.404958e+01   6.155223e-01
  3.965427e+00   2.467998e+01   6.242825e-01
  3.970115e+00   2.527279e+01   6.336888e-01
  3.974803e+00   2.481469e+01   6.299308e-01
  3.979491e+00   2.371478e+01   6.175358e-01
  3.984180e+00   2.455240e+01   6.304637e-01
  3.988868e+00   2.466462e+01   6.340066e-01
  3.993556e+00   2.453839e+01   6.344997e-01
  3.998244e+00   2.357911e+01   6.240970e-01
  4.002932e+00   2.363484e+01   6.269669e-01
  4.007621e+00   2.441396e+01   6.393243e-01
  4.012309e+00   2.453331e+01   6.430493e-01
  4.016997e+00   2.425415e+01   6.415521e-01
  4.021685e+00   2.462064e+01   6.486063e-01
  4.026374e+00   2.435658e+01   6.473027e-01
  4.031062e+00   2.317422e+01   6.335294e-01
  4.035750e+00   2.419604e+01   6.495386e-01
  4.040438e+00   2.431847e+01   6.534315e-01
  4.045127e+00   2.424564e+01   6.546876e-01
  4.049815e+00   2.460432e+01   6.617659e-01
  4.054503e+00   2.515422e+01   6.714013e-01
  4.059191e+00   2.523097e+01   6.747739e-01
  4.063879e+00   2.485245e+01   6.720158e-01
  4.068568e+00   2.488199e+01   6.747270e-01
  4.073256e+00   2.440005e+01   6.704578e-01
  4.077944e+00   2.407001e+01   6.682510e-01
  4.082632e+00   2.521168e+01   6.862924e-01
  4.087321e+00   2.452856e+01   6.793099e-01
  4.092009e+00   2.454334e+01   6.818906e-01
  4.096697e+00   2.489853e+01   6.892231e-01
  4.101385e+00   2.489308e+01   6.915433e-01
  4.106074e+00   2.404686e+01   6.821320e-01
  4.110762e+00   2.459804e+01   6.923757e-01
  4.115450e+00   2.484210e+01   6.982657e-01
  4.120138e+00   2.473005e+01   6.991265e-01
  4.124826e+00   2.439325e+01   6.968535e-01
  4.129515e+00   2.511020e+01   7.096046e-01
  4.134203e+00   2.388766e+01   6.945702e-01
  4.138891e+00   2.366470e+01   6.938363e-01
  4.143579e+00   2.451666e+01   7.087760e-01
  4.148268e+00   2.459658e+01   7.125609e-01
  4.152956e+00   2.471492e+01   7.168671e-01
  4.157644e+00   2.471843e+01   7.194651e-01
  4.162332e+00   2.601819e+01   7.409628e-01
  4.167021e+00   2.588704e+01   7.418211e-01
  4.171709e+00   2.433905e+01   7.218944e-01
  4.176397e+00   2.477404e+01   7.310788e-01
  4.181085e+00   2.475722e+01   7.335582e-01
  4.185773e+00   2.438405e+01   7.308084e-01
  4.190462e+00   2.452115e+01   7.356881e-01
  4.195150e+00   2.416788e+01   7.340059e-01
  4.199838e+00   2.434393e+01   7.387586e-01
  4.204526e+00   2.533362e+01   7.562331e-01
  4.209215e+00   2.511514e+01   7.558739e-01
  4.213903e+00   2.406351e+01   7.427278e-01
  4.218591e+00   2.360327e+01   7.384307e-01
  4.223279e+00   2.408470e+01   7.488658e-01
  4.227967e+00   2.452296e+01   7.585608e-01
  4.232656e+00   2.479501e+01   7.657683e-01
  4.237344e+00   2.512284e+01   7.738994e-01
  4.242032e+00   2.492582e+01   7.738891e-01
  4.246720e+00   2.534828e+01   7.834702e-01
  4.251409e+00   2.494560e+01   7.804807e-01
  4.256097e+00   2.451604e+01   7.767642e-01
  4.260785e+00   2.381001e+01   7.685869e-01
  4.265473e+00   2.434116e+01   7.810490e-01
  4.270162e+00   2.580746e+01   8.082740e-01
  4.274850e+00   2.507612e+01   8.024485e-01
  4.279538e+00   2.436210e+01   7.944951e-01
  4.284226e+00   2.508030e+01   8.060079e-01
  4.288914e+00   2.483935e+01   8.046525e-01
  4.293603e+00   2.404492e+01   7.950567e-01
  4.298291e+00   2.438855e+01   8.042404e-01
  4.302979e+00   2.596243e+01   8.331546e-01
  4.307667e+00   2.618613e+01   8.403751e-01
  4.312356e+00   2.448721e+01   8.162624e-01
  4.317044e+00   2.418260e+01   8.145524e-01
  4.321732e+00   2.507139e+01   8.330593e-01
  4.326420e+00   2.477678e+01   8.318673e-01
  4.331109e+00   2.434395e+01   8.280993e-01
  4.335797e+00   2.393753e+01   8.248523e-01
  4.340485e+00   2.465364e+01   8.416671e-01
  4.345173e+00   2.478617e+01   8.471503e-01
  4.349861e+00   2.516378e+01   8.572092e-01
  4.354550e+00   2.559312e+01   8.685032e-01
  4.359238e+00   2.494197e+01   8.612913e-01
  4.363926e+00   2.479869e+01   8.627754e-01
  4.368614e+00   2.441865e+01   8.601235e-01
  4.373303e+00   2.445545e+01   8.648957e-01
  4.377991e+00   2.485844e+01   8.760689e-01
  4.382679e+00   2.574611e+01   8.958004e-01
  4.387367e+00   2.456837e+01   8.793827e-01
  4.392056e+00   2.465566e+01   8.851462e-01
  4.396744e+00   2.450808e+01   8.867549e-01
  4.401432e+00   2.395180e+01   8.818738e-01
  4.406120e+00   2.438931e+01   8.924031e-01
  4.410808e+00   2.543508e+01   9.119684e-01
  4.415497e+00   2.571562e+01   9.175953e-01
  4.420185e+00   2.360661e+01   8.797069e-01
  4.424873e+00   2.401387e+01   8.879376e-01
  4.429561e+00   2.457076e+01   8.987882e-01
  4.434250e+00   2.565185e+01   9.189851e-01
  4.438938e+00   2.464622e+01   9.014720e-01
  4.443626e+00   2.376893e+01   8.857815e-01
  4.448314e+00   2.344976e+01   8.819190e-01
  4.453002e+00   2.333324e+01   8.839567e-01
  4.457691e+00   2.402684e+01   9.015617e-01
  4.462379e+00   2.536423e+01   9.309903e-01
  4.467067e+00   2.422803e+01   9.145369e-01
  4.471755e+00   2.370546e+01   9.092671e-01
  4.476444e+00   2.414952e+01   9.225630e-01
  4.481132e+00   2.417193e+01   9.278300e-01
  4.485820e+00   2.614650e+01   9.701594e-01
  4.490508e+00   2.493013e+01   9.523591e-01
  4.495197e+00   2.311907e+01   9.220401e-01
  4.499885e+00   2.362247e+01   9.370691e-01
  4.504573e+00   2.523266e+01   9.737692e-01
  4.509261e+00   2.543672e+01   9.831306e-01
  4.513949e+00   2.441966e+01   9.687069e-01
  4.518638e+00   2.451772e+01   9.761339e-01
  4.523326e+00   2.536755e+01   9.985892e-01
  4.528014e+00   2.478058e+01   9.926270e-01
  4.532702e+00   2.512131e+01   1.005212e+00
  4.537391e+00   2.556251e+01   1.019925e+00
  4.542079e+00   2.495904e+01   1.013851e+00
  4.546767e+00   2.521033e+01   1.025066e+00
  4.551455e+00   2.329123e+01   9.912130e-01
  4.556144e+00   2.552503e+01   1.043984e+00
  4.560832e+00   2.440473e+01   1.027099e+00
  4.565520e+00   2.441537e+01   1.033712e+00
  4.570208e+00   2.365283e+01   1.023966e+00
  4.574896e+00   2.462530e+01   1.051543e+00
  4.579585e+00   2.498414e+01   1.065986e+00
  4.584273e+00   2.519751e+01   1.077490e+00
  4.588961e+00   2.595461e+01   1.100755e+00
  4.593649e+00   2.485828e+01   1.084431e+00
  4.598338e+00   2.573871e+01   1.111084e+00
  4.603026e+00   2.426883e+01   1.086259e+00
  4.607714e+00   2.319084e+01   1.069189e+00
  4.612402e+00   2.537787e+01   1.126284e+00
  4.617091e+00   2.531507e+01   1.132843e+00
  4.621779e+00   2.539735e+01   1.142976e+00
  4.626467e+00   2.528743e+01   1.148855e+00
  4.631155e+00   2.517345e+01   1.154697e+00
  4.635843e+00   2.412427e+01   1.138801e+00
  4.640532e+00   2.607391e+01   1.192868e+00
  4.645220e+00   2.558232e+01   1.190806e+00
  4.649908e+00   2.618109e+01   1.214120e+00
  4.654596e+00   2.484199e+01   1.191976e+00
  4.659285e+00   2.435697e+01   1.189721e+00
  4.663973e+00   2.384091e+01   1.186595e+00
  4.668661e+00   2.518432e+01   1.229901e+00
  4.673349e+00   2.423310e+01   1.216573e+00
  4.678037e+00   2.474651e+01   1.239835e+00
  4.682726e+00   2.394633e+01   1.230137e+00
  4.687414e+00   2.632389e+01   1.301190e+00
  4.692102e+00   2.481912e+01   1.274968e+00
  4.696790e+00   2.450959e+01   1.278471e+00
  4.701479e+00   2.567259e+01   1.320507e+00
  4.706167e+00   2.583756e+01   1.337159e+00
  4.710855e+00   2.453846e+01   1.315928e+00
  4.715543e+00   2.262935e+01   1.276034e+00
  4.720232e+00   2.509890e+01   1.357147e+00
  4.724920e+00   2.570945e+01   1.387390e+00
  4.729608e+00   2.621913e+01   1.415794e+00
  4.734296e+00   2.597304e+01   1.424111e+00
  4.738984e+00   2.579554e+01   1.434394e+00
  4.743673e+00   2.557835e+01   1.443916e+00
  4.748361e+00   2.506370e+01   1.445524e+00
  4.753049e+00   2.470144e+01   1.451687e+00
  4.757737e+00   2.302100e+01   1.417731e+00
  4.762426e+00   2.539434e+01   1.506714e+00
  4.767114e+00   2.475361e+01   1.506060e+00
  4.771802e+00   2.417078e+01   1.507268e+00
  4.776490e+00   2.241582e+01   1.470047e+00
  4.781179e+00   2.323297e+01   1.516164e+00
  4.785867e+00   2.378463e+01   1.555094e+00
  4.790555e+00   2.620689e+01   1.655272e+00
  4.795243e+00   2.679931e+01   1.697549e+00
  4.799931e+00   2.758036e+01   1.747146e+00
  4.804620e+00   2.461539e+01   1.675999e+00
  4.809308e+00   2.416633e+01   1.686541e+00
  4.813996e+00   2.804790e+01   1.845795e+00
  4.818684e+00   2.539173e+01   1.784974e+00
  4.823373e+00   2.411116e+01   1.770072e+00
  4.828061e+00   2.458539e+01   1.819126e+00
  4.832749e+00   2.334890e+01   1.804970e+00
  4.837437e+00   2.541946e+01   1.919177e+00
  4.842125e+00   2.312151e+01   1.867204e+00
  4.846814e+00   2.421213e+01   1.949512e+00
  4.851502e+00   2.538959e+01   2.038507e+00
  4.856190e+00   2.373491e+01   2.015830e+00
  4.860878e+00   2.433399e+01   2.088780e+00
  4.865567e+00   2.527701e+01   2.180240e+00
  4.870255e+00   2.359676e+01   2.160956e+00
  4.874943e+00   2.382369e+01   2.231993e+00
  4.879631e+00   2.437632e+01   2.321409e+00
  4.884320e+00   2.625394e+01   2.481105e+00
  4.889008e+00   2.648750e+01   2.574111e+00
  4.893696e+00   2.282723e+01   2.471709e+00
  4.898384e+00   2.354068e+01   2.601273e+00
  4.903072e+00   2.573834e+01   2.828381e+00
  4.907761e+00   2.645303e+01   3.030143e+00
  4.912449e+00   2.361868e+01   3.956169e+00
  4.917137e+00   1.335364e+01   8.177814e+00
