# [1] GI
# Sample c= 1.06 mg/ml
#
# Sample environment:
# Detector = Pilatus
# PixelSize_1 = 0.000172
# PixelSize_2 = 0.000172
#
# title = [1] GI
# Frame 106 of 120
# Time per frame (s) = 1.0
# SampleDistance = 2.869
# WaveLength = 9.919e-11
# Normalization = 0.001062898
# DiodeCurr = 8.638183e-05
# MachCurr = 68.65299
# Mask = /data/bm29/archive/CALIBRATION/MASK/BM29/Pcon_19thNovember2015_7keV_v3.edf
#
# N 3
# L q*nm  I_[1] GI  stddev
#
# Sample Information:
# Storage Temperature (degrees C): 20.0
# Measurement Temperature (degrees C): 20.08
# Concentration: 1.06
# Code: GI
  3.200246e-02   1.728297e+02   1.985308e+01
  3.669069e-02   5.547753e+02   1.614897e+01
  4.137892e-02   8.674719e+02   1.504283e+01
  4.606715e-02   7.990215e+02   1.195401e+01
  5.075538e-02   5.941030e+02   9.363229e+00
  5.544361e-02   4.957138e+02   7.901657e+00
  6.013183e-02   4.097747e+02   6.868583e+00
  6.482006e-02   3.578646e+02   6.158453e+00
  6.950829e-02   3.105309e+02   5.504497e+00
  7.419652e-02   2.866961e+02   5.077045e+00
  7.888475e-02   2.662834e+02   4.730057e+00
  8.357298e-02   2.563436e+02   4.502710e+00
  8.826121e-02   2.452930e+02   4.279844e+00
  9.294944e-02   2.319754e+02   4.040070e+00
  9.763767e-02   2.233172e+02   3.854635e+00
  1.023259e-01   2.200662e+02   3.735423e+00
  1.070141e-01   2.125952e+02   3.587581e+00
  1.117024e-01   2.057510e+02   3.449373e+00
  1.163906e-01   2.010786e+02   3.327418e+00
  1.210788e-01   1.979306e+02   3.236372e+00
  1.257670e-01   1.943651e+02   3.145481e+00
  1.304553e-01   1.954200e+02   3.098454e+00
  1.351435e-01   1.949830e+02   3.032634e+00
  1.398317e-01   1.872229e+02   2.920363e+00
  1.445200e-01   1.857492e+02   2.860773e+00
  1.492082e-01   1.892815e+02   2.841765e+00
  1.538964e-01   1.852966e+02   2.762195e+00
  1.585846e-01   1.829610e+02   2.701186e+00
  1.632729e-01   1.837175e+02   2.667452e+00
  1.679611e-01   1.822709e+02   2.619534e+00
  1.726493e-01   1.785746e+02   2.554416e+00
  1.773376e-01   1.779929e+02   2.512137e+00
  1.820258e-01   1.757270e+02   2.464041e+00
  1.867140e-01   1.741760e+02   2.422271e+00
  1.914022e-01   1.730247e+02   2.383772e+00
  1.960905e-01   1.732062e+02   2.351827e+00
  2.007787e-01   1.697247e+02   2.303239e+00
  2.054669e-01   1.649549e+02   2.244736e+00
  2.101552e-01   1.676862e+02   2.237890e+00
  2.148434e-01   1.656492e+02   2.195773e+00
  2.195316e-01   1.627927e+02   2.152987e+00
  2.242199e-01   1.589146e+02   2.105130e+00
  2.289081e-01   1.608263e+02   2.096042e+00
  2.335963e-01   1.583487e+02   2.056510e+00
  2.382845e-01   1.599307e+02   2.044998e+00
  2.429728e-01   1.584962e+02   2.016367e+00
  2.476610e-01   1.559944e+02   1.981543e+00
  2.523492e-01   1.546416e+02   1.953501e+00
  2.570375e-01   1.494571e+02   1.900789e+00
  2.617257e-01   1.499693e+02   1.887232e+00
  2.664139e-01   1.498194e+02   1.869843e+00
  2.711021e-01   1.474796e+02   1.839146e+00
  2.757904e-01   1.457801e+02   1.810976e+00
  2.804786e-01   1.459920e+02   1.797963e+00
  2.851668e-01   1.417979e+02   1.757586e+00
  2.898551e-01   1.407969e+02   1.736243e+00
  2.945433e-01   1.404119e+02   1.719899e+00
  2.992315e-01   1.390626e+02   1.736208e+00
  3.039197e-01   1.398211e+02   1.754689e+00
  3.086080e-01   1.368669e+02   1.741084e+00
  3.132962e-01   1.343553e+02   1.725935e+00
  3.179844e-01   1.338370e+02   1.722265e+00
  3.226727e-01   1.334911e+02   1.719990e+00
  3.273609e-01   1.303016e+02   1.697423e+00
  3.320491e-01   1.302917e+02   1.694310e+00
  3.367374e-01   1.290836e+02   1.681997e+00
  3.414256e-01   1.285737e+02   1.675260e+00
  3.461138e-01   1.262871e+02   1.656903e+00
  3.508020e-01   1.251983e+02   1.645779e+00
  3.554903e-01   1.223318e+02   1.620758e+00
  3.601785e-01   1.213487e+02   1.611150e+00
  3.648667e-01   1.239766e+02   1.640235e+00
  3.695550e-01   1.212316e+02   1.658711e+00
  3.742432e-01   1.170103e+02   1.647995e+00
  3.789314e-01   1.159527e+02   1.656023e+00
  3.836196e-01   1.134730e+02   1.648710e+00
  3.883079e-01   1.153195e+02   1.671099e+00
  3.929961e-01   1.128008e+02   1.667845e+00
  3.976843e-01   1.112141e+02   1.678579e+00
  4.023726e-01   1.098093e+02   1.684486e+00
  4.070608e-01   1.074012e+02   1.672702e+00
  4.117490e-01   1.103690e+02   1.698989e+00
  4.164372e-01   1.068404e+02   1.674417e+00
  4.211255e-01   1.040702e+02   1.655871e+00
  4.258137e-01   1.034128e+02   1.652027e+00
  4.305019e-01   1.013169e+02   1.633675e+00
  4.351902e-01   9.903986e+01   1.611882e+00
  4.398784e-01   9.912074e+01   1.610588e+00
  4.445666e-01   9.814426e+01   1.620995e+00
  4.492548e-01   9.705202e+01   1.666992e+00
  4.539431e-01   9.431727e+01   1.674966e+00
  4.586313e-01   9.372794e+01   1.694904e+00
  4.633195e-01   9.481437e+01   1.727497e+00
  4.680078e-01   9.043147e+01   1.707020e+00
  4.726960e-01   8.967916e+01   1.718076e+00
  4.773842e-01   9.040639e+01   1.742183e+00
  4.820725e-01   8.840075e+01   1.739305e+00
  4.867607e-01   8.923569e+01   1.764189e+00
  4.914489e-01   8.563956e+01   1.743363e+00
  4.961371e-01   8.514361e+01   1.752633e+00
  5.008254e-01   8.447990e+01   1.760136e+00
  5.055136e-01   8.523819e+01   1.782827e+00
  5.102018e-01   8.404398e+01   1.729695e+00
  5.148901e-01   8.265735e+01   1.655432e+00
  5.195783e-01   8.137376e+01   1.614923e+00
  5.242665e-01   7.954766e+01   1.577979e+00
  5.289547e-01   7.793533e+01   1.547058e+00
  5.336430e-01   7.696561e+01   1.524074e+00
  5.383312e-01   7.463360e+01   1.489893e+00
  5.430194e-01   7.230022e+01   1.457587e+00
  5.477077e-01   7.285639e+01   1.455060e+00
  5.523959e-01   7.366321e+01   1.454947e+00
  5.570841e-01   7.325639e+01   1.443000e+00
  5.617723e-01   7.123653e+01   1.416938e+00
  5.664606e-01   6.914428e+01   1.389847e+00
  5.711488e-01   6.893539e+01   1.382269e+00
  5.758370e-01   6.859233e+01   1.371129e+00
  5.805253e-01   6.819446e+01   1.358713e+00
  5.852135e-01   6.684903e+01   1.336628e+00
  5.899017e-01   6.506267e+01   1.309517e+00
  5.945900e-01   6.427161e+01   1.291087e+00
  5.992782e-01   6.441082e+01   1.284168e+00
  6.039664e-01   6.174575e+01   1.249936e+00
  6.086546e-01   6.086549e+01   1.233600e+00
  6.133429e-01   6.198588e+01   1.236868e+00
  6.180311e-01   6.168374e+01   1.226567e+00
  6.227193e-01   5.986433e+01   1.201687e+00
  6.274076e-01   5.839104e+01   1.181854e+00
  6.320958e-01   5.790870e+01   1.173685e+00
  6.367840e-01   5.595770e+01   1.150431e+00
  6.414722e-01   5.537290e+01   1.142103e+00
  6.461605e-01   5.654581e+01   1.151461e+00
  6.508487e-01   5.456407e+01   1.128682e+00
  6.555369e-01   5.536656e+01   1.133552e+00
  6.602252e-01   5.526064e+01   1.130069e+00
  6.649134e-01   5.302816e+01   1.104701e+00
  6.696016e-01   5.080685e+01   1.079071e+00
  6.742898e-01   5.081192e+01   1.076105e+00
  6.789781e-01   4.996091e+01   1.064735e+00
  6.836663e-01   4.960314e+01   1.058679e+00
  6.883545e-01   5.110715e+01   1.072616e+00
  6.930428e-01   4.991335e+01   1.057129e+00
  6.977310e-01   5.079313e+01   1.063983e+00
  7.024192e-01   4.956979e+01   1.048979e+00
  7.071074e-01   4.935572e+01   1.044708e+00
  7.117957e-01   4.924524e+01   1.041167e+00
  7.164839e-01   4.738257e+01   1.018641e+00
  7.211721e-01   4.623117e+01   1.004285e+00
  7.258604e-01   4.488845e+01   9.875751e-01
  7.305486e-01   4.540473e+01   9.915554e-01
  7.352368e-01   4.442323e+01   9.777585e-01
  7.399251e-01   4.437098e+01   9.756023e-01
  7.446133e-01   4.381106e+01   9.676924e-01
  7.493015e-01   4.413566e+01   9.701451e-01
  7.539897e-01   4.314535e+01   9.564173e-01
  7.586780e-01   4.292217e+01   9.514800e-01
  7.633662e-01   4.223362e+01   9.419617e-01
  7.680544e-01   4.321122e+01   9.511417e-01
  7.727427e-01   4.239268e+01   9.399524e-01
  7.774309e-01   4.112893e+01   9.236847e-01
  7.821191e-01   3.988103e+01   9.079776e-01
  7.868073e-01   4.025468e+01   9.105895e-01
  7.914956e-01   4.074959e+01   9.142095e-01
  7.961838e-01   4.030380e+01   9.071301e-01
  8.008720e-01   3.951132e+01   8.965192e-01
  8.055603e-01   3.833395e+01   8.814056e-01
  8.102485e-01   3.796201e+01   8.756543e-01
  8.149367e-01   3.912597e+01   8.867061e-01
  8.196249e-01   3.896762e+01   8.832293e-01
  8.243132e-01   3.787475e+01   8.693686e-01
  8.290014e-01   3.660100e+01   8.530399e-01
  8.336896e-01   3.684486e+01   8.538980e-01
  8.383779e-01   3.601685e+01   8.426390e-01
  8.430661e-01   3.652753e+01   8.471501e-01
  8.477543e-01   3.574652e+01   8.365094e-01
  8.524425e-01   3.502010e+01   8.263490e-01
  8.571308e-01   3.491273e+01   8.237506e-01
  8.618190e-01   3.485992e+01   8.214496e-01
  8.665072e-01   3.550859e+01   8.274201e-01
  8.711955e-01   3.658379e+01   8.383524e-01
  8.758837e-01   3.585303e+01   8.280554e-01
  8.805719e-01   3.543287e+01   8.217465e-01
  8.852602e-01   3.406661e+01   8.044595e-01
  8.899484e-01   3.422831e+01   8.050510e-01
  8.946366e-01   3.459694e+01   8.073154e-01
  8.993248e-01   3.347434e+01   7.929589e-01
  9.040131e-01   3.214610e+01   7.756481e-01
  9.087013e-01   3.277086e+01   7.819273e-01
  9.133895e-01   3.342711e+01   7.879697e-01
  9.180778e-01   3.294810e+01   7.809930e-01
  9.227660e-01   3.234988e+01   7.724227e-01
  9.274542e-01   3.241349e+01   7.720354e-01
  9.321424e-01   3.335010e+01   7.816361e-01
  9.368307e-01   3.285953e+01   7.742111e-01
  9.415189e-01   3.131948e+01   7.546800e-01
  9.462071e-01   3.262714e+01   7.691136e-01
  9.508954e-01   3.211878e+01   7.616695e-01
  9.555836e-01   3.122674e+01   7.494733e-01
  9.602718e-01   3.156581e+01   7.523248e-01
  9.649600e-01   3.153891e+01   7.507982e-01
  9.696483e-01   3.145791e+01   7.487067e-01
  9.743365e-01   3.059712e+01   7.366736e-01
  9.790247e-01   3.163488e+01   7.479846e-01
  9.837130e-01   3.054469e+01   7.337434e-01
  9.884012e-01   2.993063e+01   7.252238e-01
  9.930894e-01   2.998837e+01   7.244909e-01
  9.977777e-01   3.047687e+01   7.290744e-01
  1.002466e+00   2.993023e+01   7.214206e-01
  1.007154e+00   3.079068e+01   7.305245e-01
  1.011842e+00   3.059584e+01   7.270114e-01
  1.016531e+00   2.917397e+01   7.084948e-01
  1.021219e+00   2.896196e+01   7.048008e-01
  1.025907e+00   2.910729e+01   7.055859e-01
  1.030595e+00   3.032715e+01   7.190783e-01
  1.035283e+00   2.942104e+01   7.066761e-01
  1.039972e+00   2.959630e+01   7.078170e-01
  1.044660e+00   2.879211e+01   6.971481e-01
  1.049348e+00   2.847598e+01   6.921114e-01
  1.054036e+00   2.936241e+01   7.014644e-01
  1.058725e+00   3.034752e+01   7.120693e-01
  1.063413e+00   3.063052e+01   7.142498e-01
  1.068101e+00   2.897779e+01   6.937264e-01
  1.072789e+00   2.821510e+01   6.832517e-01
  1.077478e+00   3.005063e+01   7.039746e-01
  1.082166e+00   2.953052e+01   6.967707e-01
  1.086854e+00   2.889739e+01   6.882733e-01
  1.091542e+00   2.978476e+01   6.977065e-01
  1.096230e+00   3.040516e+01   7.034990e-01
  1.100919e+00   2.921819e+01   6.886699e-01
  1.105607e+00   2.885615e+01   6.834767e-01
  1.110295e+00   2.886078e+01   6.824614e-01
  1.114983e+00   2.812462e+01   6.725878e-01
  1.119672e+00   2.871206e+01   6.786106e-01
  1.124360e+00   2.913586e+01   6.824556e-01
  1.129048e+00   2.911306e+01   6.811635e-01
  1.133736e+00   2.983341e+01   6.882676e-01
  1.138425e+00   2.887458e+01   6.761005e-01
  1.143113e+00   2.890129e+01   6.754113e-01
  1.147801e+00   2.830885e+01   6.676145e-01
  1.152489e+00   2.782763e+01   6.607134e-01
  1.157177e+00   2.789989e+01   6.604446e-01
  1.161866e+00   2.834750e+01   6.649103e-01
  1.166554e+00   2.914794e+01   6.732502e-01
  1.171242e+00   2.886139e+01   6.688117e-01
  1.175930e+00   2.807653e+01   6.586142e-01
  1.180619e+00   2.770869e+01   6.533476e-01
  1.185307e+00   2.831861e+01   6.595420e-01
  1.189995e+00   2.829368e+01   6.584164e-01
  1.194683e+00   2.905499e+01   6.659181e-01
  1.199372e+00   2.969430e+01   6.722806e-01
  1.204060e+00   2.886781e+01   6.621366e-01
  1.208748e+00   2.857732e+01   6.582578e-01
  1.213436e+00   2.793572e+01   6.493271e-01
  1.218124e+00   2.804967e+01   6.495533e-01
  1.222813e+00   2.824379e+01   6.508760e-01
  1.227501e+00   2.775410e+01   6.444452e-01
  1.232189e+00   2.781553e+01   6.440755e-01
  1.236877e+00   2.952581e+01   6.624656e-01
  1.241566e+00   2.802567e+01   6.446473e-01
  1.246254e+00   2.846816e+01   6.488814e-01
  1.250942e+00   2.776172e+01   6.548262e-01
  1.255630e+00   2.778706e+01   6.728564e-01
  1.260318e+00   2.757578e+01   6.814882e-01
  1.265007e+00   2.842554e+01   7.010702e-01
  1.269695e+00   2.913420e+01   7.178686e-01
  1.274383e+00   2.847076e+01   7.168461e-01
  1.279071e+00   2.894296e+01   7.297374e-01
  1.283760e+00   2.930469e+01   7.407589e-01
  1.288448e+00   2.827944e+01   7.337588e-01
  1.293136e+00   2.698529e+01   7.224382e-01
  1.297824e+00   2.838615e+01   7.465124e-01
  1.302513e+00   2.798551e+01   7.456379e-01
  1.307201e+00   2.780945e+01   7.454286e-01
  1.311889e+00   2.832706e+01   7.530203e-01
  1.316577e+00   2.814499e+01   7.217494e-01
  1.321265e+00   2.784385e+01   7.000730e-01
  1.325954e+00   2.794030e+01   6.899861e-01
  1.330642e+00   2.749602e+01   6.757703e-01
  1.335330e+00   2.764748e+01   6.702287e-01
  1.340018e+00   2.836402e+01   6.725503e-01
  1.344707e+00   2.727547e+01   6.539945e-01
  1.349395e+00   2.774363e+01   6.546910e-01
  1.354083e+00   2.757328e+01   6.477293e-01
  1.358771e+00   2.853920e+01   6.546037e-01
  1.363460e+00   2.819673e+01   6.471083e-01
  1.368148e+00   2.819856e+01   6.453044e-01
  1.372836e+00   2.654503e+01   6.244013e-01
  1.377524e+00   2.703478e+01   6.286976e-01
  1.382212e+00   2.730211e+01   6.305512e-01
  1.386901e+00   2.826397e+01   6.402218e-01
  1.391589e+00   2.870019e+01   6.437137e-01
  1.396277e+00   2.862992e+01   6.415715e-01
  1.400965e+00   2.739704e+01   6.264495e-01
  1.405654e+00   2.753831e+01   6.269194e-01
  1.410342e+00   2.759343e+01   6.263844e-01
  1.415030e+00   2.699890e+01   6.182390e-01
  1.419718e+00   2.692459e+01   6.163512e-01
  1.424406e+00   2.833053e+01   6.312629e-01
  1.429095e+00   2.802368e+01   6.267318e-01
  1.433783e+00   2.760206e+01   6.206827e-01
  1.438471e+00   2.762582e+01   6.199898e-01
  1.443159e+00   2.701630e+01   6.121740e-01
  1.447848e+00   2.728906e+01   6.142492e-01
  1.452536e+00   2.691117e+01   6.088337e-01
  1.457224e+00   2.686163e+01   6.072988e-01
  1.461912e+00   2.682156e+01   6.059570e-01
  1.466601e+00   2.726218e+01   6.099851e-01
  1.471289e+00   2.659863e+01   6.014913e-01
  1.475977e+00   2.799696e+01   6.163841e-01
  1.480665e+00   2.803442e+01   6.156065e-01
  1.485353e+00   2.712273e+01   6.141376e-01
  1.490042e+00   2.716407e+01   6.334672e-01
  1.494730e+00   2.694403e+01   6.420306e-01
  1.499418e+00   2.758004e+01   6.579186e-01
  1.504106e+00   2.680604e+01   6.561209e-01
  1.508795e+00   2.673283e+01   6.621789e-01
  1.513483e+00   2.701386e+01   6.487824e-01
  1.518171e+00   2.685630e+01   6.324349e-01
  1.522859e+00   2.730998e+01   6.289964e-01
  1.527548e+00   2.744225e+01   6.237777e-01
  1.532236e+00   2.746667e+01   6.180779e-01
  1.536924e+00   2.697635e+01   6.076658e-01
  1.541612e+00   2.699473e+01   6.046639e-01
  1.546300e+00   2.762853e+01   6.102439e-01
  1.550989e+00   2.749845e+01   6.066369e-01
  1.555677e+00   2.746737e+01   6.032005e-01
  1.560365e+00   2.701673e+01   5.954361e-01
  1.565053e+00   2.885448e+01   6.125203e-01
  1.569742e+00   2.670134e+01   5.868390e-01
  1.574430e+00   2.651406e+01   5.835475e-01
  1.579118e+00   2.718191e+01   5.912926e-01
  1.583806e+00   2.651288e+01   5.846378e-01
  1.588495e+00   2.695438e+01   5.901772e-01
  1.593183e+00   2.623529e+01   5.825267e-01
  1.597871e+00   2.788660e+01   6.002091e-01
  1.602559e+00   2.711021e+01   5.909283e-01
  1.607247e+00   2.644650e+01   5.827261e-01
  1.611936e+00   2.667915e+01   5.841641e-01
  1.616624e+00   2.707465e+01   5.876505e-01
  1.621312e+00   2.737454e+01   5.900427e-01
  1.626000e+00   2.691136e+01   5.841442e-01
  1.630689e+00   2.644486e+01   5.781294e-01
  1.635377e+00   2.672245e+01   5.802954e-01
  1.640065e+00   2.665449e+01   5.787120e-01
  1.644753e+00   2.678046e+01   5.792868e-01
  1.649441e+00   2.721921e+01   5.831846e-01
  1.654130e+00   2.718760e+01   5.819145e-01
  1.658818e+00   2.665665e+01   5.753946e-01
  1.663506e+00   2.697872e+01   5.781027e-01
  1.668194e+00   2.713301e+01   5.790257e-01
  1.672883e+00   2.590261e+01   5.647665e-01
  1.677571e+00   2.660271e+01   5.716009e-01
  1.682259e+00   2.634882e+01   5.681850e-01
  1.686947e+00   2.643583e+01   5.684006e-01
  1.691636e+00   2.610476e+01   5.639077e-01
  1.696324e+00   2.627598e+01   5.649966e-01
  1.701012e+00   2.673100e+01   5.691753e-01
  1.705700e+00   2.699757e+01   5.713308e-01
  1.710388e+00   2.666523e+01   5.669616e-01
  1.715077e+00   2.686589e+01   5.682941e-01
  1.719765e+00   2.616174e+01   5.601031e-01
  1.724453e+00   2.692141e+01   5.675307e-01
  1.729141e+00   2.720345e+01   5.697412e-01
  1.733830e+00   2.651440e+01   5.616152e-01
  1.738518e+00   2.630611e+01   5.587722e-01
  1.743206e+00   2.676704e+01   5.629695e-01
  1.747894e+00   2.637580e+01   5.582489e-01
  1.752583e+00   2.712821e+01   5.655445e-01
  1.757271e+00   2.625738e+01   5.555378e-01
  1.761959e+00   2.708764e+01   5.635002e-01
  1.766647e+00   2.666564e+01   5.583962e-01
  1.771335e+00   2.625757e+01   5.533530e-01
  1.776024e+00   2.710309e+01   5.614830e-01
  1.780712e+00   2.706251e+01   5.603951e-01
  1.785400e+00   2.635097e+01   5.523710e-01
  1.790088e+00   2.579590e+01   5.458511e-01
  1.794777e+00   2.557356e+01   5.427328e-01
  1.799465e+00   2.571243e+01   5.435352e-01
  1.804153e+00   2.617909e+01   5.479305e-01
  1.808841e+00   2.562765e+01   5.414789e-01
  1.813530e+00   2.542599e+01   5.385183e-01
  1.818218e+00   2.704737e+01   5.548263e-01
  1.822906e+00   2.704243e+01   5.542308e-01
  1.827594e+00   2.653531e+01   5.483913e-01
  1.832282e+00   2.640954e+01   5.461915e-01
  1.836971e+00   2.652707e+01   5.468950e-01
  1.841659e+00   2.628225e+01   5.438136e-01
  1.846347e+00   2.570689e+01   5.371987e-01
  1.851035e+00   2.539777e+01   5.331807e-01
  1.855724e+00   2.580557e+01   5.368974e-01
  1.860412e+00   2.578738e+01   5.361552e-01
  1.865100e+00   2.683746e+01   5.463308e-01
  1.869788e+00   2.661336e+01   5.433129e-01
  1.874476e+00   2.616255e+01   5.380884e-01
  1.879165e+00   2.709055e+01   5.470038e-01
  1.883853e+00   2.631827e+01   5.385275e-01
  1.888541e+00   2.597792e+01   5.343978e-01
  1.893229e+00   2.647748e+01   5.391350e-01
  1.897918e+00   2.643118e+01   5.380337e-01
  1.902606e+00   2.692393e+01   5.422205e-01
  1.907294e+00   2.690463e+01   5.414888e-01
  1.911982e+00   2.609697e+01   5.325348e-01
  1.916671e+00   2.681947e+01   5.393186e-01
  1.921359e+00   2.582666e+01   5.287002e-01
  1.926047e+00   2.651904e+01   5.351995e-01
  1.930735e+00   2.650266e+01   5.342900e-01
  1.935423e+00   2.640450e+01   5.327548e-01
  1.940112e+00   2.704585e+01   5.385287e-01
  1.944800e+00   2.544549e+01   5.211840e-01
  1.949488e+00   2.642227e+01   5.297308e-01
  1.954176e+00   2.591209e+01   5.234324e-01
  1.958865e+00   2.631043e+01   5.262743e-01
  1.963553e+00   2.661881e+01   5.284203e-01
  1.968241e+00   2.561336e+01   5.178212e-01
  1.972929e+00   2.509967e+01   5.119597e-01
  1.977618e+00   2.522695e+01   5.128438e-01
  1.982306e+00   2.608361e+01   5.211895e-01
  1.986994e+00   2.656328e+01   5.258818e-01
  1.991682e+00   2.667522e+01   5.270298e-01
  1.996370e+00   2.611419e+01   5.215997e-01
  2.001059e+00   2.657303e+01   5.263233e-01
  2.005747e+00   2.677643e+01   5.281655e-01
  2.010435e+00   2.629986e+01   5.225981e-01
  2.015123e+00   2.641842e+01   5.232185e-01
  2.019812e+00   2.552998e+01   5.138415e-01
  2.024500e+00   2.615251e+01   5.196121e-01
  2.029188e+00   2.672080e+01   5.245823e-01
  2.033876e+00   2.606735e+01   5.175521e-01
  2.038565e+00   2.600022e+01   5.163423e-01
  2.043253e+00   2.660431e+01   5.219151e-01
  2.047941e+00   2.646020e+01   5.199006e-01
  2.052629e+00   2.592481e+01   5.158606e-01
  2.057317e+00   2.597382e+01   5.314369e-01
  2.062006e+00   2.652798e+01   5.468286e-01
  2.066694e+00   2.547556e+01   5.429963e-01
  2.071382e+00   2.551533e+01   5.492540e-01
  2.076070e+00   2.641637e+01   5.643187e-01
  2.080759e+00   2.548232e+01   5.591828e-01
  2.085447e+00   2.509218e+01   5.591517e-01
  2.090135e+00   2.518443e+01   5.622898e-01
  2.094823e+00   2.541869e+01   5.665143e-01
  2.099511e+00   2.539002e+01   5.677904e-01
  2.104200e+00   2.575427e+01   5.733324e-01
  2.108888e+00   2.623664e+01   5.799645e-01
  2.113576e+00   2.636365e+01   5.826493e-01
  2.118264e+00   2.609729e+01   5.740473e-01
  2.122953e+00   2.683315e+01   5.636528e-01
  2.127641e+00   2.580624e+01   5.436124e-01
  2.132329e+00   2.501188e+01   5.286798e-01
  2.137017e+00   2.506899e+01   5.242882e-01
  2.141706e+00   2.650167e+01   5.345980e-01
  2.146394e+00   2.616748e+01   5.273307e-01
  2.151082e+00   2.574578e+01   5.201851e-01
  2.155770e+00   2.613954e+01   5.230057e-01
  2.160458e+00   2.656969e+01   5.260695e-01
  2.165147e+00   2.628303e+01   5.221313e-01
  2.169835e+00   2.577975e+01   5.159012e-01
  2.174523e+00   2.611746e+01   5.183637e-01
  2.179211e+00   2.556679e+01   5.119581e-01
  2.183900e+00   2.598583e+01   5.152274e-01
  2.188588e+00   2.599821e+01   5.144068e-01
  2.193276e+00   2.612399e+01   5.147889e-01
  2.197964e+00   2.628903e+01   5.156577e-01
  2.202653e+00   2.697053e+01   5.214723e-01
  2.207341e+00   2.645247e+01   5.156279e-01
  2.212029e+00   2.665638e+01   5.168108e-01
  2.216717e+00   2.633819e+01   5.130441e-01
  2.221405e+00   2.632807e+01   5.121890e-01
  2.226094e+00   2.625493e+01   5.107753e-01
  2.230782e+00   2.555382e+01   5.031888e-01
  2.235470e+00   2.544918e+01   5.014913e-01
  2.240158e+00   2.637189e+01   5.098389e-01
  2.244847e+00   2.602646e+01   5.058926e-01
  2.249535e+00   2.622161e+01   5.070254e-01
  2.254223e+00   2.555583e+01   4.998994e-01
  2.258911e+00   2.517092e+01   4.955693e-01
  2.263600e+00   2.550216e+01   4.982400e-01
  2.268288e+00   2.491371e+01   4.917762e-01
  2.272976e+00   2.545688e+01   4.964596e-01
  2.277664e+00   2.588282e+01   5.000672e-01
  2.282352e+00   2.570823e+01   4.978322e-01
  2.287041e+00   2.619905e+01   5.019408e-01
  2.291729e+00   2.547910e+01   4.943054e-01
  2.296417e+00   2.586067e+01   4.975276e-01
  2.301105e+00   2.605719e+01   4.988598e-01
  2.305794e+00   2.654119e+01   5.028993e-01
  2.310482e+00   2.584098e+01   4.955369e-01
  2.315170e+00   2.609123e+01   4.974709e-01
  2.319858e+00   2.600732e+01   4.961539e-01
  2.324546e+00   2.660453e+01   5.012556e-01
  2.329235e+00   2.539844e+01   4.891067e-01
  2.333923e+00   2.609820e+01   4.953369e-01
  2.338611e+00   2.541180e+01   4.882818e-01
  2.343299e+00   2.590471e+01   4.924882e-01
  2.347988e+00   2.614673e+01   4.941238e-01
  2.352676e+00   2.576435e+01   4.900470e-01
  2.357364e+00   2.578992e+01   4.897991e-01
  2.362052e+00   2.566810e+01   4.881269e-01
  2.366741e+00   2.529708e+01   4.840365e-01
  2.371429e+00   2.514361e+01   4.820465e-01
  2.376117e+00   2.512156e+01   4.813972e-01
  2.380805e+00   2.547354e+01   4.842461e-01
  2.385493e+00   2.581271e+01   4.869401e-01
  2.390182e+00   2.524768e+01   4.810839e-01
  2.394870e+00   2.553948e+01   4.833335e-01
  2.399558e+00   2.562610e+01   4.837487e-01
  2.404246e+00   2.550866e+01   4.821253e-01
  2.408935e+00   2.624456e+01   4.884930e-01
  2.413623e+00   2.519815e+01   4.781772e-01
  2.418311e+00   2.496992e+01   4.755634e-01
  2.422999e+00   2.574102e+01   4.824539e-01
  2.427688e+00   2.546714e+01   4.792516e-01
  2.432376e+00   2.557588e+01   4.798635e-01
  2.437064e+00   2.569705e+01   4.804999e-01
  2.441752e+00   2.528535e+01   4.763088e-01
  2.446440e+00   2.692233e+01   4.908415e-01
  2.451129e+00   2.610478e+01   4.829013e-01
  2.455817e+00   2.512547e+01   4.734009e-01
  2.460505e+00   2.554692e+01   4.769581e-01
  2.465193e+00   2.539314e+01   4.749046e-01
  2.469882e+00   2.572055e+01   4.774631e-01
  2.474570e+00   2.570853e+01   4.769312e-01
  2.479258e+00   2.533635e+01   4.730829e-01
  2.483946e+00   2.570471e+01   4.760382e-01
  2.488634e+00   2.534538e+01   4.721603e-01
  2.493323e+00   2.508880e+01   4.693792e-01
  2.498011e+00   2.471426e+01   4.654766e-01
  2.502699e+00   2.564435e+01   4.736923e-01
  2.507387e+00   2.493861e+01   4.666241e-01
  2.512076e+00   2.571615e+01   4.734193e-01
  2.516764e+00   2.525509e+01   4.687843e-01
  2.521452e+00   2.555020e+01   4.710768e-01
  2.526140e+00   2.581739e+01   4.730316e-01
  2.530829e+00   2.557207e+01   4.703412e-01
  2.535517e+00   2.575373e+01   4.713751e-01
  2.540205e+00   2.524865e+01   4.658227e-01
  2.544893e+00   2.517957e+01   4.641750e-01
  2.549581e+00   2.550832e+01   4.663689e-01
  2.554270e+00   2.531433e+01   4.641512e-01
  2.558958e+00   2.580693e+01   4.682403e-01
  2.563646e+00   2.522870e+01   4.625579e-01
  2.568334e+00   2.510427e+01   4.609429e-01
  2.573023e+00   2.534099e+01   4.627321e-01
  2.577711e+00   2.454099e+01   4.549876e-01
  2.582399e+00   2.536399e+01   4.621732e-01
  2.587087e+00   2.524458e+01   4.607725e-01
  2.591776e+00   2.567842e+01   4.647800e-01
  2.596464e+00   2.554937e+01   4.637846e-01
  2.601152e+00   2.478731e+01   4.568783e-01
  2.605840e+00   2.497606e+01   4.581972e-01
  2.610528e+00   2.513257e+01   4.592246e-01
  2.615217e+00   2.507537e+01   4.583380e-01
  2.619905e+00   2.554291e+01   4.622688e-01
  2.624593e+00   2.530163e+01   4.595538e-01
  2.629281e+00   2.550798e+01   4.610492e-01
  2.633970e+00   2.532437e+01   4.589924e-01
  2.638658e+00   2.559675e+01   4.611362e-01
  2.643346e+00   2.511744e+01   4.563404e-01
  2.648034e+00   2.495714e+01   4.545318e-01
  2.652723e+00   2.592541e+01   4.628808e-01
  2.657411e+00   2.553108e+01   4.589359e-01
  2.662099e+00   2.551278e+01   4.583623e-01
  2.666787e+00   2.567667e+01   4.593576e-01
  2.671475e+00   2.591107e+01   4.610777e-01
  2.676164e+00   2.559681e+01   4.579855e-01
  2.680852e+00   2.571487e+01   4.587203e-01
  2.685540e+00   2.579966e+01   4.589450e-01
  2.690228e+00   2.583705e+01   4.588478e-01
  2.694917e+00   2.560401e+01   4.565544e-01
  2.699605e+00   2.558532e+01   4.560124e-01
  2.704293e+00   2.560206e+01   4.556046e-01
  2.708981e+00   2.579211e+01   4.569203e-01
  2.713669e+00   2.565284e+01   4.553777e-01
  2.718358e+00   2.495329e+01   4.487480e-01
  2.723046e+00   2.522447e+01   4.507473e-01
  2.727734e+00   2.545211e+01   4.523752e-01
  2.732422e+00   2.512267e+01   4.491359e-01
  2.737111e+00   2.521125e+01   4.495673e-01
  2.741799e+00   2.547407e+01   4.514904e-01
  2.746487e+00   2.594327e+01   4.552098e-01
  2.751175e+00   2.505301e+01   4.470191e-01
  2.755864e+00   2.526031e+01   4.485217e-01
  2.760552e+00   2.541802e+01   4.495262e-01
  2.765240e+00   2.519050e+01   4.470894e-01
  2.769928e+00   2.507943e+01   4.457650e-01
  2.774616e+00   2.513851e+01   4.459989e-01
  2.779305e+00   2.517712e+01   4.459396e-01
  2.783993e+00   2.571724e+01   4.502813e-01
  2.788681e+00   2.523583e+01   4.457275e-01
  2.793369e+00   2.540791e+01   4.470178e-01
  2.798058e+00   2.629921e+01   4.543144e-01
  2.802746e+00   2.574454e+01   4.492916e-01
  2.807434e+00   2.518367e+01   4.441196e-01
  2.812122e+00   2.517561e+01   4.434473e-01
  2.816811e+00   2.592552e+01   4.497019e-01
  2.821499e+00   2.619257e+01   4.515703e-01
  2.826187e+00   2.541633e+01   4.444282e-01
  2.830875e+00   2.573833e+01   4.469001e-01
  2.835563e+00   2.534166e+01   4.431392e-01
  2.840252e+00   2.515286e+01   4.410351e-01
  2.844940e+00   2.544531e+01   4.432785e-01
  2.849628e+00   2.505500e+01   4.395253e-01
  2.854316e+00   2.543900e+01   4.425622e-01
  2.859005e+00   2.597072e+01   4.546877e-01
  2.863693e+00   2.569226e+01   4.621627e-01
  2.868381e+00   2.600224e+01   4.710800e-01
  2.873069e+00   2.610409e+01   4.771192e-01
  2.877758e+00   2.592854e+01   4.796585e-01
  2.882446e+00   2.482765e+01   4.722916e-01
  2.887134e+00   2.422860e+01   4.681073e-01
  2.891822e+00   2.577249e+01   4.842004e-01
  2.896510e+00   2.527274e+01   4.808122e-01
  2.901199e+00   2.457746e+01   4.752625e-01
  2.905887e+00   2.490808e+01   4.796458e-01
  2.910575e+00   2.526053e+01   4.840927e-01
  2.915263e+00   2.508110e+01   4.833589e-01
  2.919952e+00   2.593710e+01   4.920920e-01
  2.924640e+00   2.540781e+01   4.738808e-01
  2.929328e+00   2.547165e+01   4.660893e-01
  2.934016e+00   2.547925e+01   4.608257e-01
  2.938704e+00   2.492349e+01   4.516567e-01
  2.943393e+00   2.487127e+01   4.479302e-01
  2.948081e+00   2.518502e+01   4.489905e-01
  2.952769e+00   2.562205e+01   4.517415e-01
  2.957457e+00   2.554356e+01   4.501381e-01
  2.962146e+00   2.528073e+01   4.468598e-01
  2.966834e+00   2.542002e+01   4.473953e-01
  2.971522e+00   2.585055e+01   4.502837e-01
  2.976210e+00   2.576400e+01   4.488299e-01
  2.980899e+00   2.493515e+01   4.408132e-01
  2.985587e+00   2.538661e+01   4.441117e-01
  2.990275e+00   2.531852e+01   4.428751e-01
  2.994963e+00   2.521604e+01   4.414450e-01
  2.999651e+00   2.475615e+01   4.367723e-01
  3.004340e+00   2.559904e+01   4.435471e-01
  3.009028e+00   2.545097e+01   4.417073e-01
  3.013716e+00   2.564313e+01   4.428840e-01
  3.018404e+00   2.532260e+01   4.395735e-01
  3.023093e+00   2.512229e+01   4.372766e-01
  3.027781e+00   2.525907e+01   4.379538e-01
  3.032469e+00   2.512793e+01   4.363739e-01
  3.037157e+00   2.504167e+01   4.351822e-01
  3.041846e+00   2.557049e+01   4.391963e-01
  3.046534e+00   2.533823e+01   4.367170e-01
  3.051222e+00   2.491600e+01   4.327472e-01
  3.055910e+00   2.520364e+01   4.348266e-01
  3.060598e+00   2.492668e+01   4.317998e-01
  3.065287e+00   2.484522e+01   4.306954e-01
  3.069975e+00   2.503321e+01   4.319118e-01
  3.074663e+00   2.557386e+01   4.361882e-01
  3.079351e+00   2.567133e+01   4.365240e-01
  3.084040e+00   2.505375e+01   4.307796e-01
  3.088728e+00   2.502173e+01   4.301439e-01
  3.093416e+00   2.512216e+01   4.307759e-01
  3.098104e+00   2.577272e+01   4.358439e-01
  3.102793e+00   2.529677e+01   4.313473e-01
  3.107481e+00   2.505630e+01   4.289223e-01
  3.112169e+00   2.486226e+01   4.268425e-01
  3.116857e+00   2.494135e+01   4.270921e-01
  3.121545e+00   2.499534e+01   4.271197e-01
  3.126234e+00   2.491725e+01   4.260985e-01
  3.130922e+00   2.519764e+01   4.281834e-01
  3.135610e+00   2.497986e+01   4.259396e-01
  3.140298e+00   2.498113e+01   4.257485e-01
  3.144987e+00   2.513541e+01   4.267119e-01
  3.149675e+00   2.505576e+01   4.254579e-01
  3.154363e+00   2.565760e+01   4.302077e-01
  3.159051e+00   2.574910e+01   4.305075e-01
  3.163739e+00   2.533245e+01   4.266494e-01
  3.168428e+00   2.503512e+01   4.238631e-01
  3.173116e+00   2.501468e+01   4.234065e-01
  3.177804e+00   2.500695e+01   4.228784e-01
  3.182492e+00   2.586916e+01   4.297374e-01
  3.187181e+00   2.543910e+01   4.258286e-01
  3.191869e+00   2.508506e+01   4.225195e-01
  3.196557e+00   2.476609e+01   4.194331e-01
  3.201245e+00   2.479518e+01   4.193294e-01
  3.205934e+00   2.526421e+01   4.229542e-01
  3.210622e+00   2.460190e+01   4.171050e-01
  3.215310e+00   2.558612e+01   4.249443e-01
  3.219998e+00   2.522976e+01   4.214825e-01
  3.224686e+00   2.549901e+01   4.230369e-01
  3.229375e+00   2.580095e+01   4.247379e-01
  3.234063e+00   2.603497e+01   4.261323e-01
  3.238751e+00   2.538401e+01   4.204096e-01
  3.243439e+00   2.523588e+01   4.188504e-01
  3.248128e+00   2.533995e+01   4.194346e-01
  3.252816e+00   2.559059e+01   4.211814e-01
  3.257504e+00   2.571287e+01   4.217868e-01
  3.262192e+00   2.579891e+01   4.222097e-01
  3.266881e+00   2.502563e+01   4.155250e-01
  3.271569e+00   2.449954e+01   4.108398e-01
  3.276257e+00   2.522764e+01   4.165951e-01
  3.280945e+00   2.522225e+01   4.166172e-01
  3.285633e+00   2.524900e+01   4.169827e-01
  3.290322e+00   2.537465e+01   4.179784e-01
  3.295010e+00   2.549817e+01   4.186437e-01
  3.299698e+00   2.576333e+01   4.204980e-01
  3.304386e+00   2.501964e+01   4.140616e-01
  3.309075e+00   2.541940e+01   4.171012e-01
  3.313763e+00   2.476415e+01   4.113502e-01
  3.318451e+00   2.569981e+01   4.186999e-01
  3.323139e+00   2.525743e+01   4.148145e-01
  3.327828e+00   2.510906e+01   4.132678e-01
  3.332516e+00   2.454951e+01   4.083855e-01
  3.337204e+00   2.498195e+01   4.115800e-01
  3.341892e+00   2.470569e+01   4.090982e-01
  3.346580e+00   2.510524e+01   4.120895e-01
  3.351269e+00   2.493847e+01   4.103760e-01
  3.355957e+00   2.501404e+01   4.114781e-01
  3.360645e+00   2.520633e+01   4.231677e-01
  3.365333e+00   2.499174e+01   4.280321e-01
  3.370022e+00   2.515266e+01   4.341166e-01
  3.374710e+00   2.491987e+01   4.342327e-01
  3.379398e+00   2.493457e+01   4.359818e-01
  3.384086e+00   2.489878e+01   4.370804e-01
  3.388774e+00   2.500694e+01   4.385222e-01
  3.393463e+00   2.467866e+01   4.352683e-01
  3.398151e+00   2.463598e+01   4.353152e-01
  3.402839e+00   2.507434e+01   4.401439e-01
  3.407527e+00   2.483368e+01   4.389985e-01
  3.412216e+00   2.532981e+01   4.442052e-01
  3.416904e+00   2.490077e+01   4.412507e-01
  3.421592e+00   2.465712e+01   4.399295e-01
  3.426280e+00   2.478838e+01   4.418267e-01
  3.430969e+00   2.492982e+01   4.438691e-01
  3.435657e+00   2.521480e+01   4.471464e-01
  3.440345e+00   2.482693e+01   4.442624e-01
  3.445033e+00   2.459365e+01   4.428488e-01
  3.449721e+00   2.481850e+01   4.455985e-01
  3.454410e+00   2.509540e+01   4.485837e-01
  3.459098e+00   2.492824e+01   4.476683e-01
  3.463786e+00   2.537650e+01   4.522498e-01
  3.468474e+00   2.467582e+01   4.465398e-01
  3.473163e+00   2.493008e+01   4.493152e-01
  3.477851e+00   2.489527e+01   4.495645e-01
  3.482539e+00   2.537146e+01   4.545520e-01
  3.487227e+00   2.516428e+01   4.529755e-01
  3.491916e+00   2.524263e+01   4.542185e-01
  3.496604e+00   2.502814e+01   4.527436e-01
  3.501292e+00   2.524871e+01   4.551969e-01
  3.505980e+00   2.508378e+01   4.541880e-01
  3.510668e+00   2.510386e+01   4.548209e-01
  3.515357e+00   2.504880e+01   4.547075e-01
  3.520045e+00   2.534747e+01   4.579184e-01
  3.524733e+00   2.553115e+01   4.599619e-01
  3.529421e+00   2.514273e+01   4.568326e-01
  3.534110e+00   2.537412e+01   4.593916e-01
  3.538798e+00   2.555942e+01   4.614240e-01
  3.543486e+00   2.465474e+01   4.535830e-01
  3.548174e+00   2.530774e+01   4.599570e-01
  3.552863e+00   2.502186e+01   4.577046e-01
  3.557551e+00   2.474278e+01   4.554890e-01
  3.562239e+00   2.486583e+01   4.570308e-01
  3.566927e+00   2.533118e+01   4.616413e-01
  3.571615e+00   2.482353e+01   4.573143e-01
  3.576304e+00   2.547301e+01   4.635884e-01
  3.580992e+00   2.464036e+01   4.562361e-01
  3.585680e+00   2.482014e+01   4.576306e-01
  3.590368e+00   2.441754e+01   4.534771e-01
  3.595057e+00   2.446987e+01   4.535584e-01
  3.599745e+00   2.539536e+01   4.616543e-01
  3.604433e+00   2.456526e+01   4.537732e-01
  3.609121e+00   2.530289e+01   4.610149e-01
  3.613809e+00   2.504059e+01   4.586835e-01
  3.618498e+00   2.496757e+01   4.582543e-01
  3.623186e+00   2.566034e+01   4.648989e-01
  3.627874e+00   2.532380e+01   4.621223e-01
  3.632562e+00   2.470609e+01   4.566914e-01
  3.637251e+00   2.589581e+01   4.678761e-01
  3.641939e+00   2.528935e+01   4.626285e-01
  3.646627e+00   2.519542e+01   4.620829e-01
  3.651315e+00   2.493185e+01   4.598837e-01
  3.656004e+00   2.480160e+01   4.591442e-01
  3.660692e+00   2.527213e+01   4.706378e-01
  3.665380e+00   2.530761e+01   4.878160e-01
  3.670068e+00   2.498126e+01   4.930364e-01
  3.674756e+00   2.519830e+01   5.029682e-01
  3.679445e+00   2.471595e+01   5.040888e-01
  3.684133e+00   2.527002e+01   5.131896e-01
  3.688821e+00   2.537172e+01   5.173966e-01
  3.693509e+00   2.506557e+01   5.173097e-01
  3.698198e+00   2.460969e+01   5.153868e-01
  3.702886e+00   2.467955e+01   5.189369e-01
  3.707574e+00   2.505075e+01   5.254421e-01
  3.712262e+00   2.466176e+01   5.239900e-01
  3.716951e+00   2.411626e+01   5.206244e-01
  3.721639e+00   2.419411e+01   5.239480e-01
  3.726327e+00   2.445840e+01   5.291737e-01
  3.731015e+00   2.552575e+01   5.430806e-01
  3.735703e+00   2.596820e+01   5.501451e-01
  3.740392e+00   2.537831e+01   5.462685e-01
  3.745080e+00   2.442396e+01   5.381270e-01
  3.749768e+00   2.524050e+01   5.493773e-01
  3.754456e+00   2.505414e+01   5.495902e-01
  3.759145e+00   2.514047e+01   5.528150e-01
  3.763833e+00   2.506908e+01   5.542321e-01
  3.768521e+00   2.504629e+01   5.562159e-01
  3.773209e+00   2.476446e+01   5.552347e-01
  3.777897e+00   2.441565e+01   5.534937e-01
  3.782586e+00   2.507076e+01   5.630257e-01
  3.787274e+00   2.528290e+01   5.675924e-01
  3.791962e+00   2.541100e+01   5.712067e-01
  3.796650e+00   2.465230e+01   5.647454e-01
  3.801339e+00   2.517495e+01   5.728457e-01
  3.806027e+00   2.490621e+01   5.719105e-01
  3.810715e+00   2.521407e+01   5.775783e-01
  3.815403e+00   2.536782e+01   5.814710e-01
  3.820092e+00   2.442456e+01   5.726623e-01
  3.824780e+00   2.520240e+01   5.838436e-01
  3.829468e+00   2.519661e+01   5.859328e-01
  3.834156e+00   2.465207e+01   5.816314e-01
  3.838844e+00   2.530454e+01   5.914347e-01
  3.843533e+00   2.529512e+01   5.934325e-01
  3.848221e+00   2.458749e+01   5.871552e-01
  3.852909e+00   2.461460e+01   5.896017e-01
  3.857597e+00   2.438819e+01   5.889825e-01
  3.862286e+00   2.454266e+01   5.929497e-01
  3.866974e+00   2.477913e+01   5.978995e-01
  3.871662e+00   2.472426e+01   5.994814e-01
  3.876350e+00   2.429700e+01   5.964714e-01
  3.881039e+00   2.496668e+01   6.065739e-01
  3.885727e+00   2.528988e+01   6.126350e-01
  3.890415e+00   2.441286e+01   6.039785e-01
  3.895103e+00   2.427964e+01   6.045095e-01
  3.899791e+00   2.419321e+01   6.054856e-01
  3.904480e+00   2.508495e+01   6.187438e-01
  3.909168e+00   2.474375e+01   6.166357e-01
  3.913856e+00   2.495870e+01   6.215615e-01
  3.918544e+00   2.417784e+01   6.137968e-01
  3.923233e+00   2.439584e+01   6.187809e-01
  3.927921e+00   2.623940e+01   6.438984e-01
  3.932609e+00   2.521955e+01   6.333983e-01
  3.937297e+00   2.439185e+01   6.240375e-01
  3.941986e+00   2.512110e+01   6.340935e-01
  3.946674e+00   2.503370e+01   6.336350e-01
  3.951362e+00   2.478326e+01   6.300933e-01
  3.956050e+00   2.524108e+01   6.348149e-01
  3.960738e+00   2.402823e+01   6.192138e-01
  3.965427e+00   2.517120e+01   6.345274e-01
  3.970115e+00   2.536329e+01   6.389134e-01
  3.974803e+00   2.443242e+01   6.290880e-01
  3.979491e+00   2.485367e+01   6.362644e-01
  3.984180e+00   2.579292e+01   6.503587e-01
  3.988868e+00   2.479554e+01   6.397836e-01
  3.993556e+00   2.456545e+01   6.389403e-01
  3.998244e+00   2.449233e+01   6.401668e-01
  4.002932e+00   2.469370e+01   6.449871e-01
  4.007621e+00   2.478169e+01   6.482720e-01
  4.012309e+00   2.512609e+01   6.549653e-01
  4.016997e+00   2.418660e+01   6.447866e-01
  4.021685e+00   2.545192e+01   6.637147e-01
  4.026374e+00   2.535627e+01   6.647090e-01
  4.031062e+00   2.490896e+01   6.610458e-01
  4.035750e+00   2.529935e+01   6.684629e-01
  4.040438e+00   2.424647e+01   6.566682e-01
  4.045127e+00   2.464465e+01   6.643062e-01
  4.049815e+00   2.518996e+01   6.739103e-01
  4.054503e+00   2.565681e+01   6.824452e-01
  4.059191e+00   2.553323e+01   6.831781e-01
  4.063879e+00   2.544028e+01   6.842984e-01
  4.068568e+00   2.483294e+01   6.784052e-01
  4.073256e+00   2.529613e+01   6.870569e-01
  4.077944e+00   2.533584e+01   6.900155e-01
  4.082632e+00   2.430507e+01   6.781822e-01
  4.087321e+00   2.483196e+01   6.879027e-01
  4.092009e+00   2.530252e+01   6.968181e-01
  4.096697e+00   2.594127e+01   7.080408e-01
  4.101385e+00   2.514606e+01   6.995275e-01
  4.106074e+00   2.428495e+01   6.899180e-01
  4.110762e+00   2.529343e+01   7.066188e-01
  4.115450e+00   2.565763e+01   7.142076e-01
  4.120138e+00   2.541637e+01   7.133287e-01
  4.124826e+00   2.508112e+01   7.111642e-01
  4.129515e+00   2.457141e+01   7.064737e-01
  4.134203e+00   2.532213e+01   7.197290e-01
  4.138891e+00   2.558405e+01   7.260740e-01
  4.143579e+00   2.581931e+01   7.320495e-01
  4.148268e+00   2.465179e+01   7.179571e-01
  4.152956e+00   2.572000e+01   7.360107e-01
  4.157644e+00   2.496647e+01   7.277256e-01
  4.162332e+00   2.581757e+01   7.428569e-01
  4.167021e+00   2.558283e+01   7.422017e-01
  4.171709e+00   2.578080e+01   7.477557e-01
  4.176397e+00   2.524405e+01   7.427369e-01
  4.181085e+00   2.634973e+01   7.616605e-01
  4.185773e+00   2.598914e+01   7.593401e-01
  4.190462e+00   2.539335e+01   7.534822e-01
  4.195150e+00   2.582787e+01   7.636850e-01
  4.199838e+00   2.408757e+01   7.395940e-01
  4.204526e+00   2.522492e+01   7.594718e-01
  4.209215e+00   2.494690e+01   7.581925e-01
  4.213903e+00   2.513291e+01   7.639433e-01
  4.218591e+00   2.556400e+01   7.734420e-01
  4.223279e+00   2.560140e+01   7.770608e-01
  4.227967e+00   2.498575e+01   7.706190e-01
  4.232656e+00   2.493507e+01   7.728769e-01
  4.237344e+00   2.538413e+01   7.829265e-01
  4.242032e+00   2.512649e+01   7.820050e-01
  4.246720e+00   2.531646e+01   7.880237e-01
  4.251409e+00   2.577340e+01   7.984372e-01
  4.256097e+00   2.520934e+01   7.927466e-01
  4.260785e+00   2.387189e+01   7.745445e-01
  4.265473e+00   2.491084e+01   7.952278e-01
  4.270162e+00   2.587091e+01   8.144822e-01
  4.274850e+00   2.528564e+01   8.109867e-01
  4.279538e+00   2.506237e+01   8.110256e-01
  4.284226e+00   2.465498e+01   8.042943e-01
  4.288914e+00   2.528062e+01   8.169996e-01
  4.293603e+00   2.376675e+01   7.955384e-01
  4.298291e+00   2.411605e+01   8.048882e-01
  4.302979e+00   2.573296e+01   8.348097e-01
  4.307667e+00   2.629071e+01   8.474779e-01
  4.312356e+00   2.459049e+01   8.232533e-01
  4.317044e+00   2.358591e+01   8.096242e-01
  4.321732e+00   2.475262e+01   8.330805e-01
  4.326420e+00   2.525274e+01   8.452312e-01
  4.331109e+00   2.598825e+01   8.611228e-01
  4.335797e+00   2.469275e+01   8.431619e-01
  4.340485e+00   2.477439e+01   8.491626e-01
  4.345173e+00   2.541216e+01   8.633089e-01
  4.349861e+00   2.520162e+01   8.633819e-01
  4.354550e+00   2.430584e+01   8.518334e-01
  4.359238e+00   2.531211e+01   8.732500e-01
  4.363926e+00   2.539868e+01   8.787770e-01
  4.368614e+00   2.610889e+01   8.951253e-01
  4.373303e+00   2.587413e+01   8.953617e-01
  4.377991e+00   2.419492e+01   8.698677e-01
  4.382679e+00   2.485920e+01   8.859079e-01
  4.387367e+00   2.451576e+01   8.841016e-01
  4.392056e+00   2.469124e+01   8.914928e-01
  4.396744e+00   2.521330e+01   9.052182e-01
  4.401432e+00   2.608702e+01   9.262737e-01
  4.406120e+00   2.524845e+01   9.138365e-01
  4.410808e+00   2.503321e+01   9.105656e-01
  4.415497e+00   2.514143e+01   9.131399e-01
  4.420185e+00   2.487184e+01   9.087926e-01
  4.424873e+00   2.415170e+01   8.962206e-01
  4.429561e+00   2.409310e+01   8.957444e-01
  4.434250e+00   2.418411e+01   8.980569e-01
  4.438938e+00   2.515638e+01   9.166232e-01
  4.443626e+00   2.541911e+01   9.219165e-01
  4.448314e+00   2.520808e+01   9.202783e-01
  4.453002e+00   2.439379e+01   9.096467e-01
  4.457691e+00   2.445887e+01   9.154930e-01
  4.462379e+00   2.442358e+01   9.194511e-01
  4.467067e+00   2.390337e+01   9.142423e-01
  4.471755e+00   2.638486e+01   9.654603e-01
  4.476444e+00   2.518646e+01   9.482329e-01
  4.481132e+00   2.495972e+01   9.489040e-01
  4.485820e+00   2.521927e+01   9.589418e-01
  4.490508e+00   2.413061e+01   9.430012e-01
  4.495197e+00   2.539786e+01   9.726415e-01
  4.499885e+00   2.501724e+01   9.705510e-01
  4.504573e+00   2.547866e+01   9.848101e-01
  4.509261e+00   2.520785e+01   9.850042e-01
  4.513949e+00   2.372663e+01   9.610153e-01
  4.518638e+00   2.479028e+01   9.878699e-01
  4.523326e+00   2.552198e+01   1.008079e+00
  4.528014e+00   2.536752e+01   1.010786e+00
  4.532702e+00   2.404466e+01   9.897735e-01
  4.537391e+00   2.502842e+01   1.015718e+00
  4.542079e+00   2.545924e+01   1.030559e+00
  4.546767e+00   2.547453e+01   1.037064e+00
  4.551455e+00   2.578367e+01   1.049622e+00
  4.556144e+00   2.485909e+01   1.036915e+00
  4.560832e+00   2.500936e+01   1.046444e+00
  4.565520e+00   2.549275e+01   1.063080e+00
  4.570208e+00   2.511704e+01   1.061983e+00
  4.574896e+00   2.551589e+01   1.077287e+00
  4.579585e+00   2.627926e+01   1.100311e+00
  4.584273e+00   2.535772e+01   1.087875e+00
  4.588961e+00   2.542919e+01   1.096578e+00
  4.593649e+00   2.560682e+01   1.107730e+00
  4.598338e+00   2.353910e+01   1.069396e+00
  4.603026e+00   2.354313e+01   1.076789e+00
  4.607714e+00   2.593763e+01   1.138023e+00
  4.612402e+00   2.635464e+01   1.155151e+00
  4.617091e+00   2.418950e+01   1.114509e+00
  4.621779e+00   2.433714e+01   1.126075e+00
  4.626467e+00   2.439281e+01   1.135621e+00
  4.631155e+00   2.466695e+01   1.150387e+00
  4.635843e+00   2.586200e+01   1.186702e+00
  4.640532e+00   2.589891e+01   1.196520e+00
  4.645220e+00   2.457109e+01   1.174554e+00
  4.649908e+00   2.520468e+01   1.198942e+00
  4.654596e+00   2.538292e+01   1.212648e+00
  4.659285e+00   2.632927e+01   1.244922e+00
  4.663973e+00   2.674495e+01   1.264888e+00
  4.668661e+00   2.526509e+01   1.239810e+00
  4.673349e+00   2.536637e+01   1.252716e+00
  4.678037e+00   2.573589e+01   1.272525e+00
  4.682726e+00   2.450468e+01   1.252415e+00
  4.687414e+00   2.504935e+01   1.277479e+00
  4.692102e+00   2.493551e+01   1.286189e+00
  4.696790e+00   2.512316e+01   1.302716e+00
  4.701479e+00   2.671921e+01   1.355836e+00
  4.706167e+00   2.408193e+01   1.299250e+00
  4.710855e+00   2.441114e+01   1.320968e+00
  4.715543e+00   2.434036e+01   1.331923e+00
  4.720232e+00   2.469749e+01   1.354926e+00
  4.724920e+00   2.512809e+01   1.380453e+00
  4.729608e+00   2.589783e+01   1.416160e+00
  4.734296e+00   2.437317e+01   1.388443e+00
  4.738984e+00   2.310153e+01   1.366174e+00
  4.743673e+00   2.534087e+01   1.446459e+00
  4.748361e+00   2.612989e+01   1.485461e+00
  4.753049e+00   2.442873e+01   1.452955e+00
  4.757737e+00   2.397055e+01   1.455996e+00
  4.762426e+00   2.549912e+01   1.519549e+00
  4.767114e+00   2.392988e+01   1.490331e+00
  4.771802e+00   2.460729e+01   1.530617e+00
  4.776490e+00   2.617632e+01   1.598813e+00
  4.781179e+00   2.343184e+01   1.532452e+00
  4.785867e+00   2.713013e+01   1.671568e+00
  4.790555e+00   2.596082e+01   1.658099e+00
  4.795243e+00   2.414907e+01   1.621812e+00
  4.799931e+00   2.263600e+01   1.593011e+00
  4.804620e+00   2.463805e+01   1.687574e+00
  4.809308e+00   2.581661e+01   1.754409e+00
  4.813996e+00   2.628510e+01   1.798365e+00
  4.818684e+00   2.504530e+01   1.784178e+00
  4.823373e+00   2.502744e+01   1.815013e+00
  4.828061e+00   2.617477e+01   1.889101e+00
  4.832749e+00   2.724697e+01   1.962392e+00
  4.837437e+00   2.677079e+01   1.982221e+00
  4.842125e+00   2.524137e+01   1.963496e+00
  4.846814e+00   2.593452e+01   2.030666e+00
  4.851502e+00   2.548933e+01   2.055669e+00
  4.856190e+00   2.555478e+01   2.105164e+00
  4.860878e+00   2.699148e+01   2.214058e+00
  4.865567e+00   2.763711e+01   2.294443e+00
  4.870255e+00   2.680704e+01   2.318110e+00
  4.874943e+00   3.032144e+01   2.534270e+00
  4.879631e+00   2.743488e+01   2.478615e+00
  4.884320e+00   2.852192e+01   2.602718e+00
  4.889008e+00   2.732725e+01   2.631446e+00
  4.893696e+00   2.593968e+01   2.651813e+00
  4.898384e+00   2.465414e+01   2.679237e+00
  4.903072e+00   2.500922e+01   2.805999e+00
  4.907761e+00   2.504218e+01   2.967229e+00
  4.912449e+00   2.354052e+01   3.975071e+00
  4.917137e+00   1.621207e+01   9.068711e+00
