# GI Buffer
# Sample c= 0.0 mg/ml
#
# Sample environment:
# Detector = Pilatus
# PixelSize_1 = 0.000172
# PixelSize_2 = 0.000172
#
# title = GI Buffer
# Frame 58 of 120
# Time per frame (s) = 1.0
# SampleDistance = 2.869
# WaveLength = 9.919e-11
# Normalization = 0.001062898
# DiodeCurr = 8.739001e-05
# MachCurr = 68.87418
# Mask = /data/bm29/archive/CALIBRATION/MASK/BM29/Pcon_19thNovember2015_7keV_v3.edf
#
# N 3
# L q*nm  I_GI Buffer  stddev
#
# Sample Information:
# Storage Temperature (degrees C): 20.0
# Measurement Temperature (degrees C): 20.08
# Concentration: 0.0
# Code: GIBuffer
  3.200246e-02   1.314521e+02   1.721404e+01
  3.669069e-02   4.835278e+02   1.498916e+01
  4.137892e-02   6.675255e+02   1.311946e+01
  4.606715e-02   5.780709e+02   1.010893e+01
  5.075538e-02   3.879532e+02   7.522545e+00
  5.544361e-02   2.849981e+02   5.956676e+00
  6.013183e-02   2.081583e+02   4.867117e+00
  6.482006e-02   1.638033e+02   4.142417e+00
  6.950829e-02   1.310434e+02   3.555111e+00
  7.419652e-02   1.076363e+02   3.092857e+00
  7.888475e-02   8.864872e+01   2.713381e+00
  8.357298e-02   8.029700e+01   2.505490e+00
  8.826121e-02   6.992535e+01   2.271868e+00
  9.294944e-02   6.429296e+01   2.114609e+00
  9.763767e-02   5.602267e+01   1.919484e+00
  1.023259e-01   5.172760e+01   1.800548e+00
  1.070141e-01   4.943855e+01   1.720039e+00
  1.117024e-01   4.736178e+01   1.645370e+00
  1.163906e-01   4.466760e+01   1.559197e+00
  1.210788e-01   4.342273e+01   1.507096e+00
  1.257670e-01   4.067036e+01   1.430531e+00
  1.304553e-01   3.879546e+01   1.372560e+00
  1.351435e-01   4.013991e+01   1.368013e+00
  1.398317e-01   3.605657e+01   1.274178e+00
  1.445200e-01   3.610752e+01   1.254005e+00
  1.492082e-01   3.536378e+01   1.221220e+00
  1.538964e-01   3.362784e+01   1.169904e+00
  1.585846e-01   3.298887e+01   1.140353e+00
  1.632729e-01   3.211950e+01   1.108884e+00
  1.679611e-01   3.201188e+01   1.091444e+00
  1.726493e-01   3.179552e+01   1.071631e+00
  1.773376e-01   3.087081e+01   1.040151e+00
  1.820258e-01   3.041943e+01   1.019259e+00
  1.867140e-01   3.032153e+01   1.004811e+00
  1.914022e-01   2.895660e+01   9.695377e-01
  1.960905e-01   2.825428e+01   9.443787e-01
  2.007787e-01   2.885822e+01   9.442382e-01
  2.054669e-01   2.822272e+01   9.231293e-01
  2.101552e-01   2.990038e+01   9.395259e-01
  2.148434e-01   2.885188e+01   9.110875e-01
  2.195316e-01   2.902759e+01   9.038777e-01
  2.242199e-01   2.899969e+01   8.940753e-01
  2.289081e-01   2.898229e+01   8.846431e-01
  2.335963e-01   2.864149e+01   8.695645e-01
  2.382845e-01   2.807623e+01   8.518769e-01
  2.429728e-01   2.789210e+01   8.409711e-01
  2.476610e-01   2.762715e+01   8.290820e-01
  2.523492e-01   2.781914e+01   8.237637e-01
  2.570375e-01   2.792662e+01   8.168930e-01
  2.617257e-01   2.709881e+01   7.975898e-01
  2.664139e-01   2.769695e+01   7.993139e-01
  2.711021e-01   2.878948e+01   8.078811e-01
  2.757904e-01   2.677511e+01   7.716308e-01
  2.804786e-01   2.652755e+01   7.619827e-01
  2.851668e-01   2.740252e+01   7.681701e-01
  2.898551e-01   2.826204e+01   7.733857e-01
  2.945433e-01   2.610802e+01   7.373406e-01
  2.992315e-01   2.570866e+01   7.421924e-01
  3.039197e-01   2.670358e+01   7.623932e-01
  3.086080e-01   2.648487e+01   7.614647e-01
  3.132962e-01   2.653405e+01   7.625688e-01
  3.179844e-01   2.872412e+01   7.932600e-01
  3.226727e-01   2.627512e+01   7.586691e-01
  3.273609e-01   2.591355e+01   7.525910e-01
  3.320491e-01   2.632118e+01   7.571247e-01
  3.367374e-01   2.743278e+01   7.709122e-01
  3.414256e-01   2.696210e+01   7.627170e-01
  3.461138e-01   2.716739e+01   7.640503e-01
  3.508020e-01   2.669020e+01   7.554895e-01
  3.554903e-01   2.674607e+01   7.534575e-01
  3.601785e-01   2.687136e+01   7.537785e-01
  3.648667e-01   2.515715e+01   7.345939e-01
  3.695550e-01   2.665169e+01   7.732244e-01
  3.742432e-01   2.652126e+01   7.800480e-01
  3.789314e-01   2.677309e+01   7.911440e-01
  3.836196e-01   2.660346e+01   7.936834e-01
  3.883079e-01   2.733510e+01   8.088936e-01
  3.929961e-01   2.718472e+01   8.140340e-01
  3.976843e-01   2.683899e+01   8.198325e-01
  4.023726e-01   2.735072e+01   8.358197e-01
  4.070608e-01   2.654267e+01   8.267357e-01
  4.117490e-01   2.653693e+01   8.282716e-01
  4.164372e-01   2.661076e+01   8.308160e-01
  4.211255e-01   2.662875e+01   8.327585e-01
  4.258137e-01   2.773342e+01   8.505738e-01
  4.305019e-01   2.747257e+01   8.457744e-01
  4.351902e-01   2.619042e+01   8.240998e-01
  4.398784e-01   2.559388e+01   8.136742e-01
  4.445666e-01   2.457821e+01   8.065004e-01
  4.492548e-01   2.567559e+01   8.524555e-01
  4.539431e-01   2.577630e+01   8.705646e-01
  4.586313e-01   2.588925e+01   8.856263e-01
  4.633195e-01   2.586591e+01   8.970661e-01
  4.680078e-01   2.536186e+01   8.987722e-01
  4.726960e-01   2.647601e+01   9.281178e-01
  4.773842e-01   2.768364e+01   9.584869e-01
  4.820725e-01   2.667150e+01   9.498429e-01
  4.867607e-01   2.637295e+01   9.535325e-01
  4.914489e-01   2.523899e+01   9.409508e-01
  4.961371e-01   2.483038e+01   9.409940e-01
  5.008254e-01   2.513266e+01   9.544851e-01
  5.055136e-01   2.517406e+01   9.632722e-01
  5.102018e-01   2.689618e+01   9.728410e-01
  5.148901e-01   2.645870e+01   9.311836e-01
  5.195783e-01   2.727818e+01   9.296030e-01
  5.242665e-01   2.664656e+01   9.080055e-01
  5.289547e-01   2.601370e+01   8.886297e-01
  5.336430e-01   2.695745e+01   8.967621e-01
  5.383312e-01   2.506807e+01   8.584768e-01
  5.430194e-01   2.747540e+01   8.933405e-01
  5.477077e-01   2.823223e+01   9.005336e-01
  5.523959e-01   2.615090e+01   8.618776e-01
  5.570841e-01   2.566843e+01   8.492266e-01
  5.617723e-01   2.750203e+01   8.753105e-01
  5.664606e-01   2.645059e+01   8.546473e-01
  5.711488e-01   2.666233e+01   8.546746e-01
  5.758370e-01   2.680434e+01   8.521643e-01
  5.805253e-01   2.615896e+01   8.366498e-01
  5.852135e-01   2.606099e+01   8.297337e-01
  5.899017e-01   2.585684e+01   8.207546e-01
  5.945900e-01   2.610842e+01   8.181189e-01
  5.992782e-01   2.619387e+01   8.141837e-01
  6.039664e-01   2.756346e+01   8.302932e-01
  6.086546e-01   2.593241e+01   8.005540e-01
  6.133429e-01   2.673362e+01   8.075810e-01
  6.180311e-01   2.649647e+01   7.992456e-01
  6.227193e-01   2.453778e+01   7.649012e-01
  6.274076e-01   2.588677e+01   7.823660e-01
  6.320958e-01   2.561403e+01   7.760667e-01
  6.367840e-01   2.632391e+01   7.844877e-01
  6.414722e-01   2.651497e+01   7.857463e-01
  6.461605e-01   2.687821e+01   7.892772e-01
  6.508487e-01   2.676828e+01   7.859752e-01
  6.555369e-01   2.583696e+01   7.698725e-01
  6.602252e-01   2.553197e+01   7.636943e-01
  6.649134e-01   2.574680e+01   7.653032e-01
  6.696016e-01   2.580063e+01   7.645122e-01
  6.742898e-01   2.589803e+01   7.638100e-01
  6.789781e-01   2.649389e+01   7.708672e-01
  6.836663e-01   2.547555e+01   7.543134e-01
  6.883545e-01   2.608055e+01   7.618018e-01
  6.930428e-01   2.539129e+01   7.496222e-01
  6.977310e-01   2.676365e+01   7.678656e-01
  7.024192e-01   2.619424e+01   7.581262e-01
  7.071074e-01   2.610147e+01   7.553341e-01
  7.117957e-01   2.571916e+01   7.480780e-01
  7.164839e-01   2.493822e+01   7.347252e-01
  7.211721e-01   2.615922e+01   7.510732e-01
  7.258604e-01   2.549985e+01   7.400343e-01
  7.305486e-01   2.601873e+01   7.462593e-01
  7.352368e-01   2.618777e+01   7.463734e-01
  7.399251e-01   2.665694e+01   7.518112e-01
  7.446133e-01   2.636830e+01   7.463917e-01
  7.493015e-01   2.466866e+01   7.210993e-01
  7.539897e-01   2.520476e+01   7.267784e-01
  7.586780e-01   2.571174e+01   7.321581e-01
  7.633662e-01   2.622412e+01   7.379636e-01
  7.680544e-01   2.568811e+01   7.291106e-01
  7.727427e-01   2.643011e+01   7.378877e-01
  7.774309e-01   2.688413e+01   7.424691e-01
  7.821191e-01   2.485308e+01   7.126270e-01
  7.868073e-01   2.591092e+01   7.263336e-01
  7.914956e-01   2.631062e+01   7.303482e-01
  7.961838e-01   2.619505e+01   7.270873e-01
  8.008720e-01   2.633620e+01   7.277056e-01
  8.055603e-01   2.588196e+01   7.200504e-01
  8.102485e-01   2.686820e+01   7.324158e-01
  8.149367e-01   2.550416e+01   7.117590e-01
  8.196249e-01   2.565754e+01   7.125400e-01
  8.243132e-01   2.629495e+01   7.201874e-01
  8.290014e-01   2.624103e+01   7.181143e-01
  8.336896e-01   2.619821e+01   7.158693e-01
  8.383779e-01   2.637752e+01   7.169454e-01
  8.430661e-01   2.497857e+01   6.964891e-01
  8.477543e-01   2.547635e+01   7.021063e-01
  8.524425e-01   2.664790e+01   7.166657e-01
  8.571308e-01   2.678973e+01   7.174114e-01
  8.618190e-01   2.691633e+01   7.176387e-01
  8.665072e-01   2.592549e+01   7.029155e-01
  8.711955e-01   2.686730e+01   7.142901e-01
  8.758837e-01   2.599230e+01   7.009696e-01
  8.805719e-01   2.515253e+01   6.883446e-01
  8.852602e-01   2.576748e+01   6.955943e-01
  8.899484e-01   2.591499e+01   6.964445e-01
  8.946366e-01   2.629349e+01   6.997273e-01
  8.993248e-01   2.633019e+01   6.992010e-01
  9.040131e-01   2.616792e+01   6.957698e-01
  9.087013e-01   2.698963e+01   7.055069e-01
  9.133895e-01   2.484782e+01   6.754366e-01
  9.180778e-01   2.519559e+01   6.790075e-01
  9.227660e-01   2.556553e+01   6.826945e-01
  9.274542e-01   2.618587e+01   6.899030e-01
  9.321424e-01   2.555183e+01   6.802168e-01
  9.368307e-01   2.592829e+01   6.837479e-01
  9.415189e-01   2.604871e+01   6.842724e-01
  9.462071e-01   2.519518e+01   6.719548e-01
  9.508954e-01   2.552264e+01   6.750410e-01
  9.555836e-01   2.570057e+01   6.759966e-01
  9.602718e-01   2.644876e+01   6.846678e-01
  9.649600e-01   2.480273e+01   6.619572e-01
  9.696483e-01   2.590854e+01   6.755362e-01
  9.743365e-01   2.704707e+01   6.886131e-01
  9.790247e-01   2.567957e+01   6.700138e-01
  9.837130e-01   2.627126e+01   6.765454e-01
  9.884012e-01   2.602662e+01   6.723623e-01
  9.930894e-01   2.524484e+01   6.608808e-01
  9.977777e-01   2.611798e+01   6.710221e-01
  1.002466e+00   2.589055e+01   6.670901e-01
  1.007154e+00   2.615801e+01   6.694341e-01
  1.011842e+00   2.636134e+01   6.709251e-01
  1.016531e+00   2.669477e+01   6.738022e-01
  1.021219e+00   2.570783e+01   6.601847e-01
  1.025907e+00   2.543057e+01   6.557033e-01
  1.030595e+00   2.477359e+01   6.461528e-01
  1.035283e+00   2.585517e+01   6.586359e-01
  1.039972e+00   2.543578e+01   6.523867e-01
  1.044660e+00   2.651021e+01   6.650820e-01
  1.049348e+00   2.636563e+01   6.621189e-01
  1.054036e+00   2.563051e+01   6.515816e-01
  1.058725e+00   2.691162e+01   6.666700e-01
  1.063413e+00   2.609334e+01   6.554176e-01
  1.068101e+00   2.646280e+01   6.591037e-01
  1.072789e+00   2.643634e+01   6.575381e-01
  1.077478e+00   2.637640e+01   6.557197e-01
  1.082166e+00   2.618796e+01   6.523572e-01
  1.086854e+00   2.550209e+01   6.428354e-01
  1.091542e+00   2.535854e+01   6.400562e-01
  1.096230e+00   2.600362e+01   6.468256e-01
  1.100919e+00   2.553981e+01   6.401380e-01
  1.105607e+00   2.616219e+01   6.470263e-01
  1.110295e+00   2.602487e+01   6.443156e-01
  1.114983e+00   2.597458e+01   6.426289e-01
  1.119672e+00   2.581535e+01   6.397462e-01
  1.124360e+00   2.515623e+01   6.304688e-01
  1.129048e+00   2.453114e+01   6.216511e-01
  1.133736e+00   2.621139e+01   6.414034e-01
  1.138425e+00   2.661172e+01   6.453127e-01
  1.143113e+00   2.729306e+01   6.525537e-01
  1.147801e+00   2.578061e+01   6.334197e-01
  1.152489e+00   2.566219e+01   6.308153e-01
  1.157177e+00   2.555742e+01   6.284546e-01
  1.161866e+00   2.648092e+01   6.389289e-01
  1.166554e+00   2.635622e+01   6.364942e-01
  1.171242e+00   2.578228e+01   6.284724e-01
  1.175930e+00   2.589283e+01   6.288245e-01
  1.180619e+00   2.558551e+01   6.241854e-01
  1.185307e+00   2.542094e+01   6.212732e-01
  1.189995e+00   2.502578e+01   6.156446e-01
  1.194683e+00   2.575231e+01   6.233025e-01
  1.199372e+00   2.544117e+01   6.186754e-01
  1.204060e+00   2.554633e+01   6.192774e-01
  1.208748e+00   2.626064e+01   6.273621e-01
  1.213436e+00   2.552545e+01   6.170930e-01
  1.218124e+00   2.529107e+01   6.132178e-01
  1.222813e+00   2.604724e+01   6.214382e-01
  1.227501e+00   2.541010e+01   6.130641e-01
  1.232189e+00   2.547317e+01   6.127946e-01
  1.236877e+00   2.555974e+01   6.128031e-01
  1.241566e+00   2.578147e+01   6.147213e-01
  1.246254e+00   2.530902e+01   6.082802e-01
  1.250942e+00   2.534814e+01   6.220943e-01
  1.255630e+00   2.607975e+01   6.480865e-01
  1.260318e+00   2.625073e+01   6.610669e-01
  1.265007e+00   2.616085e+01   6.686723e-01
  1.269695e+00   2.538292e+01   6.661845e-01
  1.274383e+00   2.650023e+01   6.875932e-01
  1.279071e+00   2.595078e+01   6.869905e-01
  1.283760e+00   2.571853e+01   6.899406e-01
  1.288448e+00   2.532426e+01   6.903456e-01
  1.293136e+00   2.552244e+01   6.985195e-01
  1.297824e+00   2.572714e+01   7.065777e-01
  1.302513e+00   2.554208e+01   7.082227e-01
  1.307201e+00   2.482969e+01   7.002865e-01
  1.311889e+00   2.463565e+01   6.981815e-01
  1.316577e+00   2.504153e+01   6.768566e-01
  1.321265e+00   2.601971e+01   6.728376e-01
  1.325954e+00   2.625517e+01   6.649862e-01
  1.330642e+00   2.672240e+01   6.623420e-01
  1.335330e+00   2.613651e+01   6.478871e-01
  1.340018e+00   2.557097e+01   6.348848e-01
  1.344707e+00   2.590468e+01   6.336617e-01
  1.349395e+00   2.594028e+01   6.293938e-01
  1.354083e+00   2.619467e+01   6.276768e-01
  1.358771e+00   2.561382e+01   6.165594e-01
  1.363460e+00   2.549236e+01   6.117344e-01
  1.368148e+00   2.552085e+01   6.103502e-01
  1.372836e+00   2.535300e+01   6.066905e-01
  1.377524e+00   2.490460e+01   5.999298e-01
  1.382212e+00   2.501690e+01   6.000941e-01
  1.386901e+00   2.574426e+01   6.074833e-01
  1.391589e+00   2.610677e+01   6.103897e-01
  1.396277e+00   2.625799e+01   6.108661e-01
  1.400965e+00   2.626995e+01   6.098797e-01
  1.405654e+00   2.658524e+01   6.124119e-01
  1.410342e+00   2.601463e+01   6.046822e-01
  1.415030e+00   2.600185e+01   6.032063e-01
  1.419718e+00   2.617782e+01   6.042278e-01
  1.424406e+00   2.492975e+01   5.887382e-01
  1.429095e+00   2.562850e+01   5.958830e-01
  1.433783e+00   2.503934e+01   5.877474e-01
  1.438471e+00   2.586728e+01   5.964617e-01
  1.443159e+00   2.603043e+01   5.974244e-01
  1.447848e+00   2.549218e+01   5.902475e-01
  1.452536e+00   2.562722e+01   5.906953e-01
  1.457224e+00   2.462116e+01   5.780571e-01
  1.461912e+00   2.611737e+01   5.944903e-01
  1.466601e+00   2.584365e+01   5.904676e-01
  1.471289e+00   2.488470e+01   5.784240e-01
  1.475977e+00   2.581079e+01   5.884057e-01
  1.480665e+00   2.558771e+01   5.847274e-01
  1.485353e+00   2.681198e+01   6.070770e-01
  1.490042e+00   2.708483e+01   6.288834e-01
  1.494730e+00   2.610164e+01   6.282589e-01
  1.499418e+00   2.586289e+01   6.334226e-01
  1.504106e+00   2.520542e+01   6.325500e-01
  1.508795e+00   2.636656e+01   6.538225e-01
  1.513483e+00   2.641751e+01   6.378698e-01
  1.518171e+00   2.658995e+01   6.256506e-01
  1.522859e+00   2.573876e+01   6.071020e-01
  1.527548e+00   2.568775e+01   6.000167e-01
  1.532236e+00   2.552709e+01   5.924084e-01
  1.536924e+00   2.544697e+01   5.867750e-01
  1.541612e+00   2.559538e+01   5.853770e-01
  1.546300e+00   2.557430e+01   5.837229e-01
  1.550989e+00   2.549060e+01   5.806910e-01
  1.555677e+00   2.608556e+01   5.844315e-01
  1.560365e+00   2.575348e+01   5.779855e-01
  1.565053e+00   2.643715e+01   5.829099e-01
  1.569742e+00   2.537484e+01   5.687669e-01
  1.574430e+00   2.587470e+01   5.731338e-01
  1.579118e+00   2.651978e+01   5.806678e-01
  1.583806e+00   2.583455e+01   5.737718e-01
  1.588495e+00   2.564268e+01   5.723080e-01
  1.593183e+00   2.628467e+01   5.797017e-01
  1.597871e+00   2.573997e+01   5.733095e-01
  1.602559e+00   2.630606e+01   5.787307e-01
  1.607247e+00   2.628333e+01   5.775650e-01
  1.611936e+00   2.714405e+01   5.858232e-01
  1.616624e+00   2.608564e+01   5.734807e-01
  1.621312e+00   2.527174e+01   5.636480e-01
  1.626000e+00   2.533921e+01   5.635456e-01
  1.630689e+00   2.536067e+01   5.628790e-01
  1.635377e+00   2.595753e+01   5.686212e-01
  1.640065e+00   2.531475e+01   5.607180e-01
  1.644753e+00   2.585702e+01   5.659188e-01
  1.649441e+00   2.555755e+01   5.618343e-01
  1.654130e+00   2.581510e+01   5.637559e-01
  1.658818e+00   2.578340e+01   5.626178e-01
  1.663506e+00   2.554999e+01   5.593324e-01
  1.668194e+00   2.502506e+01   5.528621e-01
  1.672883e+00   2.543421e+01   5.563993e-01
  1.677571e+00   2.547455e+01   5.561137e-01
  1.682259e+00   2.608777e+01   5.620928e-01
  1.686947e+00   2.660253e+01   5.668914e-01
  1.691636e+00   2.574046e+01   5.567197e-01
  1.696324e+00   2.538460e+01   5.521179e-01
  1.701012e+00   2.471979e+01   5.441782e-01
  1.705700e+00   2.508738e+01   5.475621e-01
  1.710388e+00   2.544635e+01   5.506481e-01
  1.715077e+00   2.528166e+01   5.480947e-01
  1.719765e+00   2.536212e+01   5.482866e-01
  1.724453e+00   2.487751e+01   5.424057e-01
  1.729141e+00   2.550404e+01   5.484669e-01
  1.733830e+00   2.561735e+01   5.488395e-01
  1.738518e+00   2.507891e+01   5.424269e-01
  1.743206e+00   2.525693e+01   5.436950e-01
  1.747894e+00   2.482290e+01   5.384331e-01
  1.752583e+00   2.558752e+01   5.460729e-01
  1.757271e+00   2.616713e+01   5.513739e-01
  1.761959e+00   2.653466e+01   5.544923e-01
  1.766647e+00   2.525422e+01   5.402735e-01
  1.771335e+00   2.637794e+01   5.514114e-01
  1.776024e+00   2.626739e+01   5.495611e-01
  1.780712e+00   2.598799e+01   5.459803e-01
  1.785400e+00   2.472567e+01   5.319698e-01
  1.790088e+00   2.546681e+01   5.392205e-01
  1.794777e+00   2.515838e+01   5.351951e-01
  1.799465e+00   2.644310e+01   5.480152e-01
  1.804153e+00   2.587348e+01   5.415717e-01
  1.808841e+00   2.558180e+01   5.378648e-01
  1.813530e+00   2.554450e+01   5.366493e-01
  1.818218e+00   2.552728e+01   5.358917e-01
  1.822906e+00   2.587535e+01   5.390031e-01
  1.827594e+00   2.574583e+01   5.370469e-01
  1.832282e+00   2.549863e+01   5.335844e-01
  1.836971e+00   2.585579e+01   5.368075e-01
  1.841659e+00   2.510113e+01   5.283792e-01
  1.846347e+00   2.559342e+01   5.329111e-01
  1.851035e+00   2.513187e+01   5.273141e-01
  1.855724e+00   2.544221e+01   5.300201e-01
  1.860412e+00   2.509667e+01   5.258662e-01
  1.865100e+00   2.470239e+01   5.211166e-01
  1.869788e+00   2.531283e+01   5.268061e-01
  1.874476e+00   2.505383e+01   5.235173e-01
  1.879165e+00   2.629842e+01   5.358294e-01
  1.883853e+00   2.561706e+01   5.282313e-01
  1.888541e+00   2.582910e+01   5.297825e-01
  1.893229e+00   2.596729e+01   5.308269e-01
  1.897918e+00   2.576621e+01   5.281494e-01
  1.902606e+00   2.605917e+01   5.303559e-01
  1.907294e+00   2.585675e+01   5.277682e-01
  1.911982e+00   2.532424e+01   5.215566e-01
  1.916671e+00   2.465234e+01   5.140787e-01
  1.921359e+00   2.528267e+01   5.200763e-01
  1.926047e+00   2.604376e+01   5.273135e-01
  1.930735e+00   2.507376e+01   5.166807e-01
  1.935423e+00   2.570787e+01   5.226390e-01
  1.940112e+00   2.568808e+01   5.218007e-01
  1.944800e+00   2.530399e+01   5.167263e-01
  1.949488e+00   2.571161e+01   5.195354e-01
  1.954176e+00   2.573584e+01   5.186314e-01
  1.958865e+00   2.536090e+01   5.137015e-01
  1.963553e+00   2.581382e+01   5.173585e-01
  1.968241e+00   2.539424e+01   5.126187e-01
  1.972929e+00   2.565832e+01   5.146313e-01
  1.977618e+00   2.541340e+01   5.117578e-01
  1.982306e+00   2.572021e+01   5.145521e-01
  1.986994e+00   2.528321e+01   5.100864e-01
  1.991682e+00   2.631636e+01   5.204445e-01
  1.996370e+00   2.622956e+01   5.197265e-01
  2.001059e+00   2.631810e+01   5.207624e-01
  2.005747e+00   2.529336e+01   5.103607e-01
  2.010435e+00   2.579410e+01   5.145547e-01
  2.015123e+00   2.522704e+01   5.083270e-01
  2.019812e+00   2.543758e+01   5.099435e-01
  2.024500e+00   2.573259e+01   5.124421e-01
  2.029188e+00   2.577374e+01   5.122216e-01
  2.033876e+00   2.528883e+01   5.068160e-01
  2.038565e+00   2.500291e+01   5.034133e-01
  2.043253e+00   2.506973e+01   5.037083e-01
  2.047941e+00   2.532343e+01   5.056677e-01
  2.052629e+00   2.518835e+01   5.055391e-01
  2.057317e+00   2.578437e+01   5.264322e-01
  2.062006e+00   2.519145e+01   5.297928e-01
  2.066694e+00   2.549725e+01   5.400848e-01
  2.071382e+00   2.566135e+01   5.476370e-01
  2.076070e+00   2.611939e+01   5.578915e-01
  2.080759e+00   2.517610e+01   5.525974e-01
  2.085447e+00   2.430581e+01   5.471366e-01
  2.090135e+00   2.520423e+01   5.592566e-01
  2.094823e+00   2.537585e+01   5.627622e-01
  2.099511e+00   2.539128e+01   5.645198e-01
  2.104200e+00   2.549024e+01   5.670863e-01
  2.108888e+00   2.530709e+01   5.663028e-01
  2.113576e+00   2.590006e+01   5.741629e-01
  2.118264e+00   2.559951e+01   5.652573e-01
  2.122953e+00   2.594816e+01   5.510735e-01
  2.127641e+00   2.579775e+01   5.403786e-01
  2.132329e+00   2.559659e+01   5.317296e-01
  2.137017e+00   2.552592e+01   5.259841e-01
  2.141706e+00   2.548202e+01   5.211803e-01
  2.146394e+00   2.581996e+01   5.207871e-01
  2.151082e+00   2.609122e+01   5.206338e-01
  2.155770e+00   2.539847e+01   5.125564e-01
  2.160458e+00   2.459738e+01   5.032393e-01
  2.165147e+00   2.515667e+01   5.078657e-01
  2.169835e+00   2.512539e+01   5.063654e-01
  2.174523e+00   2.507554e+01   5.049805e-01
  2.179211e+00   2.465332e+01   4.998208e-01
  2.183900e+00   2.580341e+01   5.104457e-01
  2.188588e+00   2.538986e+01   5.054120e-01
  2.193276e+00   2.486252e+01   4.993009e-01
  2.197964e+00   2.546712e+01   5.045969e-01
  2.202653e+00   2.576233e+01   5.067099e-01
  2.207341e+00   2.571741e+01   5.054721e-01
  2.212029e+00   2.530032e+01   5.005810e-01
  2.216717e+00   2.556469e+01   5.025304e-01
  2.221405e+00   2.551263e+01   5.012780e-01
  2.226094e+00   2.562127e+01   5.016549e-01
  2.230782e+00   2.533777e+01   4.981585e-01
  2.235470e+00   2.569201e+01   5.009633e-01
  2.240158e+00   2.527419e+01   4.962280e-01
  2.244847e+00   2.518466e+01   4.947652e-01
  2.249535e+00   2.511699e+01   4.933603e-01
  2.254223e+00   2.498660e+01   4.914411e-01
  2.258911e+00   2.532650e+01   4.942228e-01
  2.263600e+00   2.517566e+01   4.921765e-01
  2.268288e+00   2.525646e+01   4.922831e-01
  2.272976e+00   2.456279e+01   4.848423e-01
  2.277664e+00   2.524711e+01   4.910309e-01
  2.282352e+00   2.535690e+01   4.915588e-01
  2.287041e+00   2.537055e+01   4.910831e-01
  2.291729e+00   2.530882e+01   4.898008e-01
  2.296417e+00   2.586676e+01   4.947077e-01
  2.301105e+00   2.502550e+01   4.860561e-01
  2.305794e+00   2.518400e+01   4.870388e-01
  2.310482e+00   2.510243e+01   4.855788e-01
  2.315170e+00   2.530813e+01   4.871142e-01
  2.319858e+00   2.444021e+01   4.781910e-01
  2.324546e+00   2.536098e+01   4.865693e-01
  2.329235e+00   2.575286e+01   4.896584e-01
  2.333923e+00   2.565490e+01   4.882709e-01
  2.338611e+00   2.543195e+01   4.856495e-01
  2.343299e+00   2.527435e+01   4.836451e-01
  2.347988e+00   2.488286e+01   4.792450e-01
  2.352676e+00   2.481627e+01   4.781638e-01
  2.357364e+00   2.454733e+01   4.750896e-01
  2.362052e+00   2.556951e+01   4.843702e-01
  2.366741e+00   2.572370e+01   4.852773e-01
  2.371429e+00   2.561122e+01   4.836938e-01
  2.376117e+00   2.516909e+01   4.790649e-01
  2.380805e+00   2.581819e+01   4.846907e-01
  2.385493e+00   2.550600e+01   4.812384e-01
  2.390182e+00   2.483205e+01   4.743477e-01
  2.394870e+00   2.464820e+01   4.720781e-01
  2.399558e+00   2.521245e+01   4.770528e-01
  2.404246e+00   2.521905e+01   4.766073e-01
  2.408935e+00   2.560290e+01   4.796933e-01
  2.413623e+00   2.533409e+01   4.766915e-01
  2.418311e+00   2.467352e+01   4.699978e-01
  2.422999e+00   2.386127e+01   4.618171e-01
  2.427688e+00   2.509704e+01   4.730044e-01
  2.432376e+00   2.526263e+01   4.741569e-01
  2.437064e+00   2.496898e+01   4.709039e-01
  2.441752e+00   2.510285e+01   4.718413e-01
  2.446440e+00   2.535796e+01   4.736117e-01
  2.451129e+00   2.520078e+01   4.717215e-01
  2.455817e+00   2.578912e+01   4.768376e-01
  2.460505e+00   2.478415e+01   4.670660e-01
  2.465193e+00   2.502955e+01   4.687648e-01
  2.469882e+00   2.532014e+01   4.709915e-01
  2.474570e+00   2.483525e+01   4.660491e-01
  2.479258e+00   2.480819e+01   4.654180e-01
  2.483946e+00   2.432991e+01   4.604538e-01
  2.488634e+00   2.446957e+01   4.612469e-01
  2.493323e+00   2.479548e+01   4.639280e-01
  2.498011e+00   2.498348e+01   4.652977e-01
  2.502699e+00   2.471409e+01   4.623311e-01
  2.507387e+00   2.508645e+01   4.652977e-01
  2.512076e+00   2.527892e+01   4.666622e-01
  2.516764e+00   2.489316e+01   4.627208e-01
  2.521452e+00   2.498881e+01   4.631777e-01
  2.526140e+00   2.493404e+01   4.621795e-01
  2.530829e+00   2.484224e+01   4.608991e-01
  2.535517e+00   2.492009e+01   4.610007e-01
  2.540205e+00   2.483597e+01   4.593274e-01
  2.544893e+00   2.502202e+01   4.600438e-01
  2.549581e+00   2.474616e+01   4.566916e-01
  2.554270e+00   2.425010e+01   4.516617e-01
  2.558958e+00   2.505096e+01   4.586623e-01
  2.563646e+00   2.475786e+01   4.555705e-01
  2.568334e+00   2.557036e+01   4.625110e-01
  2.573023e+00   2.511122e+01   4.579648e-01
  2.577711e+00   2.492175e+01   4.558511e-01
  2.582399e+00   2.583094e+01   4.637099e-01
  2.587087e+00   2.468351e+01   4.529876e-01
  2.591776e+00   2.492291e+01   4.552427e-01
  2.596464e+00   2.483352e+01   4.545961e-01
  2.601152e+00   2.456757e+01   4.522173e-01
  2.605840e+00   2.490981e+01   4.549420e-01
  2.610528e+00   2.584269e+01   4.629732e-01
  2.615217e+00   2.599067e+01   4.639287e-01
  2.619905e+00   2.529437e+01   4.573532e-01
  2.624593e+00   2.458440e+01   4.503729e-01
  2.629281e+00   2.504112e+01   4.541678e-01
  2.633970e+00   2.517102e+01   4.549536e-01
  2.638658e+00   2.492973e+01   4.524556e-01
  2.643346e+00   2.477938e+01   4.506369e-01
  2.648034e+00   2.505767e+01   4.528117e-01
  2.652723e+00   2.589325e+01   4.599175e-01
  2.657411e+00   2.554499e+01   4.564052e-01
  2.662099e+00   2.507927e+01   4.518225e-01
  2.666787e+00   2.540432e+01   4.542717e-01
  2.671475e+00   2.511816e+01   4.513418e-01
  2.676164e+00   2.517649e+01   4.515820e-01
  2.680852e+00   2.506136e+01   4.502341e-01
  2.685540e+00   2.556315e+01   4.541938e-01
  2.690228e+00   2.580670e+01   4.559255e-01
  2.694917e+00   2.524561e+01   4.507251e-01
  2.699605e+00   2.542892e+01   4.519866e-01
  2.704293e+00   2.539512e+01   4.511346e-01
  2.708981e+00   2.577831e+01   4.541555e-01
  2.713669e+00   2.540710e+01   4.505696e-01
  2.718358e+00   2.515143e+01   4.479198e-01
  2.723046e+00   2.466197e+01   4.431149e-01
  2.727734e+00   2.486916e+01   4.445777e-01
  2.732422e+00   2.503749e+01   4.457800e-01
  2.737111e+00   2.433177e+01   4.391013e-01
  2.741799e+00   2.456897e+01   4.408321e-01
  2.746487e+00   2.441570e+01   4.390503e-01
  2.751175e+00   2.456991e+01   4.401271e-01
  2.755864e+00   2.547981e+01   4.478602e-01
  2.760552e+00   2.514279e+01   4.444994e-01
  2.765240e+00   2.504867e+01   4.432499e-01
  2.769928e+00   2.479388e+01   4.406560e-01
  2.774616e+00   2.526823e+01   4.445615e-01
  2.779305e+00   2.569396e+01   4.478874e-01
  2.783993e+00   2.503689e+01   4.417151e-01
  2.788681e+00   2.466223e+01   4.380837e-01
  2.793369e+00   2.453510e+01   4.367315e-01
  2.798058e+00   2.472569e+01   4.379654e-01
  2.802746e+00   2.512281e+01   4.412657e-01
  2.807434e+00   2.484315e+01   4.385550e-01
  2.812122e+00   2.483815e+01   4.379171e-01
  2.816811e+00   2.474544e+01   4.368064e-01
  2.821499e+00   2.504172e+01   4.389840e-01
  2.826187e+00   2.473719e+01   4.359139e-01
  2.830875e+00   2.486734e+01   4.367322e-01
  2.835563e+00   2.516258e+01   4.390163e-01
  2.840252e+00   2.499895e+01   4.371401e-01
  2.844940e+00   2.574352e+01   4.432891e-01
  2.849628e+00   2.547288e+01   4.406117e-01
  2.854316e+00   2.552530e+01   4.407477e-01
  2.859005e+00   2.580756e+01   4.506351e-01
  2.863693e+00   2.534217e+01   4.563479e-01
  2.868381e+00   2.505488e+01   4.597437e-01
  2.873069e+00   2.404823e+01   4.552966e-01
  2.877758e+00   2.521080e+01   4.702370e-01
  2.882446e+00   2.496903e+01   4.708944e-01
  2.887134e+00   2.467398e+01   4.696574e-01
  2.891822e+00   2.529920e+01   4.769586e-01
  2.896510e+00   2.512113e+01   4.765947e-01
  2.901199e+00   2.565759e+01   4.827845e-01
  2.905887e+00   2.541012e+01   4.816529e-01
  2.910575e+00   2.561287e+01   4.846373e-01
  2.915263e+00   2.465570e+01   4.764698e-01
  2.919952e+00   2.464842e+01   4.769364e-01
  2.924640e+00   2.513276e+01   4.685825e-01
  2.929328e+00   2.512623e+01   4.602402e-01
  2.934016e+00   2.464141e+01   4.505639e-01
  2.938704e+00   2.458140e+01   4.459515e-01
  2.943393e+00   2.527499e+01   4.489388e-01
  2.948081e+00   2.568750e+01   4.508243e-01
  2.952769e+00   2.501538e+01   4.437792e-01
  2.957457e+00   2.504920e+01   4.431821e-01
  2.962146e+00   2.532423e+01   4.446568e-01
  2.966834e+00   2.523978e+01   4.432273e-01
  2.971522e+00   2.530528e+01   4.429322e-01
  2.976210e+00   2.554300e+01   4.443155e-01
  2.980899e+00   2.445469e+01   4.340202e-01
  2.985587e+00   2.505964e+01   4.386899e-01
  2.990275e+00   2.503331e+01   4.378260e-01
  2.994963e+00   2.481150e+01   4.353565e-01
  2.999651e+00   2.427650e+01   4.300183e-01
  3.004340e+00   2.500723e+01   4.358540e-01
  3.009028e+00   2.528680e+01   4.377334e-01
  3.013716e+00   2.475835e+01   4.326588e-01
  3.018404e+00   2.417422e+01   4.270059e-01
  3.023093e+00   2.501517e+01   4.338191e-01
  3.027781e+00   2.549653e+01   4.374621e-01
  3.032469e+00   2.502463e+01   4.329568e-01
  3.037157e+00   2.453029e+01   4.282241e-01
  3.041846e+00   2.501241e+01   4.318642e-01
  3.046534e+00   2.523326e+01   4.332903e-01
  3.051222e+00   2.491269e+01   4.302152e-01
  3.055910e+00   2.551540e+01   4.349767e-01
  3.060598e+00   2.533717e+01   4.328222e-01
  3.065287e+00   2.500646e+01   4.295910e-01
  3.069975e+00   2.465985e+01   4.261988e-01
  3.074663e+00   2.463327e+01   4.256151e-01
  3.079351e+00   2.450585e+01   4.240326e-01
  3.084040e+00   2.486529e+01   4.266737e-01
  3.088728e+00   2.560266e+01   4.325915e-01
  3.093416e+00   2.485343e+01   4.259870e-01
  3.098104e+00   2.449445e+01   4.224401e-01
  3.102793e+00   2.482038e+01   4.247946e-01
  3.107481e+00   2.504638e+01   4.263565e-01
  3.112169e+00   2.528459e+01   4.279624e-01
  3.116857e+00   2.522014e+01   4.269879e-01
  3.121545e+00   2.481226e+01   4.230908e-01
  3.126234e+00   2.505124e+01   4.247711e-01
  3.130922e+00   2.490214e+01   4.232028e-01
  3.135610e+00   2.496319e+01   4.233342e-01
  3.140298e+00   2.456427e+01   4.197390e-01
  3.144987e+00   2.539539e+01   4.264317e-01
  3.149675e+00   2.475520e+01   4.204518e-01
  3.154363e+00   2.479846e+01   4.204969e-01
  3.159051e+00   2.495566e+01   4.213708e-01
  3.163739e+00   2.510885e+01   4.223051e-01
  3.168428e+00   2.536473e+01   4.241761e-01
  3.173116e+00   2.536437e+01   4.238894e-01
  3.177804e+00   2.472594e+01   4.180632e-01
  3.182492e+00   2.446008e+01   4.154524e-01
  3.187181e+00   2.483087e+01   4.182734e-01
  3.191869e+00   2.450471e+01   4.151875e-01
  3.196557e+00   2.461561e+01   4.157378e-01
  3.201245e+00   2.490537e+01   4.178290e-01
  3.205934e+00   2.443855e+01   4.135790e-01
  3.210622e+00   2.437752e+01   4.127966e-01
  3.215310e+00   2.489975e+01   4.167807e-01
  3.219998e+00   2.460409e+01   4.138157e-01
  3.224686e+00   2.491564e+01   4.157508e-01
  3.229375e+00   2.456857e+01   4.120722e-01
  3.234063e+00   2.447763e+01   4.108004e-01
  3.238751e+00   2.473653e+01   4.126123e-01
  3.243439e+00   2.446376e+01   4.100073e-01
  3.248128e+00   2.458345e+01   4.107363e-01
  3.252816e+00   2.497746e+01   4.136981e-01
  3.257504e+00   2.458302e+01   4.100300e-01
  3.262192e+00   2.454192e+01   4.094134e-01
  3.266881e+00   2.515369e+01   4.141769e-01
  3.271569e+00   2.462481e+01   4.095060e-01
  3.276257e+00   2.462411e+01   4.092008e-01
  3.280945e+00   2.460197e+01   4.090823e-01
  3.285633e+00   2.457778e+01   4.090229e-01
  3.290322e+00   2.487405e+01   4.114408e-01
  3.295010e+00   2.513856e+01   4.132763e-01
  3.299698e+00   2.448968e+01   4.076005e-01
  3.304386e+00   2.472774e+01   4.092578e-01
  3.309075e+00   2.482634e+01   4.098222e-01
  3.313763e+00   2.531594e+01   4.135017e-01
  3.318451e+00   2.488019e+01   4.095859e-01
  3.323139e+00   2.491760e+01   4.096309e-01
  3.327828e+00   2.505095e+01   4.104013e-01
  3.332516e+00   2.497932e+01   4.095618e-01
  3.337204e+00   2.514149e+01   4.105035e-01
  3.341892e+00   2.482677e+01   4.077270e-01
  3.346580e+00   2.471289e+01   4.064915e-01
  3.351269e+00   2.466284e+01   4.057409e-01
  3.355957e+00   2.459708e+01   4.056738e-01
  3.360645e+00   2.449596e+01   4.147489e-01
  3.365333e+00   2.474897e+01   4.234841e-01
  3.370022e+00   2.422663e+01   4.235857e-01
  3.374710e+00   2.452997e+01   4.283299e-01
  3.379398e+00   2.462077e+01   4.307235e-01
  3.384086e+00   2.455238e+01   4.315186e-01
  3.388774e+00   2.473272e+01   4.335882e-01
  3.393463e+00   2.469349e+01   4.328803e-01
  3.398151e+00   2.433473e+01   4.301427e-01
  3.402839e+00   2.428028e+01   4.306130e-01
  3.407527e+00   2.443629e+01   4.329526e-01
  3.412216e+00   2.499474e+01   4.387046e-01
  3.416904e+00   2.465479e+01   4.365258e-01
  3.421592e+00   2.404239e+01   4.318979e-01
  3.426280e+00   2.423835e+01   4.343699e-01
  3.430969e+00   2.502141e+01   4.421112e-01
  3.435657e+00   2.473916e+01   4.403467e-01
  3.440345e+00   2.471696e+01   4.407130e-01
  3.445033e+00   2.488754e+01   4.429098e-01
  3.449721e+00   2.512291e+01   4.457293e-01
  3.454410e+00   2.470187e+01   4.424780e-01
  3.459098e+00   2.482438e+01   4.441502e-01
  3.463786e+00   2.514393e+01   4.475686e-01
  3.468474e+00   2.484100e+01   4.454400e-01
  3.473163e+00   2.508759e+01   4.481249e-01
  3.477851e+00   2.423786e+01   4.410228e-01
  3.482539e+00   2.498717e+01   4.484869e-01
  3.487227e+00   2.489388e+01   4.479290e-01
  3.491916e+00   2.384465e+01   4.389078e-01
  3.496604e+00   2.415504e+01   4.422036e-01
  3.501292e+00   2.430717e+01   4.440453e-01
  3.505980e+00   2.462128e+01   4.473782e-01
  3.510668e+00   2.463514e+01   4.479485e-01
  3.515357e+00   2.471908e+01   4.490918e-01
  3.520045e+00   2.502705e+01   4.523827e-01
  3.524733e+00   2.449503e+01   4.479257e-01
  3.529421e+00   2.457518e+01   4.490343e-01
  3.534110e+00   2.490589e+01   4.525003e-01
  3.538798e+00   2.499542e+01   4.536650e-01
  3.543486e+00   2.444854e+01   4.490693e-01
  3.548174e+00   2.401631e+01   4.454757e-01
  3.552863e+00   2.430085e+01   4.484526e-01
  3.557551e+00   2.513965e+01   4.564714e-01
  3.562239e+00   2.483256e+01   4.540828e-01
  3.566927e+00   2.458557e+01   4.521655e-01
  3.571615e+00   2.461465e+01   4.527517e-01
  3.576304e+00   2.519906e+01   4.584214e-01
  3.580992e+00   2.454065e+01   4.526781e-01
  3.585680e+00   2.451869e+01   4.522118e-01
  3.590368e+00   2.485172e+01   4.548444e-01
  3.595057e+00   2.465776e+01   4.526624e-01
  3.599745e+00   2.509513e+01   4.562625e-01
  3.604433e+00   2.498796e+01   4.550131e-01
  3.609121e+00   2.462740e+01   4.521884e-01
  3.613809e+00   2.463672e+01   4.523374e-01
  3.618498e+00   2.448415e+01   4.511711e-01
  3.623186e+00   2.421771e+01   4.490288e-01
  3.627874e+00   2.472544e+01   4.539884e-01
  3.632562e+00   2.497639e+01   4.565265e-01
  3.637251e+00   2.511589e+01   4.581110e-01
  3.641939e+00   2.460477e+01   4.536841e-01
  3.646627e+00   2.456474e+01   4.536233e-01
  3.651315e+00   2.451882e+01   4.534203e-01
  3.656004e+00   2.458669e+01   4.545060e-01
  3.660692e+00   2.442140e+01   4.599720e-01
  3.665380e+00   2.529016e+01   4.848267e-01
  3.670068e+00   2.505951e+01   4.909513e-01
  3.674756e+00   2.479689e+01   4.960596e-01
  3.679445e+00   2.448737e+01   4.988498e-01
  3.684133e+00   2.469738e+01   5.044066e-01
  3.688821e+00   2.445092e+01   5.049827e-01
  3.693509e+00   2.499736e+01   5.136169e-01
  3.698198e+00   2.480163e+01   5.143996e-01
  3.702886e+00   2.490905e+01   5.183281e-01
  3.707574e+00   2.443940e+01   5.159886e-01
  3.712262e+00   2.451573e+01   5.194141e-01
  3.716951e+00   2.457157e+01   5.224760e-01
  3.721639e+00   2.467774e+01   5.260976e-01
  3.726327e+00   2.526562e+01   5.347238e-01
  3.731015e+00   2.453794e+01   5.293884e-01
  3.735703e+00   2.444232e+01   5.306497e-01
  3.740392e+00   2.477342e+01   5.365968e-01
  3.745080e+00   2.460622e+01   5.370064e-01
  3.749768e+00   2.474693e+01   5.408324e-01
  3.754456e+00   2.485540e+01   5.442394e-01
  3.759145e+00   2.366038e+01   5.331928e-01
  3.763833e+00   2.447687e+01   5.444784e-01
  3.768521e+00   2.444413e+01   5.463103e-01
  3.773209e+00   2.488382e+01   5.533515e-01
  3.777897e+00   2.416840e+01   5.474983e-01
  3.782586e+00   2.501969e+01   5.591980e-01
  3.787274e+00   2.491702e+01   5.602109e-01
  3.791962e+00   2.497037e+01   5.629570e-01
  3.796650e+00   2.529362e+01   5.687347e-01
  3.801339e+00   2.474253e+01   5.646192e-01
  3.806027e+00   2.463979e+01   5.655527e-01
  3.810715e+00   2.463848e+01   5.676449e-01
  3.815403e+00   2.441788e+01   5.671797e-01
  3.820092e+00   2.551272e+01   5.818940e-01
  3.824780e+00   2.495621e+01   5.776239e-01
  3.829468e+00   2.449046e+01   5.743221e-01
  3.834156e+00   2.453038e+01   5.768376e-01
  3.838844e+00   2.375080e+01   5.696747e-01
  3.843533e+00   2.392722e+01   5.738249e-01
  3.848221e+00   2.480404e+01   5.863235e-01
  3.852909e+00   2.531134e+01   5.944293e-01
  3.857597e+00   2.468056e+01   5.890748e-01
  3.862286e+00   2.430232e+01   5.866259e-01
  3.866974e+00   2.526955e+01   6.002944e-01
  3.871662e+00   2.442608e+01   5.924084e-01
  3.876350e+00   2.480959e+01   5.992435e-01
  3.881039e+00   2.432791e+01   5.953003e-01
  3.885727e+00   2.491437e+01   6.045520e-01
  3.890415e+00   2.555218e+01   6.143366e-01
  3.895103e+00   2.560858e+01   6.172414e-01
  3.899791e+00   2.472779e+01   6.085973e-01
  3.904480e+00   2.548668e+01   6.200706e-01
  3.909168e+00   2.502135e+01   6.164979e-01
  3.913856e+00   2.489442e+01   6.171693e-01
  3.918544e+00   2.528127e+01   6.240159e-01
  3.923233e+00   2.446183e+01   6.160327e-01
  3.927921e+00   2.422426e+01   6.151004e-01
  3.932609e+00   2.415012e+01   6.162376e-01
  3.937297e+00   2.475846e+01   6.250724e-01
  3.941986e+00   2.541126e+01   6.340558e-01
  3.946674e+00   2.511867e+01   6.310378e-01
  3.951362e+00   2.435630e+01   6.210288e-01
  3.956050e+00   2.453522e+01   6.222550e-01
  3.960738e+00   2.416227e+01   6.173463e-01
  3.965427e+00   2.535058e+01   6.331006e-01
  3.970115e+00   2.554036e+01   6.374307e-01
  3.974803e+00   2.485143e+01   6.307889e-01
  3.979491e+00   2.509105e+01   6.355972e-01
  3.984180e+00   2.468014e+01   6.324947e-01
  3.988868e+00   2.490755e+01   6.375175e-01
  3.993556e+00   2.531628e+01   6.448790e-01
  3.998244e+00   2.531932e+01   6.471194e-01
  4.002932e+00   2.505937e+01   6.459864e-01
  4.007621e+00   2.366659e+01   6.298541e-01
  4.012309e+00   2.432924e+01   6.407674e-01
  4.016997e+00   2.505654e+01   6.524833e-01
  4.021685e+00   2.467635e+01   6.497436e-01
  4.026374e+00   2.356500e+01   6.370931e-01
  4.031062e+00   2.456788e+01   6.527066e-01
  4.035750e+00   2.448313e+01   6.537870e-01
  4.040438e+00   2.485377e+01   6.609950e-01
  4.045127e+00   2.428959e+01   6.556882e-01
  4.049815e+00   2.453438e+01   6.612355e-01
  4.054503e+00   2.509268e+01   6.709965e-01
  4.059191e+00   2.517062e+01   6.743856e-01
  4.063879e+00   2.529124e+01   6.783440e-01
  4.068568e+00   2.443035e+01   6.689910e-01
  4.073256e+00   2.464346e+01   6.742126e-01
  4.077944e+00   2.465578e+01   6.767539e-01
  4.082632e+00   2.560770e+01   6.920915e-01
  4.087321e+00   2.462725e+01   6.810984e-01
  4.092009e+00   2.419454e+01   6.774488e-01
  4.096697e+00   2.542316e+01   6.968796e-01
  4.101385e+00   2.461265e+01   6.880648e-01
  4.106074e+00   2.508617e+01   6.971502e-01
  4.110762e+00   2.527958e+01   7.023388e-01
  4.115450e+00   2.372975e+01   6.828781e-01
  4.120138e+00   2.525047e+01   7.068836e-01
  4.124826e+00   2.448494e+01   6.985962e-01
  4.129515e+00   2.398700e+01   6.939839e-01
  4.134203e+00   2.480572e+01   7.082313e-01
  4.138891e+00   2.534847e+01   7.185424e-01
  4.143579e+00   2.519270e+01   7.189286e-01
  4.148268e+00   2.494253e+01   7.180005e-01
  4.152956e+00   2.497152e+01   7.210271e-01
  4.157644e+00   2.446113e+01   7.161559e-01
  4.162332e+00   2.491151e+01   7.254841e-01
  4.167021e+00   2.467324e+01   7.246712e-01
  4.171709e+00   2.579181e+01   7.435887e-01
  4.176397e+00   2.538214e+01   7.404571e-01
  4.181085e+00   2.422311e+01   7.260535e-01
  4.185773e+00   2.512550e+01   7.422976e-01
  4.190462e+00   2.456165e+01   7.367531e-01
  4.195150e+00   2.548553e+01   7.542184e-01
  4.199838e+00   2.384801e+01   7.316501e-01
  4.204526e+00   2.272840e+01   7.167396e-01
  4.209215e+00   2.473471e+01   7.505936e-01
  4.213903e+00   2.549185e+01   7.649285e-01
  4.218591e+00   2.550619e+01   7.680976e-01
  4.223279e+00   2.548365e+01   7.707867e-01
  4.227967e+00   2.488437e+01   7.646050e-01
  4.232656e+00   2.462671e+01   7.636397e-01
  4.237344e+00   2.533630e+01   7.776635e-01
  4.242032e+00   2.479234e+01   7.722941e-01
  4.246720e+00   2.461619e+01   7.725534e-01
  4.251409e+00   2.551008e+01   7.897527e-01
  4.256097e+00   2.514923e+01   7.872204e-01
  4.260785e+00   2.493497e+01   7.870234e-01
  4.265473e+00   2.432277e+01   7.812394e-01
  4.270162e+00   2.438821e+01   7.862234e-01
  4.274850e+00   2.423674e+01   7.893946e-01
  4.279538e+00   2.346394e+01   7.801969e-01
  4.284226e+00   2.420835e+01   7.923656e-01
  4.288914e+00   2.334312e+01   7.805268e-01
  4.293603e+00   2.458682e+01   8.044659e-01
  4.298291e+00   2.434732e+01   8.040600e-01
  4.302979e+00   2.508492e+01   8.194628e-01
  4.307667e+00   2.367029e+01   7.994832e-01
  4.312356e+00   2.394497e+01   8.076761e-01
  4.317044e+00   2.486035e+01   8.264016e-01
  4.321732e+00   2.524756e+01   8.365010e-01
  4.326420e+00   2.519267e+01   8.393416e-01
  4.331109e+00   2.510743e+01   8.415074e-01
  4.335797e+00   2.479482e+01   8.400149e-01
  4.340485e+00   2.467397e+01   8.425377e-01
  4.345173e+00   2.384566e+01   8.314391e-01
  4.349861e+00   2.448313e+01   8.460625e-01
  4.354550e+00   2.435018e+01   8.476779e-01
  4.359238e+00   2.488349e+01   8.608159e-01
  4.363926e+00   2.531784e+01   8.723018e-01
  4.368614e+00   2.549903e+01   8.794918e-01
  4.373303e+00   2.420034e+01   8.609079e-01
  4.377991e+00   2.475079e+01   8.747137e-01
  4.382679e+00   2.479414e+01   8.796299e-01
  4.387367e+00   2.462816e+01   8.809998e-01
  4.392056e+00   2.454994e+01   8.837957e-01
  4.396744e+00   2.573944e+01   9.093236e-01
  4.401432e+00   2.515391e+01   9.042949e-01
  4.406120e+00   2.550633e+01   9.131781e-01
  4.410808e+00   2.389095e+01   8.844028e-01
  4.415497e+00   2.397370e+01   8.865232e-01
  4.420185e+00   2.446456e+01   8.961069e-01
  4.424873e+00   2.372202e+01   8.830743e-01
  4.429561e+00   2.283913e+01   8.670774e-01
  4.434250e+00   2.419118e+01   8.929921e-01
  4.438938e+00   2.473097e+01   9.035822e-01
  4.443626e+00   2.504108e+01   9.097422e-01
  4.448314e+00   2.447337e+01   9.015222e-01
  4.453002e+00   2.376662e+01   8.926826e-01
  4.457691e+00   2.438857e+01   9.088879e-01
  4.462379e+00   2.500221e+01   9.248974e-01
  4.467067e+00   2.457846e+01   9.216999e-01
  4.471755e+00   2.437334e+01   9.225606e-01
  4.476444e+00   2.389247e+01   9.182107e-01
  4.481132e+00   2.391647e+01   9.234881e-01
  4.485820e+00   2.438579e+01   9.375074e-01
  4.490508e+00   2.599741e+01   9.731359e-01
  4.495197e+00   2.333537e+01   9.269195e-01
  4.499885e+00   2.336708e+01   9.325696e-01
  4.504573e+00   2.494158e+01   9.687384e-01
  4.509261e+00   2.443752e+01   9.642268e-01
  4.513949e+00   2.550651e+01   9.906451e-01
  4.518638e+00   2.507630e+01   9.878049e-01
  4.523326e+00   2.392059e+01   9.702943e-01
  4.528014e+00   2.358898e+01   9.690694e-01
  4.532702e+00   2.397698e+01   9.826615e-01
  4.537391e+00   2.482303e+01   1.005690e+00
  4.542079e+00   2.533092e+01   1.022012e+00
  4.546767e+00   2.530629e+01   1.027654e+00
  4.551455e+00   2.468251e+01   1.021023e+00
  4.556144e+00   2.416649e+01   1.016453e+00
  4.560832e+00   2.502571e+01   1.040731e+00
  4.565520e+00   2.483279e+01   1.043159e+00
  4.570208e+00   2.532226e+01   1.060144e+00
  4.574896e+00   2.611862e+01   1.083631e+00
  4.579585e+00   2.587536e+01   1.085507e+00
  4.584273e+00   2.577110e+01   1.090362e+00
  4.588961e+00   2.514395e+01   1.084103e+00
  4.593649e+00   2.458886e+01   1.079209e+00
  4.598338e+00   2.299763e+01   1.050909e+00
  4.603026e+00   2.403308e+01   1.081642e+00
  4.607714e+00   2.325624e+01   1.071361e+00
  4.612402e+00   2.384407e+01   1.092397e+00
  4.617091e+00   2.528099e+01   1.132784e+00
  4.621779e+00   2.434880e+01   1.119829e+00
  4.626467e+00   2.412252e+01   1.122778e+00
  4.631155e+00   2.498381e+01   1.151055e+00
  4.635843e+00   2.446777e+01   1.147593e+00
  4.640532e+00   2.559052e+01   1.182494e+00
  4.645220e+00   2.519012e+01   1.182378e+00
  4.649908e+00   2.519408e+01   1.191755e+00
  4.654596e+00   2.534564e+01   1.204747e+00
  4.659285e+00   2.488669e+01   1.203336e+00
  4.663973e+00   2.535227e+01   1.224390e+00
  4.668661e+00   2.409979e+01   1.203876e+00
  4.673349e+00   2.501802e+01   1.236887e+00
  4.678037e+00   2.544020e+01   1.257875e+00
  4.682726e+00   2.564781e+01   1.273882e+00
  4.687414e+00   2.397226e+01   1.242483e+00
  4.692102e+00   2.496844e+01   1.279592e+00
  4.696790e+00   2.451301e+01   1.279356e+00
  4.701479e+00   2.509444e+01   1.306365e+00
  4.706167e+00   2.468023e+01   1.307681e+00
  4.710855e+00   2.469810e+01   1.321022e+00
  4.715543e+00   2.612354e+01   1.371867e+00
  4.720232e+00   2.560478e+01   1.371609e+00
  4.724920e+00   2.488060e+01   1.365691e+00
  4.729608e+00   2.624143e+01   1.417277e+00
  4.734296e+00   2.691286e+01   1.450549e+00
  4.738984e+00   2.426629e+01   1.392091e+00
  4.743673e+00   2.414798e+01   1.403835e+00
  4.748361e+00   2.636732e+01   1.483562e+00
  4.753049e+00   2.403334e+01   1.432812e+00
  4.757737e+00   2.562405e+01   1.496668e+00
  4.762426e+00   2.553923e+01   1.511946e+00
  4.767114e+00   2.518982e+01   1.520217e+00
  4.771802e+00   2.518516e+01   1.539528e+00
  4.776490e+00   2.393912e+01   1.520121e+00
  4.781179e+00   2.499766e+01   1.573669e+00
  4.785867e+00   2.671887e+01   1.649254e+00
  4.790555e+00   2.531185e+01   1.627772e+00
  4.795243e+00   2.490827e+01   1.637580e+00
  4.799931e+00   2.384509e+01   1.625544e+00
  4.804620e+00   2.432444e+01   1.667100e+00
  4.809308e+00   2.547887e+01   1.732813e+00
  4.813996e+00   2.600364e+01   1.778363e+00
  4.818684e+00   2.418703e+01   1.743199e+00
  4.823373e+00   2.500214e+01   1.803601e+00
  4.828061e+00   2.489561e+01   1.831706e+00
  4.832749e+00   2.519216e+01   1.876029e+00
  4.837437e+00   2.690474e+01   1.975678e+00
  4.842125e+00   2.343515e+01   1.880996e+00
  4.846814e+00   2.261077e+01   1.885112e+00
  4.851502e+00   2.359653e+01   1.966430e+00
  4.856190e+00   2.382474e+01   2.020897e+00
  4.860878e+00   2.467834e+01   2.104815e+00
  4.865567e+00   2.456892e+01   2.150823e+00
  4.870255e+00   2.131267e+01   2.054985e+00
  4.874943e+00   2.424253e+01   2.252928e+00
  4.879631e+00   2.289491e+01   2.251164e+00
  4.884320e+00   2.237066e+01   2.291697e+00
  4.889008e+00   2.544783e+01   2.524656e+00
  4.893696e+00   2.513137e+01   2.595068e+00
  4.898384e+00   2.466062e+01   2.664088e+00
  4.903072e+00   2.737144e+01   2.918546e+00
  4.907761e+00   2.278924e+01   2.814234e+00
  4.912449e+00   2.705747e+01   4.237019e+00
  4.917137e+00   3.743189e+01   1.370020e+01
