# GI Buffer
# Sample c= 0.0 mg/ml
#
# Sample environment:
# Detector = Pilatus
# PixelSize_1 = 0.000172
# PixelSize_2 = 0.000172
#
# title = GI Buffer
# Frame 62 of 120
# Time per frame (s) = 1.0
# SampleDistance = 2.869
# WaveLength = 9.919e-11
# Normalization = 0.001062898
# DiodeCurr = 8.734512e-05
# MachCurr = 68.87232
# Mask = /data/bm29/archive/CALIBRATION/MASK/BM29/Pcon_19thNovember2015_7keV_v3.edf
#
# N 3
# L q*nm  I_GI Buffer  stddev
#
# Sample Information:
# Storage Temperature (degrees C): 20.0
# Measurement Temperature (degrees C): 20.08
# Concentration: 0.0
# Code: GIBuffer
  3.200246e-02   1.516962e+02   1.849687e+01
  3.669069e-02   4.565554e+02   1.456883e+01
  4.137892e-02   6.889614e+02   1.333187e+01
  4.606715e-02   5.795913e+02   1.012482e+01
  5.075538e-02   3.912328e+02   7.556215e+00
  5.544361e-02   2.804153e+02   5.910109e+00
  6.013183e-02   2.043559e+02   4.823699e+00
  6.482006e-02   1.670161e+02   4.183919e+00
  6.950829e-02   1.307909e+02   3.552597e+00
  7.419652e-02   1.027489e+02   3.022600e+00
  7.888475e-02   9.216833e+01   2.767432e+00
  8.357298e-02   7.932317e+01   2.490891e+00
  8.826121e-02   7.174410e+01   2.301815e+00
  9.294944e-02   6.341895e+01   2.100726e+00
  9.763767e-02   5.749005e+01   1.944959e+00
  1.023259e-01   5.219728e+01   1.809168e+00
  1.070141e-01   4.897822e+01   1.712452e+00
  1.117024e-01   4.481009e+01   1.600844e+00
  1.163906e-01   4.444783e+01   1.555756e+00
  1.210788e-01   4.226864e+01   1.487315e+00
  1.257670e-01   4.147698e+01   1.445018e+00
  1.304553e-01   3.905328e+01   1.377467e+00
  1.351435e-01   3.945015e+01   1.356557e+00
  1.398317e-01   3.633773e+01   1.279464e+00
  1.445200e-01   3.633536e+01   1.258278e+00
  1.492082e-01   3.366366e+01   1.191809e+00
  1.538964e-01   3.296518e+01   1.158618e+00
  1.585846e-01   3.407071e+01   1.159198e+00
  1.632729e-01   3.231140e+01   1.112477e+00
  1.679611e-01   3.195715e+01   1.090790e+00
  1.726493e-01   3.156582e+01   1.068027e+00
  1.773376e-01   3.139179e+01   1.049160e+00
  1.820258e-01   3.235831e+01   1.051510e+00
  1.867140e-01   3.139382e+01   1.022686e+00
  1.914022e-01   2.863593e+01   9.644021e-01
  1.960905e-01   2.898762e+01   9.568015e-01
  2.007787e-01   2.813542e+01   9.325778e-01
  2.054669e-01   2.979345e+01   9.487133e-01
  2.101552e-01   2.910461e+01   9.271777e-01
  2.148434e-01   2.811137e+01   8.995506e-01
  2.195316e-01   2.908060e+01   9.049352e-01
  2.242199e-01   2.715857e+01   8.654510e-01
  2.289081e-01   2.736296e+01   8.597948e-01
  2.335963e-01   2.750584e+01   8.523697e-01
  2.382845e-01   2.758539e+01   8.446146e-01
  2.429728e-01   2.858459e+01   8.515654e-01
  2.476610e-01   2.675817e+01   8.161485e-01
  2.523492e-01   2.834018e+01   8.316560e-01
  2.570375e-01   2.827838e+01   8.222328e-01
  2.617257e-01   2.813368e+01   8.128852e-01
  2.664139e-01   2.812471e+01   8.056695e-01
  2.711021e-01   2.652401e+01   7.756427e-01
  2.757904e-01   2.624029e+01   7.640817e-01
  2.804786e-01   2.643186e+01   7.608026e-01
  2.851668e-01   2.775959e+01   7.733573e-01
  2.898551e-01   2.708461e+01   7.572986e-01
  2.945433e-01   2.660790e+01   7.445573e-01
  2.992315e-01   2.712760e+01   7.625952e-01
  3.039197e-01   2.677518e+01   7.636107e-01
  3.086080e-01   2.590110e+01   7.532194e-01
  3.132962e-01   2.823219e+01   7.867942e-01
  3.179844e-01   2.718886e+01   7.719679e-01
  3.226727e-01   2.666608e+01   7.644888e-01
  3.273609e-01   2.609015e+01   7.553452e-01
  3.320491e-01   2.732858e+01   7.716757e-01
  3.367374e-01   2.642680e+01   7.568396e-01
  3.414256e-01   2.645459e+01   7.556988e-01
  3.461138e-01   2.589082e+01   7.460749e-01
  3.508020e-01   2.714939e+01   7.621564e-01
  3.554903e-01   2.795948e+01   7.705572e-01
  3.601785e-01   2.804269e+01   7.702297e-01
  3.648667e-01   2.689491e+01   7.597370e-01
  3.695550e-01   2.706036e+01   7.793303e-01
  3.742432e-01   2.683195e+01   7.848055e-01
  3.789314e-01   2.647369e+01   7.869101e-01
  3.836196e-01   2.580412e+01   7.818697e-01
  3.883079e-01   2.740452e+01   8.101281e-01
  3.929961e-01   2.599828e+01   7.962766e-01
  3.976843e-01   2.650771e+01   8.149665e-01
  4.023726e-01   2.538859e+01   8.054881e-01
  4.070608e-01   2.641559e+01   8.249660e-01
  4.117490e-01   2.633924e+01   8.253927e-01
  4.164372e-01   2.549982e+01   8.134978e-01
  4.211255e-01   2.629351e+01   8.277127e-01
  4.258137e-01   2.541522e+01   8.144581e-01
  4.305019e-01   2.556335e+01   8.160661e-01
  4.351902e-01   2.664165e+01   8.313822e-01
  4.398784e-01   2.638125e+01   8.263077e-01
  4.445666e-01   2.727576e+01   8.498251e-01
  4.492548e-01   2.706372e+01   8.754208e-01
  4.539431e-01   2.602264e+01   8.749394e-01
  4.586313e-01   2.545618e+01   8.784134e-01
  4.633195e-01   2.601289e+01   8.998423e-01
  4.680078e-01   2.796933e+01   9.440861e-01
  4.726960e-01   2.726108e+01   9.420195e-01
  4.773842e-01   2.641669e+01   9.365380e-01
  4.820725e-01   2.690707e+01   9.542735e-01
  4.867607e-01   2.584980e+01   9.442701e-01
  4.914489e-01   2.745395e+01   9.816236e-01
  4.961371e-01   2.634134e+01   9.694505e-01
  5.008254e-01   2.630584e+01   9.767592e-01
  5.055136e-01   2.573961e+01   9.742827e-01
  5.102018e-01   2.603711e+01   9.574245e-01
  5.148901e-01   2.660628e+01   9.340169e-01
  5.195783e-01   2.706424e+01   9.261883e-01
  5.242665e-01   2.693568e+01   9.131528e-01
  5.289547e-01   2.677975e+01   9.018508e-01
  5.336430e-01   2.602627e+01   8.813642e-01
  5.383312e-01   2.521325e+01   8.611804e-01
  5.430194e-01   2.853682e+01   9.106667e-01
  5.477077e-01   2.703162e+01   8.814039e-01
  5.523959e-01   2.564738e+01   8.537591e-01
  5.570841e-01   2.659158e+01   8.645846e-01
  5.617723e-01   2.657531e+01   8.606579e-01
  5.664606e-01   2.614322e+01   8.498854e-01
  5.711488e-01   2.635829e+01   8.500060e-01
  5.758370e-01   2.615753e+01   8.420361e-01
  5.805253e-01   2.699099e+01   8.500695e-01
  5.852135e-01   2.711356e+01   8.465412e-01
  5.899017e-01   2.686403e+01   8.368021e-01
  5.945900e-01   2.547668e+01   8.083682e-01
  5.992782e-01   2.572826e+01   8.071223e-01
  6.039664e-01   2.543166e+01   7.977443e-01
  6.086546e-01   2.682656e+01   8.144478e-01
  6.133429e-01   2.636135e+01   8.021445e-01
  6.180311e-01   2.652953e+01   7.999496e-01
  6.227193e-01   2.527710e+01   7.765384e-01
  6.274076e-01   2.604241e+01   7.849160e-01
  6.320958e-01   2.603436e+01   7.826095e-01
  6.367840e-01   2.538363e+01   7.705476e-01
  6.414722e-01   2.498902e+01   7.629973e-01
  6.461605e-01   2.614324e+01   7.786112e-01
  6.508487e-01   2.598387e+01   7.745723e-01
  6.555369e-01   2.713046e+01   7.891113e-01
  6.602252e-01   2.624208e+01   7.744406e-01
  6.649134e-01   2.559856e+01   7.632929e-01
  6.696016e-01   2.547638e+01   7.598882e-01
  6.742898e-01   2.587148e+01   7.636145e-01
  6.789781e-01   2.671089e+01   7.742165e-01
  6.836663e-01   2.624850e+01   7.658678e-01
  6.883545e-01   2.585656e+01   7.587183e-01
  6.930428e-01   2.494519e+01   7.431989e-01
  6.977310e-01   2.572237e+01   7.529736e-01
  7.024192e-01   2.569024e+01   7.509901e-01
  7.071074e-01   2.681862e+01   7.658370e-01
  7.117957e-01   2.655276e+01   7.602999e-01
  7.164839e-01   2.628647e+01   7.545187e-01
  7.211721e-01   2.686053e+01   7.612702e-01
  7.258604e-01   2.536883e+01   7.383204e-01
  7.305486e-01   2.496822e+01   7.312268e-01
  7.352368e-01   2.517951e+01   7.320521e-01
  7.399251e-01   2.570455e+01   7.384485e-01
  7.446133e-01   2.682532e+01   7.530257e-01
  7.493015e-01   2.604832e+01   7.411799e-01
  7.539897e-01   2.638977e+01   7.438581e-01
  7.586780e-01   2.554441e+01   7.299594e-01
  7.633662e-01   2.668668e+01   7.446347e-01
  7.680544e-01   2.679909e+01   7.449015e-01
  7.727427e-01   2.597933e+01   7.317562e-01
  7.774309e-01   2.633738e+01   7.350692e-01
  7.821191e-01   2.575286e+01   7.255986e-01
  7.868073e-01   2.627541e+01   7.316123e-01
  7.914956e-01   2.574934e+01   7.227017e-01
  7.961838e-01   2.583257e+01   7.222245e-01
  8.008720e-01   2.556511e+01   7.171575e-01
  8.055603e-01   2.487336e+01   7.060623e-01
  8.102485e-01   2.659110e+01   7.288163e-01
  8.149367e-01   2.656574e+01   7.266076e-01
  8.196249e-01   2.605474e+01   7.182188e-01
  8.243132e-01   2.558306e+01   7.105541e-01
  8.290014e-01   2.563364e+01   7.099370e-01
  8.336896e-01   2.597812e+01   7.130391e-01
  8.383779e-01   2.612207e+01   7.136486e-01
  8.430661e-01   2.638848e+01   7.160597e-01
  8.477543e-01   2.634635e+01   7.141773e-01
  8.524425e-01   2.593567e+01   7.072053e-01
  8.571308e-01   2.674270e+01   7.169656e-01
  8.618190e-01   2.639163e+01   7.107922e-01
  8.665072e-01   2.563139e+01   6.990968e-01
  8.711955e-01   2.544909e+01   6.953610e-01
  8.758837e-01   2.564657e+01   6.964709e-01
  8.805719e-01   2.598240e+01   6.997874e-01
  8.852602e-01   2.652267e+01   7.058952e-01
  8.899484e-01   2.639351e+01   7.030255e-01
  8.946366e-01   2.573316e+01   6.924091e-01
  8.993248e-01   2.654214e+01   7.021899e-01
  9.040131e-01   2.664302e+01   7.022379e-01
  9.087013e-01   2.536676e+01   6.841430e-01
  9.133895e-01   2.571832e+01   6.873426e-01
  9.180778e-01   2.605783e+01   6.907057e-01
  9.227660e-01   2.648647e+01   6.950604e-01
  9.274542e-01   2.527361e+01   6.779533e-01
  9.321424e-01   2.562234e+01   6.813297e-01
  9.368307e-01   2.604947e+01   6.855199e-01
  9.415189e-01   2.672310e+01   6.932516e-01
  9.462071e-01   2.742795e+01   7.012769e-01
  9.508954e-01   2.574311e+01   6.781245e-01
  9.555836e-01   2.572299e+01   6.764652e-01
  9.602718e-01   2.624687e+01   6.822249e-01
  9.649600e-01   2.556387e+01   6.722102e-01
  9.696483e-01   2.603160e+01   6.773125e-01
  9.743365e-01   2.570195e+01   6.714439e-01
  9.790247e-01   2.530412e+01   6.652687e-01
  9.837130e-01   2.638237e+01   6.781489e-01
  9.884012e-01   2.578076e+01   6.693509e-01
  9.930894e-01   2.644801e+01   6.766201e-01
  9.977777e-01   2.550278e+01   6.632425e-01
  1.002466e+00   2.501300e+01   6.558557e-01
  1.007154e+00   2.562976e+01   6.628103e-01
  1.011842e+00   2.630496e+01   6.703795e-01
  1.016531e+00   2.689032e+01   6.764393e-01
  1.021219e+00   2.529201e+01   6.549919e-01
  1.025907e+00   2.605128e+01   6.638278e-01
  1.030595e+00   2.612582e+01   6.637236e-01
  1.035283e+00   2.650024e+01   6.669729e-01
  1.039972e+00   2.664217e+01   6.678500e-01
  1.044660e+00   2.563723e+01   6.542078e-01
  1.049348e+00   2.632188e+01   6.617394e-01
  1.054036e+00   2.667363e+01   6.648793e-01
  1.058725e+00   2.557867e+01   6.501170e-01
  1.063413e+00   2.606503e+01   6.552303e-01
  1.068101e+00   2.507051e+01   6.416956e-01
  1.072789e+00   2.538556e+01   6.445034e-01
  1.077478e+00   2.582509e+01   6.489974e-01
  1.082166e+00   2.585417e+01   6.483529e-01
  1.086854e+00   2.611301e+01   6.506568e-01
  1.091542e+00   2.483978e+01   6.336384e-01
  1.096230e+00   2.616835e+01   6.490377e-01
  1.100919e+00   2.549335e+01   6.397198e-01
  1.105607e+00   2.583431e+01   6.431242e-01
  1.110295e+00   2.564879e+01   6.398075e-01
  1.114983e+00   2.560498e+01   6.382044e-01
  1.119672e+00   2.679442e+01   6.519324e-01
  1.124360e+00   2.624129e+01   6.440876e-01
  1.129048e+00   2.602811e+01   6.405023e-01
  1.133736e+00   2.571577e+01   6.354737e-01
  1.138425e+00   2.579150e+01   6.354532e-01
  1.143113e+00   2.568403e+01   6.331888e-01
  1.147801e+00   2.626930e+01   6.395593e-01
  1.152489e+00   2.529846e+01   6.264898e-01
  1.157177e+00   2.518234e+01   6.239862e-01
  1.161866e+00   2.573852e+01   6.300707e-01
  1.166554e+00   2.515905e+01   6.220303e-01
  1.171242e+00   2.546441e+01   6.247467e-01
  1.175930e+00   2.642696e+01   6.354405e-01
  1.180619e+00   2.627525e+01   6.327055e-01
  1.185307e+00   2.550942e+01   6.225133e-01
  1.189995e+00   2.561738e+01   6.230388e-01
  1.194683e+00   2.653500e+01   6.328662e-01
  1.199372e+00   2.661660e+01   6.329686e-01
  1.204060e+00   2.681644e+01   6.346483e-01
  1.208748e+00   2.605584e+01   6.250714e-01
  1.213436e+00   2.615405e+01   6.248056e-01
  1.218124e+00   2.655084e+01   6.284662e-01
  1.222813e+00   2.591678e+01   6.200392e-01
  1.227501e+00   2.590859e+01   6.192075e-01
  1.232189e+00   2.571207e+01   6.158196e-01
  1.236877e+00   2.627095e+01   6.214300e-01
  1.241566e+00   2.579403e+01   6.150289e-01
  1.246254e+00   2.574485e+01   6.136528e-01
  1.250942e+00   2.567314e+01   6.262305e-01
  1.255630e+00   2.644304e+01   6.527526e-01
  1.260318e+00   2.545798e+01   6.511758e-01
  1.265007e+00   2.565377e+01   6.623303e-01
  1.269695e+00   2.533965e+01   6.657876e-01
  1.274383e+00   2.546679e+01   6.742258e-01
  1.279071e+00   2.481432e+01   6.719519e-01
  1.283760e+00   2.539824e+01   6.858072e-01
  1.288448e+00   2.603478e+01   7.001431e-01
  1.293136e+00   2.644591e+01   7.112271e-01
  1.297824e+00   2.574942e+01   7.070652e-01
  1.302513e+00   2.446273e+01   6.932753e-01
  1.307201e+00   2.468766e+01   6.984602e-01
  1.311889e+00   2.554184e+01   7.110888e-01
  1.316577e+00   2.625272e+01   6.932101e-01
  1.321265e+00   2.558624e+01   6.673809e-01
  1.325954e+00   2.490599e+01   6.478415e-01
  1.330642e+00   2.541743e+01   6.461329e-01
  1.335330e+00   2.559393e+01   6.412917e-01
  1.340018e+00   2.601261e+01   6.405083e-01
  1.344707e+00   2.613922e+01   6.366874e-01
  1.349395e+00   2.575458e+01   6.272979e-01
  1.354083e+00   2.681348e+01   6.352108e-01
  1.358771e+00   2.578423e+01   6.187661e-01
  1.363460e+00   2.556578e+01   6.127721e-01
  1.368148e+00   2.625863e+01   6.192686e-01
  1.372836e+00   2.534208e+01   6.067156e-01
  1.377524e+00   2.616722e+01   6.151076e-01
  1.382212e+00   2.578673e+01   6.094137e-01
  1.386901e+00   2.503096e+01   5.991623e-01
  1.391589e+00   2.542109e+01   6.024755e-01
  1.396277e+00   2.575569e+01   6.051506e-01
  1.400965e+00   2.509591e+01   5.962489e-01
  1.405654e+00   2.567335e+01   6.019718e-01
  1.410342e+00   2.560759e+01   6.000871e-01
  1.415030e+00   2.571202e+01   5.999891e-01
  1.419718e+00   2.569232e+01   5.987523e-01
  1.424406e+00   2.656381e+01   6.078830e-01
  1.429095e+00   2.586284e+01   5.987550e-01
  1.433783e+00   2.516714e+01   5.893967e-01
  1.438471e+00   2.567929e+01   5.944430e-01
  1.443159e+00   2.520427e+01   5.880184e-01
  1.447848e+00   2.665574e+01   6.037228e-01
  1.452536e+00   2.588374e+01   5.937968e-01
  1.457224e+00   2.537888e+01   5.870355e-01
  1.461912e+00   2.552741e+01   5.878886e-01
  1.466601e+00   2.557940e+01   5.875922e-01
  1.471289e+00   2.604406e+01   5.918968e-01
  1.475977e+00   2.535668e+01   5.833566e-01
  1.480665e+00   2.586794e+01   5.880716e-01
  1.485353e+00   2.683707e+01   6.075171e-01
  1.490042e+00   2.738877e+01   6.325647e-01
  1.494730e+00   2.619529e+01   6.295467e-01
  1.499418e+00   2.530818e+01   6.267538e-01
  1.504106e+00   2.532844e+01   6.342546e-01
  1.508795e+00   2.549985e+01   6.431519e-01
  1.513483e+00   2.622197e+01   6.356679e-01
  1.518171e+00   2.632261e+01   6.226573e-01
  1.522859e+00   2.625337e+01   6.132985e-01
  1.527548e+00   2.595314e+01   6.032633e-01
  1.532236e+00   2.604672e+01   5.985613e-01
  1.536924e+00   2.531015e+01   5.853458e-01
  1.541612e+00   2.598073e+01   5.899186e-01
  1.546300e+00   2.632299e+01   5.923576e-01
  1.550989e+00   2.594780e+01   5.860260e-01
  1.555677e+00   2.576616e+01   5.809916e-01
  1.560365e+00   2.627596e+01   5.839691e-01
  1.565053e+00   2.625491e+01   5.810466e-01
  1.569742e+00   2.561282e+01   5.715746e-01
  1.574430e+00   2.510721e+01   5.647149e-01
  1.579118e+00   2.542949e+01   5.687522e-01
  1.583806e+00   2.533864e+01   5.683842e-01
  1.588495e+00   2.532215e+01   5.688660e-01
  1.593183e+00   2.489557e+01   5.643206e-01
  1.597871e+00   2.592816e+01   5.755494e-01
  1.602559e+00   2.547518e+01   5.696641e-01
  1.607247e+00   2.553817e+01   5.694651e-01
  1.611936e+00   2.577586e+01   5.710148e-01
  1.616624e+00   2.567606e+01   5.691068e-01
  1.621312e+00   2.525657e+01   5.636235e-01
  1.626000e+00   2.585700e+01   5.694206e-01
  1.630689e+00   2.588669e+01   5.688326e-01
  1.635377e+00   2.615610e+01   5.709385e-01
  1.640065e+00   2.541523e+01   5.619740e-01
  1.644753e+00   2.556238e+01   5.628299e-01
  1.649441e+00   2.563006e+01   5.627753e-01
  1.654130e+00   2.591965e+01   5.650414e-01
  1.658818e+00   2.565567e+01   5.613666e-01
  1.663506e+00   2.601130e+01   5.645042e-01
  1.668194e+00   2.471031e+01   5.495155e-01
  1.672883e+00   2.584961e+01   5.610687e-01
  1.677571e+00   2.553924e+01   5.569624e-01
  1.682259e+00   2.589330e+01   5.601377e-01
  1.686947e+00   2.628872e+01   5.636827e-01
  1.691636e+00   2.638111e+01   5.637500e-01
  1.696324e+00   2.582120e+01   5.569888e-01
  1.701012e+00   2.502097e+01   5.476239e-01
  1.705700e+00   2.552775e+01   5.524889e-01
  1.710388e+00   2.558419e+01   5.522793e-01
  1.715077e+00   2.567774e+01   5.525135e-01
  1.719765e+00   2.569817e+01   5.520489e-01
  1.724453e+00   2.568282e+01   5.512565e-01
  1.729141e+00   2.501071e+01   5.432760e-01
  1.733830e+00   2.457067e+01   5.376484e-01
  1.738518e+00   2.470562e+01   5.385131e-01
  1.743206e+00   2.573837e+01   5.489934e-01
  1.747894e+00   2.645925e+01   5.560396e-01
  1.752583e+00   2.600730e+01   5.506755e-01
  1.757271e+00   2.522852e+01   5.415339e-01
  1.761959e+00   2.615038e+01   5.506038e-01
  1.766647e+00   2.627250e+01   5.511998e-01
  1.771335e+00   2.608499e+01   5.484818e-01
  1.776024e+00   2.580972e+01   5.448923e-01
  1.780712e+00   2.624868e+01   5.488528e-01
  1.785400e+00   2.655568e+01   5.514463e-01
  1.790088e+00   2.581247e+01   5.430071e-01
  1.794777e+00   2.511878e+01   5.349110e-01
  1.799465e+00   2.618080e+01   5.454306e-01
  1.804153e+00   2.481931e+01   5.305606e-01
  1.808841e+00   2.509932e+01   5.329053e-01
  1.813530e+00   2.594957e+01   5.410265e-01
  1.818218e+00   2.637390e+01   5.448458e-01
  1.822906e+00   2.560131e+01   5.362791e-01
  1.827594e+00   2.429548e+01   5.218349e-01
  1.832282e+00   2.596676e+01   5.385985e-01
  1.836971e+00   2.536875e+01   5.318642e-01
  1.841659e+00   2.519663e+01   5.295193e-01
  1.846347e+00   2.642410e+01   5.416294e-01
  1.851035e+00   2.580613e+01   5.344781e-01
  1.855724e+00   2.529665e+01   5.286375e-01
  1.860412e+00   2.478730e+01   5.227491e-01
  1.865100e+00   2.540171e+01   5.285771e-01
  1.869788e+00   2.548495e+01   5.287300e-01
  1.874476e+00   2.555599e+01   5.288736e-01
  1.879165e+00   2.559476e+01   5.287480e-01
  1.883853e+00   2.520707e+01   5.241218e-01
  1.888541e+00   2.493910e+01   5.207087e-01
  1.893229e+00   2.447323e+01   5.154621e-01
  1.897918e+00   2.552928e+01   5.258507e-01
  1.902606e+00   2.632394e+01   5.331803e-01
  1.907294e+00   2.573306e+01   5.266396e-01
  1.911982e+00   2.559747e+01   5.244974e-01
  1.916671e+00   2.461545e+01   5.138260e-01
  1.921359e+00   2.521097e+01   5.194718e-01
  1.926047e+00   2.567446e+01   5.236960e-01
  1.930735e+00   2.542626e+01   5.204335e-01
  1.935423e+00   2.597038e+01   5.254355e-01
  1.940112e+00   2.484561e+01   5.133047e-01
  1.944800e+00   2.564736e+01   5.203540e-01
  1.949488e+00   2.553944e+01   5.179260e-01
  1.954176e+00   2.604207e+01   5.218418e-01
  1.958865e+00   2.601209e+01   5.203885e-01
  1.963553e+00   2.557553e+01   5.150974e-01
  1.968241e+00   2.538952e+01   5.127027e-01
  1.972929e+00   2.531844e+01   5.113428e-01
  1.977618e+00   2.615670e+01   5.193213e-01
  1.982306e+00   2.593624e+01   5.168412e-01
  1.986994e+00   2.571231e+01   5.145289e-01
  1.991682e+00   2.483417e+01   5.057057e-01
  1.996370e+00   2.482819e+01   5.057821e-01
  2.001059e+00   2.482317e+01   5.058858e-01
  2.005747e+00   2.511783e+01   5.087174e-01
  2.010435e+00   2.585938e+01   5.153378e-01
  2.015123e+00   2.546523e+01   5.108525e-01
  2.019812e+00   2.443788e+01   4.999510e-01
  2.024500e+00   2.519104e+01   5.071513e-01
  2.029188e+00   2.526744e+01   5.072960e-01
  2.033876e+00   2.533784e+01   5.074373e-01
  2.038565e+00   2.535175e+01   5.070432e-01
  2.043253e+00   2.532503e+01   5.063967e-01
  2.047941e+00   2.518604e+01   5.044237e-01
  2.052629e+00   2.513722e+01   5.051554e-01
  2.057317e+00   2.533332e+01   5.219414e-01
  2.062006e+00   2.536892e+01   5.317922e-01
  2.066694e+00   2.461422e+01   5.307865e-01
  2.071382e+00   2.548149e+01   5.458546e-01
  2.076070e+00   2.574829e+01   5.540563e-01
  2.080759e+00   2.497302e+01   5.505056e-01
  2.085447e+00   2.519814e+01   5.572327e-01
  2.090135e+00   2.580322e+01   5.660085e-01
  2.094823e+00   2.612370e+01   5.711411e-01
  2.099511e+00   2.470366e+01   5.569665e-01
  2.104200e+00   2.461036e+01   5.573562e-01
  2.108888e+00   2.471928e+01   5.598311e-01
  2.113576e+00   2.490338e+01   5.631518e-01
  2.118264e+00   2.506612e+01   5.594811e-01
  2.122953e+00   2.535666e+01   5.448962e-01
  2.127641e+00   2.598837e+01   5.425107e-01
  2.132329e+00   2.562911e+01   5.322041e-01
  2.137017e+00   2.443119e+01   5.147138e-01
  2.141706e+00   2.549200e+01   5.214163e-01
  2.146394e+00   2.532817e+01   5.159361e-01
  2.151082e+00   2.537432e+01   5.135632e-01
  2.155770e+00   2.560498e+01   5.147681e-01
  2.160458e+00   2.517919e+01   5.092870e-01
  2.165147e+00   2.571662e+01   5.136186e-01
  2.169835e+00   2.560724e+01   5.113291e-01
  2.174523e+00   2.537192e+01   5.080865e-01
  2.179211e+00   2.502800e+01   5.037340e-01
  2.183900e+00   2.441016e+01   4.966014e-01
  2.188588e+00   2.559326e+01   5.075627e-01
  2.193276e+00   2.541207e+01   5.049186e-01
  2.197964e+00   2.521498e+01   5.022218e-01
  2.202653e+00   2.527061e+01   5.019797e-01
  2.207341e+00   2.489467e+01   4.974488e-01
  2.212029e+00   2.599402e+01   5.075275e-01
  2.216717e+00   2.551992e+01   5.022193e-01
  2.221405e+00   2.538668e+01   5.001675e-01
  2.226094e+00   2.538685e+01   4.994830e-01
  2.230782e+00   2.516976e+01   4.966317e-01
  2.235470e+00   2.547545e+01   4.989757e-01
  2.240158e+00   2.567164e+01   5.002430e-01
  2.244847e+00   2.569601e+01   4.998912e-01
  2.249535e+00   2.478822e+01   4.902466e-01
  2.254223e+00   2.552308e+01   4.968165e-01
  2.258911e+00   2.546455e+01   4.956953e-01
  2.263600e+00   2.515234e+01   4.920748e-01
  2.268288e+00   2.545403e+01   4.943318e-01
  2.272976e+00   2.542452e+01   4.934006e-01
  2.277664e+00   2.565865e+01   4.951438e-01
  2.282352e+00   2.594198e+01   4.973252e-01
  2.287041e+00   2.586960e+01   4.960169e-01
  2.291729e+00   2.554172e+01   4.921757e-01
  2.296417e+00   2.557489e+01   4.920351e-01
  2.301105e+00   2.589447e+01   4.945499e-01
  2.305794e+00   2.598408e+01   4.948420e-01
  2.310482e+00   2.565373e+01   4.910081e-01
  2.315170e+00   2.554309e+01   4.894959e-01
  2.319858e+00   2.551537e+01   4.887215e-01
  2.324546e+00   2.475238e+01   4.808192e-01
  2.329235e+00   2.484804e+01   4.811030e-01
  2.333923e+00   2.590952e+01   4.908141e-01
  2.338611e+00   2.487492e+01   4.804249e-01
  2.343299e+00   2.519748e+01   4.830332e-01
  2.347988e+00   2.590706e+01   4.891342e-01
  2.352676e+00   2.542308e+01   4.840989e-01
  2.357364e+00   2.553656e+01   4.846923e-01
  2.362052e+00   2.478909e+01   4.770437e-01
  2.366741e+00   2.507879e+01   4.792787e-01
  2.371429e+00   2.476511e+01   4.757591e-01
  2.376117e+00   2.488923e+01   4.765165e-01
  2.380805e+00   2.538289e+01   4.807109e-01
  2.385493e+00   2.530285e+01   4.794413e-01
  2.390182e+00   2.481120e+01   4.742703e-01
  2.394870e+00   2.569097e+01   4.820843e-01
  2.399558e+00   2.523251e+01   4.773652e-01
  2.404246e+00   2.494808e+01   4.741617e-01
  2.408935e+00   2.514229e+01   4.754809e-01
  2.413623e+00   2.498633e+01   4.735301e-01
  2.418311e+00   2.588770e+01   4.815469e-01
  2.422999e+00   2.522918e+01   4.749922e-01
  2.427688e+00   2.500809e+01   4.722866e-01
  2.432376e+00   2.499144e+01   4.717261e-01
  2.437064e+00   2.437323e+01   4.653718e-01
  2.441752e+00   2.494316e+01   4.704590e-01
  2.446440e+00   2.426610e+01   4.634222e-01
  2.451129e+00   2.483319e+01   4.683887e-01
  2.455817e+00   2.484347e+01   4.681337e-01
  2.460505e+00   2.492170e+01   4.684806e-01
  2.465193e+00   2.480864e+01   4.668114e-01
  2.469882e+00   2.494147e+01   4.675765e-01
  2.474570e+00   2.452098e+01   4.632100e-01
  2.479258e+00   2.471390e+01   4.646520e-01
  2.483946e+00   2.500525e+01   4.669205e-01
  2.488634e+00   2.546609e+01   4.706663e-01
  2.493323e+00   2.502660e+01   4.662048e-01
  2.498011e+00   2.585300e+01   4.734471e-01
  2.502699e+00   2.470956e+01   4.624075e-01
  2.507387e+00   2.518349e+01   4.663166e-01
  2.512076e+00   2.542164e+01   4.680978e-01
  2.516764e+00   2.527046e+01   4.663340e-01
  2.521452e+00   2.568813e+01   4.697348e-01
  2.526140e+00   2.456648e+01   4.588780e-01
  2.530829e+00   2.525419e+01   4.648241e-01
  2.535517e+00   2.569222e+01   4.682085e-01
  2.540205e+00   2.553841e+01   4.658975e-01
  2.544893e+00   2.546884e+01   4.642524e-01
  2.549581e+00   2.461424e+01   4.555896e-01
  2.554270e+00   2.488902e+01   4.576907e-01
  2.558958e+00   2.556007e+01   4.634187e-01
  2.563646e+00   2.506372e+01   4.584936e-01
  2.568334e+00   2.487389e+01   4.562860e-01
  2.573023e+00   2.515517e+01   4.584831e-01
  2.577711e+00   2.561616e+01   4.622771e-01
  2.582399e+00   2.465881e+01   4.531833e-01
  2.587087e+00   2.434362e+01   4.499735e-01
  2.591776e+00   2.441043e+01   4.506536e-01
  2.596464e+00   2.455562e+01   4.521615e-01
  2.601152e+00   2.471046e+01   4.536470e-01
  2.605840e+00   2.494768e+01   4.554046e-01
  2.610528e+00   2.504036e+01   4.558467e-01
  2.615217e+00   2.564595e+01   4.609602e-01
  2.619905e+00   2.540055e+01   4.584298e-01
  2.624593e+00   2.493603e+01   4.536988e-01
  2.629281e+00   2.507747e+01   4.546141e-01
  2.633970e+00   2.493539e+01   4.529354e-01
  2.638658e+00   2.540344e+01   4.568514e-01
  2.643346e+00   2.543746e+01   4.566989e-01
  2.648034e+00   2.549251e+01   4.568411e-01
  2.652723e+00   2.551788e+01   4.566890e-01
  2.657411e+00   2.500530e+01   4.516743e-01
  2.662099e+00   2.527571e+01   4.537051e-01
  2.666787e+00   2.509700e+01   4.516317e-01
  2.671475e+00   2.541837e+01   4.541477e-01
  2.676164e+00   2.469793e+01   4.473846e-01
  2.680852e+00   2.510274e+01   4.507214e-01
  2.685540e+00   2.482072e+01   4.476646e-01
  2.690228e+00   2.516035e+01   4.502953e-01
  2.694917e+00   2.502205e+01   4.488403e-01
  2.699605e+00   2.568526e+01   4.543756e-01
  2.704293e+00   2.492344e+01   4.470402e-01
  2.708981e+00   2.508232e+01   4.480977e-01
  2.713669e+00   2.433148e+01   4.410422e-01
  2.718358e+00   2.409775e+01   4.385496e-01
  2.723046e+00   2.460148e+01   4.426848e-01
  2.727734e+00   2.473590e+01   4.434989e-01
  2.732422e+00   2.508537e+01   4.463207e-01
  2.737111e+00   2.520601e+01   4.470350e-01
  2.741799e+00   2.483012e+01   4.432826e-01
  2.746487e+00   2.526040e+01   4.466952e-01
  2.751175e+00   2.503585e+01   4.443950e-01
  2.755864e+00   2.477443e+01   4.417309e-01
  2.760552e+00   2.534504e+01   4.463983e-01
  2.765240e+00   2.504658e+01   4.433452e-01
  2.769928e+00   2.540421e+01   4.461613e-01
  2.774616e+00   2.517655e+01   4.438683e-01
  2.779305e+00   2.469685e+01   4.392236e-01
  2.783993e+00   2.502530e+01   4.417263e-01
  2.788681e+00   2.469176e+01   4.384586e-01
  2.793369e+00   2.472903e+01   4.385667e-01
  2.798058e+00   2.501234e+01   4.406099e-01
  2.802746e+00   2.538647e+01   4.436891e-01
  2.807434e+00   2.520844e+01   4.418810e-01
  2.812122e+00   2.466245e+01   4.364776e-01
  2.816811e+00   2.456754e+01   4.353452e-01
  2.821499e+00   2.533366e+01   4.416489e-01
  2.826187e+00   2.502523e+01   4.385571e-01
  2.830875e+00   2.546445e+01   4.420581e-01
  2.835563e+00   2.529365e+01   4.402712e-01
  2.840252e+00   2.512126e+01   4.383208e-01
  2.844940e+00   2.504342e+01   4.373323e-01
  2.849628e+00   2.550740e+01   4.410234e-01
  2.854316e+00   2.524044e+01   4.383940e-01
  2.859005e+00   2.549232e+01   4.479894e-01
  2.863693e+00   2.484592e+01   4.519737e-01
  2.868381e+00   2.510226e+01   4.602963e-01
  2.873069e+00   2.544124e+01   4.684180e-01
  2.877758e+00   2.530148e+01   4.712030e-01
  2.882446e+00   2.610939e+01   4.816512e-01
  2.887134e+00   2.525033e+01   4.752331e-01
  2.891822e+00   2.473820e+01   4.717620e-01
  2.896510e+00   2.546227e+01   4.799431e-01
  2.901199e+00   2.479781e+01   4.747485e-01
  2.905887e+00   2.523627e+01   4.801258e-01
  2.910575e+00   2.538534e+01   4.826038e-01
  2.915263e+00   2.522540e+01   4.820670e-01
  2.919952e+00   2.533740e+01   4.836804e-01
  2.924640e+00   2.485319e+01   4.660887e-01
  2.929328e+00   2.469869e+01   4.564250e-01
  2.934016e+00   2.487551e+01   4.528154e-01
  2.938704e+00   2.527313e+01   4.522988e-01
  2.943393e+00   2.473942e+01   4.442711e-01
  2.948081e+00   2.535194e+01   4.479850e-01
  2.952769e+00   2.541206e+01   4.473989e-01
  2.957457e+00   2.531917e+01   4.456784e-01
  2.962146e+00   2.501360e+01   4.420349e-01
  2.966834e+00   2.489795e+01   4.403288e-01
  2.971522e+00   2.550229e+01   4.447672e-01
  2.976210e+00   2.496144e+01   4.393412e-01
  2.980899e+00   2.536991e+01   4.421808e-01
  2.985587e+00   2.507595e+01   4.389454e-01
  2.990275e+00   2.475568e+01   4.355033e-01
  2.994963e+00   2.444390e+01   4.322303e-01
  2.999651e+00   2.461405e+01   4.331087e-01
  3.004340e+00   2.510073e+01   4.367802e-01
  3.009028e+00   2.507768e+01   4.360316e-01
  3.013716e+00   2.475867e+01   4.327728e-01
  3.018404e+00   2.501548e+01   4.344839e-01
  3.023093e+00   2.525503e+01   4.360060e-01
  3.027781e+00   2.540939e+01   4.368261e-01
  3.032469e+00   2.459959e+01   4.293745e-01
  3.037157e+00   2.478482e+01   4.305505e-01
  3.041846e+00   2.477039e+01   4.298802e-01
  3.046534e+00   2.427606e+01   4.251018e-01
  3.051222e+00   2.442773e+01   4.261167e-01
  3.055910e+00   2.526730e+01   4.329680e-01
  3.060598e+00   2.505966e+01   4.305560e-01
  3.065287e+00   2.478434e+01   4.277887e-01
  3.069975e+00   2.501966e+01   4.294071e-01
  3.074663e+00   2.520083e+01   4.306010e-01
  3.079351e+00   2.541949e+01   4.319757e-01
  3.084040e+00   2.566983e+01   4.336328e-01
  3.088728e+00   2.484657e+01   4.262655e-01
  3.093416e+00   2.407682e+01   4.193863e-01
  3.098104e+00   2.491933e+01   4.261976e-01
  3.102793e+00   2.499119e+01   4.263634e-01
  3.107481e+00   2.481127e+01   4.244598e-01
  3.112169e+00   2.547221e+01   4.296575e-01
  3.116857e+00   2.509581e+01   4.260435e-01
  3.121545e+00   2.456922e+01   4.211218e-01
  3.126234e+00   2.507414e+01   4.250744e-01
  3.130922e+00   2.532293e+01   4.268731e-01
  3.135610e+00   2.495264e+01   4.233536e-01
  3.140298e+00   2.463182e+01   4.204238e-01
  3.144987e+00   2.493951e+01   4.226955e-01
  3.149675e+00   2.490981e+01   4.218712e-01
  3.154363e+00   2.455439e+01   4.185300e-01
  3.159051e+00   2.546377e+01   4.257483e-01
  3.163739e+00   2.537678e+01   4.246614e-01
  3.168428e+00   2.490193e+01   4.203966e-01
  3.173116e+00   2.460700e+01   4.176200e-01
  3.177804e+00   2.538654e+01   4.237199e-01
  3.182492e+00   2.558661e+01   4.250209e-01
  3.187181e+00   2.505960e+01   4.203034e-01
  3.191869e+00   2.538610e+01   4.226969e-01
  3.196557e+00   2.530727e+01   4.216465e-01
  3.201245e+00   2.491980e+01   4.180574e-01
  3.205934e+00   2.476553e+01   4.164436e-01
  3.210622e+00   2.529568e+01   4.206066e-01
  3.215310e+00   2.522163e+01   4.195737e-01
  3.219998e+00   2.454025e+01   4.133847e-01
  3.224686e+00   2.514520e+01   4.177689e-01
  3.229375e+00   2.487408e+01   4.147330e-01
  3.234063e+00   2.544456e+01   4.189433e-01
  3.238751e+00   2.509887e+01   4.157301e-01
  3.243439e+00   2.507806e+01   4.152298e-01
  3.248128e+00   2.544758e+01   4.180002e-01
  3.252816e+00   2.547590e+01   4.179128e-01
  3.257504e+00   2.478528e+01   4.118192e-01
  3.262192e+00   2.456466e+01   4.097084e-01
  3.266881e+00   2.471620e+01   4.106646e-01
  3.271569e+00   2.515111e+01   4.139653e-01
  3.276257e+00   2.469650e+01   4.099071e-01
  3.280945e+00   2.451652e+01   4.084761e-01
  3.285633e+00   2.499970e+01   4.126247e-01
  3.290322e+00   2.444572e+01   4.079877e-01
  3.295010e+00   2.434819e+01   4.068321e-01
  3.299698e+00   2.449612e+01   4.077588e-01
  3.304386e+00   2.512951e+01   4.126751e-01
  3.309075e+00   2.478973e+01   4.096251e-01
  3.313763e+00   2.435121e+01   4.056507e-01
  3.318451e+00   2.517937e+01   4.121470e-01
  3.323139e+00   2.491370e+01   4.097041e-01
  3.327828e+00   2.418190e+01   4.033234e-01
  3.332516e+00   2.498893e+01   4.097458e-01
  3.337204e+00   2.467746e+01   4.068021e-01
  3.341892e+00   2.474559e+01   4.071645e-01
  3.346580e+00   2.479083e+01   4.072366e-01
  3.351269e+00   2.453732e+01   4.048111e-01
  3.355957e+00   2.496517e+01   4.088029e-01
  3.360645e+00   2.463807e+01   4.160571e-01
  3.365333e+00   2.503669e+01   4.260480e-01
  3.370022e+00   2.486348e+01   4.292273e-01
  3.374710e+00   2.474629e+01   4.303250e-01
  3.379398e+00   2.459648e+01   4.306216e-01
  3.384086e+00   2.472383e+01   4.331338e-01
  3.388774e+00   2.443304e+01   4.310641e-01
  3.393463e+00   2.498592e+01   4.355478e-01
  3.398151e+00   2.464516e+01   4.329887e-01
  3.402839e+00   2.395454e+01   4.278246e-01
  3.407527e+00   2.458304e+01   4.343624e-01
  3.412216e+00   2.522851e+01   4.408646e-01
  3.416904e+00   2.472895e+01   4.372942e-01
  3.421592e+00   2.491162e+01   4.397489e-01
  3.426280e+00   2.463581e+01   4.380293e-01
  3.430969e+00   2.435294e+01   4.362776e-01
  3.435657e+00   2.442872e+01   4.376875e-01
  3.440345e+00   2.506836e+01   4.439488e-01
  3.445033e+00   2.495278e+01   4.436038e-01
  3.449721e+00   2.461722e+01   4.413339e-01
  3.454410e+00   2.488391e+01   4.442196e-01
  3.459098e+00   2.389591e+01   4.358772e-01
  3.463786e+00   2.465634e+01   4.433215e-01
  3.468474e+00   2.492807e+01   4.463347e-01
  3.473163e+00   2.449650e+01   4.429280e-01
  3.477851e+00   2.407463e+01   4.396482e-01
  3.482539e+00   2.412108e+01   4.407589e-01
  3.487227e+00   2.432521e+01   4.428969e-01
  3.491916e+00   2.480021e+01   4.477309e-01
  3.496604e+00   2.487327e+01   4.488450e-01
  3.501292e+00   2.498395e+01   4.503002e-01
  3.505980e+00   2.498602e+01   4.507955e-01
  3.510668e+00   2.439830e+01   4.459045e-01
  3.515357e+00   2.462659e+01   4.483660e-01
  3.520045e+00   2.556099e+01   4.573003e-01
  3.524733e+00   2.536869e+01   4.559609e-01
  3.529421e+00   2.471269e+01   4.504045e-01
  3.534110e+00   2.461796e+01   4.499927e-01
  3.538798e+00   2.464220e+01   4.505638e-01
  3.543486e+00   2.445236e+01   4.492198e-01
  3.548174e+00   2.498416e+01   4.544800e-01
  3.552863e+00   2.522051e+01   4.569770e-01
  3.557551e+00   2.456585e+01   4.513479e-01
  3.562239e+00   2.400933e+01   4.466074e-01
  3.566927e+00   2.430782e+01   4.497195e-01
  3.571615e+00   2.514118e+01   4.576860e-01
  3.576304e+00   2.461592e+01   4.532025e-01
  3.580992e+00   2.432347e+01   4.507864e-01
  3.585680e+00   2.416754e+01   4.490773e-01
  3.590368e+00   2.414873e+01   4.484803e-01
  3.595057e+00   2.477304e+01   4.538358e-01
  3.599745e+00   2.476848e+01   4.533997e-01
  3.604433e+00   2.462179e+01   4.517830e-01
  3.609121e+00   2.396785e+01   4.462069e-01
  3.613809e+00   2.430283e+01   4.493772e-01
  3.618498e+00   2.445575e+01   4.510252e-01
  3.623186e+00   2.465771e+01   4.532060e-01
  3.627874e+00   2.416659e+01   4.489438e-01
  3.632562e+00   2.460083e+01   4.531977e-01
  3.637251e+00   2.484448e+01   4.557461e-01
  3.641939e+00   2.537399e+01   4.608396e-01
  3.646627e+00   2.448924e+01   4.530421e-01
  3.651315e+00   2.441719e+01   4.525958e-01
  3.656004e+00   2.574861e+01   4.652410e-01
  3.660692e+00   2.551186e+01   4.702500e-01
  3.665380e+00   2.426182e+01   4.749895e-01
  3.670068e+00   2.417651e+01   4.823481e-01
  3.674756e+00   2.424804e+01   4.906650e-01
  3.679445e+00   2.461422e+01   5.002687e-01
  3.684133e+00   2.476528e+01   5.052294e-01
  3.688821e+00   2.438581e+01   5.044395e-01
  3.693509e+00   2.495419e+01   5.133051e-01
  3.698198e+00   2.361679e+01   5.020911e-01
  3.702886e+00   2.459671e+01   5.152006e-01
  3.707574e+00   2.489153e+01   5.208733e-01
  3.712262e+00   2.507657e+01   5.254567e-01
  3.716951e+00   2.486344e+01   5.257049e-01
  3.721639e+00   2.494123e+01   5.290348e-01
  3.726327e+00   2.467374e+01   5.285591e-01
  3.731015e+00   2.479879e+01   5.323315e-01
  3.735703e+00   2.410496e+01   5.271101e-01
  3.740392e+00   2.513037e+01   5.405875e-01
  3.745080e+00   2.425377e+01   5.332835e-01
  3.749768e+00   2.472630e+01   5.407458e-01
  3.754456e+00   2.421564e+01   5.373276e-01
  3.759145e+00   2.416044e+01   5.389363e-01
  3.763833e+00   2.448787e+01   5.447407e-01
  3.768521e+00   2.527560e+01   5.556667e-01
  3.773209e+00   2.504255e+01   5.552561e-01
  3.777897e+00   2.501357e+01   5.571322e-01
  3.782586e+00   2.388263e+01   5.464840e-01
  3.787274e+00   2.465742e+01   5.574281e-01
  3.791962e+00   2.532789e+01   5.671186e-01
  3.796650e+00   2.551476e+01   5.713622e-01
  3.801339e+00   2.499566e+01   5.676460e-01
  3.806027e+00   2.508583e+01   5.707952e-01
  3.810715e+00   2.442317e+01   5.653043e-01
  3.815403e+00   2.441005e+01   5.672345e-01
  3.820092e+00   2.480608e+01   5.739264e-01
  3.824780e+00   2.356095e+01   5.613889e-01
  3.829468e+00   2.518740e+01   5.825862e-01
  3.834156e+00   2.446847e+01   5.762572e-01
  3.838844e+00   2.511537e+01   5.859616e-01
  3.843533e+00   2.548011e+01   5.923051e-01
  3.848221e+00   2.482935e+01   5.867732e-01
  3.852909e+00   2.464905e+01   5.867516e-01
  3.857597e+00   2.475178e+01   5.900757e-01
  3.862286e+00   2.405597e+01   5.837951e-01
  3.866974e+00   2.383647e+01   5.831739e-01
  3.871662e+00   2.484955e+01   5.976750e-01
  3.876350e+00   2.464043e+01   5.973507e-01
  3.881039e+00   2.371159e+01   5.878623e-01
  3.885727e+00   2.416320e+01   5.955216e-01
  3.890415e+00   2.478274e+01   6.051718e-01
  3.895103e+00   2.484779e+01   6.081598e-01
  3.899791e+00   2.417561e+01   6.019185e-01
  3.904480e+00   2.473796e+01   6.110517e-01
  3.909168e+00   2.504753e+01   6.169788e-01
  3.913856e+00   2.554000e+01   6.252812e-01
  3.918544e+00   2.470653e+01   6.170405e-01
  3.923233e+00   2.550752e+01   6.292236e-01
  3.927921e+00   2.529869e+01   6.287549e-01
  3.932609e+00   2.477268e+01   6.242902e-01
  3.937297e+00   2.471327e+01   6.246623e-01
  3.941986e+00   2.476557e+01   6.261091e-01
  3.946674e+00   2.412301e+01   6.185636e-01
  3.951362e+00   2.415648e+01   6.186349e-01
  3.956050e+00   2.379285e+01   6.129262e-01
  3.960738e+00   2.465231e+01   6.237355e-01
  3.965427e+00   2.393630e+01   6.153452e-01
  3.970115e+00   2.447283e+01   6.241273e-01
  3.974803e+00   2.444401e+01   6.257577e-01
  3.979491e+00   2.482062e+01   6.323251e-01
  3.984180e+00   2.426351e+01   6.272944e-01
  3.988868e+00   2.471060e+01   6.351551e-01
  3.993556e+00   2.502872e+01   6.413707e-01
  3.998244e+00   2.440952e+01   6.355498e-01
  4.002932e+00   2.507573e+01   6.463632e-01
  4.007621e+00   2.368778e+01   6.302980e-01
  4.012309e+00   2.506908e+01   6.506042e-01
  4.016997e+00   2.522412e+01   6.548299e-01
  4.021685e+00   2.349516e+01   6.341650e-01
  4.026374e+00   2.367307e+01   6.387163e-01
  4.031062e+00   2.437791e+01   6.503453e-01
  4.035750e+00   2.516547e+01   6.630053e-01
  4.040438e+00   2.402954e+01   6.501091e-01
  4.045127e+00   2.488736e+01   6.638779e-01
  4.049815e+00   2.505770e+01   6.684223e-01
  4.054503e+00   2.440833e+01   6.619534e-01
  4.059191e+00   2.486436e+01   6.704425e-01
  4.063879e+00   2.502254e+01   6.749043e-01
  4.068568e+00   2.453028e+01   6.705302e-01
  4.073256e+00   2.362327e+01   6.602792e-01
  4.077944e+00   2.506383e+01   6.825064e-01
  4.082632e+00   2.466327e+01   6.793838e-01
  4.087321e+00   2.473453e+01   6.827556e-01
  4.092009e+00   2.515390e+01   6.909268e-01
  4.096697e+00   2.507744e+01   6.923029e-01
  4.101385e+00   2.444099e+01   6.858371e-01
  4.106074e+00   2.463114e+01   6.909760e-01
  4.110762e+00   2.369935e+01   6.802076e-01
  4.115450e+00   2.387404e+01   6.851268e-01
  4.120138e+00   2.413982e+01   6.913401e-01
  4.124826e+00   2.452227e+01   6.993082e-01
  4.129515e+00   2.431523e+01   6.988953e-01
  4.134203e+00   2.389575e+01   6.952982e-01
  4.138891e+00   2.426001e+01   7.031266e-01
  4.143579e+00   2.456868e+01   7.101513e-01
  4.148268e+00   2.355090e+01   6.978625e-01
  4.152956e+00   2.523885e+01   7.250624e-01
  4.157644e+00   2.419384e+01   7.124155e-01
  4.162332e+00   2.461646e+01   7.213604e-01
  4.167021e+00   2.457823e+01   7.234606e-01
  4.171709e+00   2.527571e+01   7.363005e-01
  4.176397e+00   2.543524e+01   7.414218e-01
  4.181085e+00   2.443846e+01   7.294613e-01
  4.185773e+00   2.451773e+01   7.334531e-01
  4.190462e+00   2.559882e+01   7.523413e-01
  4.195150e+00   2.428474e+01   7.364251e-01
  4.199838e+00   2.422228e+01   7.375584e-01
  4.204526e+00   2.412775e+01   7.386642e-01
  4.209215e+00   2.489276e+01   7.531813e-01
  4.213903e+00   2.510075e+01   7.592331e-01
  4.218591e+00   2.304119e+01   7.302266e-01
  4.223279e+00   2.471456e+01   7.592615e-01
  4.227967e+00   2.511224e+01   7.682952e-01
  4.232656e+00   2.466464e+01   7.644241e-01
  4.237344e+00   2.458130e+01   7.661857e-01
  4.242032e+00   2.422402e+01   7.635873e-01
  4.246720e+00   2.386951e+01   7.609418e-01
  4.251409e+00   2.466660e+01   7.767861e-01
  4.256097e+00   2.453581e+01   7.777604e-01
  4.260785e+00   2.486393e+01   7.861034e-01
  4.265473e+00   2.454455e+01   7.849947e-01
  4.270162e+00   2.546892e+01   8.036608e-01
  4.274850e+00   2.641302e+01   8.242854e-01
  4.279538e+00   2.474633e+01   8.014397e-01
  4.284226e+00   2.526270e+01   8.096445e-01
  4.288914e+00   2.529504e+01   8.127135e-01
  4.293603e+00   2.551343e+01   8.196952e-01
  4.298291e+00   2.494112e+01   8.140150e-01
  4.302979e+00   2.502786e+01   8.187408e-01
  4.307667e+00   2.458409e+01   8.149785e-01
  4.312356e+00   2.456939e+01   8.183495e-01
  4.317044e+00   2.561032e+01   8.389896e-01
  4.321732e+00   2.517351e+01   8.354880e-01
  4.326420e+00   2.467063e+01   8.308131e-01
  4.331109e+00   2.497655e+01   8.395268e-01
  4.335797e+00   2.491076e+01   8.421928e-01
  4.340485e+00   2.454897e+01   8.406167e-01
  4.345173e+00   2.476623e+01   8.475537e-01
  4.349861e+00   2.515160e+01   8.577552e-01
  4.354550e+00   2.460740e+01   8.523623e-01
  4.359238e+00   2.484620e+01   8.603917e-01
  4.363926e+00   2.583922e+01   8.814642e-01
  4.368614e+00   2.575296e+01   8.840873e-01
  4.373303e+00   2.488024e+01   8.731417e-01
  4.377991e+00   2.467004e+01   8.735101e-01
  4.382679e+00   2.455021e+01   8.755170e-01
  4.387367e+00   2.452305e+01   8.793435e-01
  4.392056e+00   2.457279e+01   8.844340e-01
  4.396744e+00   2.481063e+01   8.929958e-01
  4.401432e+00   2.622112e+01   9.235163e-01
  4.406120e+00   2.542889e+01   9.120249e-01
  4.410808e+00   2.433754e+01   8.928598e-01
  4.415497e+00   2.452633e+01   8.969134e-01
  4.420185e+00   2.463892e+01   8.995255e-01
  4.424873e+00   2.447488e+01   8.972083e-01
  4.429561e+00   2.438086e+01   8.960952e-01
  4.434250e+00   2.468812e+01   9.023493e-01
  4.438938e+00   2.593045e+01   9.254727e-01
  4.443626e+00   2.563915e+01   9.207787e-01
  4.448314e+00   2.340868e+01   8.819208e-01
  4.453002e+00   2.414244e+01   8.999440e-01
  4.457691e+00   2.542938e+01   9.283177e-01
  4.462379e+00   2.641577e+01   9.509277e-01
  4.467067e+00   2.621390e+01   9.521152e-01
  4.471755e+00   2.620307e+01   9.568083e-01
  4.476444e+00   2.512830e+01   9.419002e-01
  4.481132e+00   2.473234e+01   9.393489e-01
  4.485820e+00   2.486315e+01   9.468823e-01
  4.490508e+00   2.519180e+01   9.581855e-01
  4.495197e+00   2.579673e+01   9.748292e-01
  4.499885e+00   2.444751e+01   9.541307e-01
  4.504573e+00   2.454416e+01   9.612362e-01
  4.509261e+00   2.521784e+01   9.797519e-01
  4.513949e+00   2.580959e+01   9.967695e-01
  4.518638e+00   2.525198e+01   9.915136e-01
  4.523326e+00   2.431901e+01   9.785930e-01
  4.528014e+00   2.402226e+01   9.781800e-01
  4.532702e+00   2.488249e+01   1.001303e+00
  4.537391e+00   2.507669e+01   1.011075e+00
  4.542079e+00   2.520362e+01   1.019702e+00
  4.546767e+00   2.453149e+01   1.012060e+00
  4.551455e+00   2.444552e+01   1.016370e+00
  4.556144e+00   2.456789e+01   1.025124e+00
  4.560832e+00   2.546958e+01   1.050189e+00
  4.565520e+00   2.572926e+01   1.062094e+00
  4.570208e+00   2.484053e+01   1.050282e+00
  4.574896e+00   2.567193e+01   1.074601e+00
  4.579585e+00   2.510991e+01   1.069605e+00
  4.584273e+00   2.518770e+01   1.078227e+00
  4.588961e+00   2.506189e+01   1.082610e+00
  4.593649e+00   2.358579e+01   1.057239e+00
  4.598338e+00   2.494842e+01   1.094855e+00
  4.603026e+00   2.548156e+01   1.114046e+00
  4.607714e+00   2.598540e+01   1.132772e+00
  4.612402e+00   2.417827e+01   1.100308e+00
  4.617091e+00   2.566030e+01   1.141544e+00
  4.621779e+00   2.478090e+01   1.130012e+00
  4.626467e+00   2.645105e+01   1.176023e+00
  4.631155e+00   2.600783e+01   1.174709e+00
  4.635843e+00   2.614646e+01   1.186613e+00
  4.640532e+00   2.364629e+01   1.136979e+00
  4.645220e+00   2.499750e+01   1.178151e+00
  4.649908e+00   2.452963e+01   1.176237e+00
  4.654596e+00   2.354298e+01   1.161412e+00
  4.659285e+00   2.572968e+01   1.223861e+00
  4.663973e+00   2.698489e+01   1.263523e+00
  4.668661e+00   2.613157e+01   1.253919e+00
  4.673349e+00   2.636911e+01   1.270173e+00
  4.678037e+00   2.614237e+01   1.275443e+00
  4.682726e+00   2.589368e+01   1.280302e+00
  4.687414e+00   2.539154e+01   1.279063e+00
  4.692102e+00   2.499189e+01   1.280522e+00
  4.696790e+00   2.638742e+01   1.327709e+00
  4.701479e+00   2.553430e+01   1.318103e+00
  4.706167e+00   2.429860e+01   1.297865e+00
  4.710855e+00   2.322754e+01   1.281420e+00
  4.715543e+00   2.428138e+01   1.322952e+00
  4.720232e+00   2.489202e+01   1.352731e+00
  4.724920e+00   2.408798e+01   1.344107e+00
  4.729608e+00   2.607088e+01   1.413027e+00
  4.734296e+00   2.555680e+01   1.413895e+00
  4.738984e+00   2.603325e+01   1.442254e+00
  4.743673e+00   2.722946e+01   1.491100e+00
  4.748361e+00   2.562257e+01   1.462836e+00
  4.753049e+00   2.494432e+01   1.460089e+00
  4.757737e+00   2.602780e+01   1.508801e+00
  4.762426e+00   2.529487e+01   1.505082e+00
  4.767114e+00   2.540062e+01   1.526957e+00
  4.771802e+00   2.443002e+01   1.516662e+00
  4.776490e+00   2.408586e+01   1.525163e+00
  4.781179e+00   2.666250e+01   1.625646e+00
  4.785867e+00   2.600467e+01   1.627480e+00
  4.790555e+00   2.523847e+01   1.625829e+00
  4.795243e+00   2.571396e+01   1.664281e+00
  4.799931e+00   2.811113e+01   1.765427e+00
  4.804620e+00   2.576082e+01   1.716057e+00
  4.809308e+00   2.444581e+01   1.697756e+00
  4.813996e+00   2.500499e+01   1.744328e+00
  4.818684e+00   2.561382e+01   1.794338e+00
  4.823373e+00   2.384213e+01   1.761717e+00
  4.828061e+00   2.503961e+01   1.837466e+00
  4.832749e+00   2.639180e+01   1.920671e+00
  4.837437e+00   2.587982e+01   1.938179e+00
  4.842125e+00   2.428198e+01   1.915171e+00
  4.846814e+00   2.210961e+01   1.864583e+00
  4.851502e+00   2.439295e+01   1.999852e+00
  4.856190e+00   2.741065e+01   2.168210e+00
  4.860878e+00   2.832042e+01   2.255367e+00
  4.865567e+00   2.886337e+01   2.331827e+00
  4.870255e+00   2.865710e+01   2.383513e+00
  4.874943e+00   2.530807e+01   2.302499e+00
  4.879631e+00   2.724908e+01   2.456547e+00
  4.884320e+00   2.350672e+01   2.349772e+00
  4.889008e+00   2.670712e+01   2.587031e+00
  4.893696e+00   2.915050e+01   2.795601e+00
  4.898384e+00   2.609708e+01   2.741285e+00
  4.903072e+00   2.900966e+01   3.005388e+00
  4.907761e+00   2.675442e+01   3.050035e+00
  4.912449e+00   2.510569e+01   4.082393e+00
  4.917137e+00   2.889785e+01   1.204067e+01
