# [1] GI
# Sample c= 1.06 mg/ml
#
# Sample environment:
# Detector = Pilatus
# PixelSize_1 = 0.000172
# PixelSize_2 = 0.000172
#
# title = [1] GI
# Frame 98 of 120
# Time per frame (s) = 1.0
# SampleDistance = 2.869
# WaveLength = 9.919e-11
# Normalization = 0.001062898
# DiodeCurr = 8.64002e-05
# MachCurr = 68.65955
# Mask = /data/bm29/archive/CALIBRATION/MASK/BM29/Pcon_19thNovember2015_7keV_v3.edf
#
# N 3
# L q*nm  I_[1] GI  stddev
#
# Sample Information:
# Storage Temperature (degrees C): 20.0
# Measurement Temperature (degrees C): 20.08
# Concentration: 1.06
# Code: GI
  3.200246e-02   1.793607e+02   2.022257e+01
  3.669069e-02   5.558929e+02   1.616351e+01
  4.137892e-02   8.471370e+02   1.486389e+01
  4.606715e-02   8.025223e+02   1.197890e+01
  5.075538e-02   5.956612e+02   9.374502e+00
  5.544361e-02   4.736818e+02   7.723246e+00
  6.013183e-02   3.941535e+02   6.735675e+00
  6.482006e-02   3.472279e+02   6.065594e+00
  6.950829e-02   3.118642e+02   5.515714e+00
  7.419652e-02   2.769705e+02   4.989657e+00
  7.888475e-02   2.641864e+02   4.710894e+00
  8.357298e-02   2.570610e+02   4.508528e+00
  8.826121e-02   2.399793e+02   4.232784e+00
  9.294944e-02   2.225723e+02   3.956921e+00
  9.763767e-02   2.204685e+02   3.829564e+00
  1.023259e-01   2.101429e+02   3.649844e+00
  1.070141e-01   2.084367e+02   3.551942e+00
  1.117024e-01   2.015099e+02   3.413274e+00
  1.163906e-01   1.963295e+02   3.287540e+00
  1.210788e-01   1.977725e+02   3.234736e+00
  1.257670e-01   1.933295e+02   3.136757e+00
  1.304553e-01   1.941252e+02   3.087843e+00
  1.351435e-01   1.881063e+02   2.978360e+00
  1.398317e-01   1.839360e+02   2.894308e+00
  1.445200e-01   1.867933e+02   2.868498e+00
  1.492082e-01   1.877684e+02   2.830083e+00
  1.538964e-01   1.835680e+02   2.748988e+00
  1.585846e-01   1.794825e+02   2.675100e+00
  1.632729e-01   1.772472e+02   2.619781e+00
  1.679611e-01   1.758707e+02   2.572859e+00
  1.726493e-01   1.755796e+02   2.532635e+00
  1.773376e-01   1.743012e+02   2.485685e+00
  1.820258e-01   1.727516e+02   2.442832e+00
  1.867140e-01   1.700168e+02   2.392920e+00
  1.914022e-01   1.687968e+02   2.354217e+00
  1.960905e-01   1.698158e+02   2.328449e+00
  2.007787e-01   1.661746e+02   2.278781e+00
  2.054669e-01   1.638657e+02   2.237075e+00
  2.101552e-01   1.660467e+02   2.226687e+00
  2.148434e-01   1.604728e+02   2.160963e+00
  2.195316e-01   1.598387e+02   2.133137e+00
  2.242199e-01   1.601839e+02   2.113297e+00
  2.289081e-01   1.591505e+02   2.084871e+00
  2.335963e-01   1.582494e+02   2.055647e+00
  2.382845e-01   1.547358e+02   2.011298e+00
  2.429728e-01   1.548221e+02   1.992647e+00
  2.476610e-01   1.516169e+02   1.953335e+00
  2.523492e-01   1.479194e+02   1.910367e+00
  2.570375e-01   1.475704e+02   1.888553e+00
  2.617257e-01   1.490397e+02   1.881174e+00
  2.664139e-01   1.489025e+02   1.863914e+00
  2.711021e-01   1.441433e+02   1.818031e+00
  2.757904e-01   1.433800e+02   1.795816e+00
  2.804786e-01   1.464499e+02   1.800589e+00
  2.851668e-01   1.442981e+02   1.772825e+00
  2.898551e-01   1.403139e+02   1.733078e+00
  2.945433e-01   1.397856e+02   1.715876e+00
  2.992315e-01   1.388131e+02   1.734465e+00
  3.039197e-01   1.369983e+02   1.736702e+00
  3.086080e-01   1.321486e+02   1.710628e+00
  3.132962e-01   1.338544e+02   1.722532e+00
  3.179844e-01   1.331871e+02   1.717895e+00
  3.226727e-01   1.295992e+02   1.694551e+00
  3.273609e-01   1.301224e+02   1.696075e+00
  3.320491e-01   1.305804e+02   1.696005e+00
  3.367374e-01   1.259472e+02   1.661260e+00
  3.414256e-01   1.260962e+02   1.658865e+00
  3.461138e-01   1.248276e+02   1.647126e+00
  3.508020e-01   1.209811e+02   1.617651e+00
  3.554903e-01   1.188141e+02   1.597115e+00
  3.601785e-01   1.196436e+02   1.599621e+00
  3.648667e-01   1.190290e+02   1.607002e+00
  3.695550e-01   1.198240e+02   1.648878e+00
  3.742432e-01   1.168799e+02   1.646901e+00
  3.789314e-01   1.139405e+02   1.641417e+00
  3.836196e-01   1.104984e+02   1.626784e+00
  3.883079e-01   1.116718e+02   1.644282e+00
  3.929961e-01   1.095871e+02   1.643741e+00
  3.976843e-01   1.089280e+02   1.661060e+00
  4.023726e-01   1.078694e+02   1.669364e+00
  4.070608e-01   1.064751e+02   1.665298e+00
  4.117490e-01   1.040071e+02   1.649121e+00
  4.164372e-01   1.023177e+02   1.638420e+00
  4.211255e-01   1.026151e+02   1.644080e+00
  4.258137e-01   1.020902e+02   1.641254e+00
  4.305019e-01   9.672298e+01   1.596038e+00
  4.351902e-01   9.794845e+01   1.602805e+00
  4.398784e-01   9.853723e+01   1.605670e+00
  4.445666e-01   9.736979e+01   1.614415e+00
  4.492548e-01   9.631078e+01   1.660437e+00
  4.539431e-01   9.461472e+01   1.677427e+00
  4.586313e-01   9.270840e+01   1.685481e+00
  4.633195e-01   9.123383e+01   1.694385e+00
  4.680078e-01   9.124643e+01   1.714512e+00
  4.726960e-01   9.254005e+01   1.745079e+00
  4.773842e-01   8.866077e+01   1.725098e+00
  4.820725e-01   8.623985e+01   1.717733e+00
  4.867607e-01   8.670273e+01   1.738785e+00
  4.914489e-01   8.377462e+01   1.724093e+00
  4.961371e-01   8.488439e+01   1.749777e+00
  5.008254e-01   8.244609e+01   1.738635e+00
  5.055136e-01   8.179755e+01   1.746289e+00
  5.102018e-01   8.193119e+01   1.707633e+00
  5.148901e-01   7.958559e+01   1.624209e+00
  5.195783e-01   7.819210e+01   1.582868e+00
  5.242665e-01   7.881493e+01   1.570528e+00
  5.289547e-01   7.810300e+01   1.548557e+00
  5.336430e-01   7.638985e+01   1.518201e+00
  5.383312e-01   7.628086e+01   1.506085e+00
  5.430194e-01   7.088152e+01   1.443063e+00
  5.477077e-01   7.216008e+01   1.447936e+00
  5.523959e-01   7.226833e+01   1.440953e+00
  5.570841e-01   6.916670e+01   1.401993e+00
  5.617723e-01   6.859310e+01   1.390252e+00
  5.664606e-01   6.879153e+01   1.386150e+00
  5.711488e-01   6.649717e+01   1.357460e+00
  5.758370e-01   6.522480e+01   1.336905e+00
  5.805253e-01   6.540395e+01   1.330482e+00
  5.852135e-01   6.397238e+01   1.307414e+00
  5.899017e-01   6.432983e+01   1.301983e+00
  5.945900e-01   6.468629e+01   1.295107e+00
  5.992782e-01   6.309444e+01   1.270842e+00
  6.039664e-01   6.409605e+01   1.273368e+00
  6.086546e-01   6.193609e+01   1.244270e+00
  6.133429e-01   6.083735e+01   1.225225e+00
  6.180311e-01   5.902023e+01   1.199666e+00
  6.227193e-01   5.924445e+01   1.195322e+00
  6.274076e-01   5.868853e+01   1.184735e+00
  6.320958e-01   5.724731e+01   1.166840e+00
  6.367840e-01   5.710374e+01   1.162029e+00
  6.414722e-01   5.812150e+01   1.169981e+00
  6.461605e-01   5.660853e+01   1.151977e+00
  6.508487e-01   5.493277e+01   1.132369e+00
  6.555369e-01   5.405634e+01   1.119941e+00
  6.602252e-01   5.382129e+01   1.115136e+00
  6.649134e-01   5.189911e+01   1.092761e+00
  6.696016e-01   5.228349e+01   1.094523e+00
  6.742898e-01   5.019967e+01   1.069488e+00
  6.789781e-01   5.071640e+01   1.072641e+00
  6.836663e-01   5.075126e+01   1.070747e+00
  6.883545e-01   4.930002e+01   1.053369e+00
  6.930428e-01   4.935769e+01   1.051117e+00
  6.977310e-01   4.885222e+01   1.043346e+00
  7.024192e-01   4.894755e+01   1.042264e+00
  7.071074e-01   4.796468e+01   1.029772e+00
  7.117957e-01   4.829913e+01   1.031007e+00
  7.164839e-01   4.702363e+01   1.014668e+00
  7.211721e-01   4.687137e+01   1.011107e+00
  7.258604e-01   4.527626e+01   9.917263e-01
  7.305486e-01   4.535168e+01   9.908706e-01
  7.352368e-01   4.388282e+01   9.716898e-01
  7.399251e-01   4.470956e+01   9.792135e-01
  7.446133e-01   4.226442e+01   9.503569e-01
  7.493015e-01   4.366354e+01   9.648398e-01
  7.539897e-01   4.190983e+01   9.425235e-01
  7.586780e-01   4.196379e+01   9.406975e-01
  7.633662e-01   4.230714e+01   9.426812e-01
  7.680544e-01   4.094374e+01   9.257518e-01
  7.727427e-01   3.998762e+01   9.128030e-01
  7.774309e-01   4.051375e+01   9.166533e-01
  7.821191e-01   3.923688e+01   9.005192e-01
  7.868073e-01   3.861604e+01   8.917686e-01
  7.914956e-01   4.090871e+01   9.158953e-01
  7.961838e-01   3.974768e+01   9.007542e-01
  8.008720e-01   3.982452e+01   8.999698e-01
  8.055603e-01   3.918239e+01   8.910114e-01
  8.102485e-01   3.937940e+01   8.917568e-01
  8.149367e-01   3.897302e+01   8.848770e-01
  8.196249e-01   3.800499e+01   8.721589e-01
  8.243132e-01   3.708881e+01   8.602096e-01
  8.290014e-01   3.671972e+01   8.543314e-01
  8.336896e-01   3.787020e+01   8.656060e-01
  8.383779e-01   3.784205e+01   8.636343e-01
  8.430661e-01   3.676309e+01   8.497870e-01
  8.477543e-01   3.625851e+01   8.423891e-01
  8.524425e-01   3.507653e+01   8.269266e-01
  8.571308e-01   3.507437e+01   8.255675e-01
  8.618190e-01   3.426235e+01   8.142918e-01
  8.665072e-01   3.469289e+01   8.177741e-01
  8.711955e-01   3.434941e+01   8.122613e-01
  8.758837e-01   3.425043e+01   8.092512e-01
  8.805719e-01   3.444292e+01   8.100997e-01
  8.852602e-01   3.395146e+01   8.030134e-01
  8.899484e-01   3.405433e+01   8.029171e-01
  8.946366e-01   3.390812e+01   7.991533e-01
  8.993248e-01   3.283115e+01   7.852204e-01
  9.040131e-01   3.278672e+01   7.832553e-01
  9.087013e-01   3.441706e+01   8.012410e-01
  9.133895e-01   3.351253e+01   7.888919e-01
  9.180778e-01   3.389429e+01   7.920436e-01
  9.227660e-01   3.238376e+01   7.727449e-01
  9.274542e-01   3.229397e+01   7.705287e-01
  9.321424e-01   3.180063e+01   7.631813e-01
  9.368307e-01   3.244937e+01   7.692822e-01
  9.415189e-01   3.260392e+01   7.699177e-01
  9.462071e-01   3.193841e+01   7.608718e-01
  9.508954e-01   3.288518e+01   7.706212e-01
  9.555836e-01   3.232213e+01   7.624242e-01
  9.602718e-01   3.117525e+01   7.475767e-01
  9.649600e-01   3.212556e+01   7.576681e-01
  9.696483e-01   3.143975e+01   7.484111e-01
  9.743365e-01   3.075939e+01   7.385460e-01
  9.790247e-01   3.072084e+01   7.370212e-01
  9.837130e-01   3.183769e+01   7.490329e-01
  9.884012e-01   3.119789e+01   7.403388e-01
  9.930894e-01   3.161386e+01   7.437879e-01
  9.977777e-01   3.144292e+01   7.404606e-01
  1.002466e+00   3.088113e+01   7.327130e-01
  1.007154e+00   3.109713e+01   7.340728e-01
  1.011842e+00   3.189233e+01   7.421761e-01
  1.016531e+00   3.144431e+01   7.354681e-01
  1.021219e+00   3.030400e+01   7.208688e-01
  1.025907e+00   2.959334e+01   7.113771e-01
  1.030595e+00   2.988694e+01   7.137645e-01
  1.035283e+00   2.967769e+01   7.096762e-01
  1.039972e+00   2.884147e+01   6.986583e-01
  1.044660e+00   2.920232e+01   7.020222e-01
  1.049348e+00   3.078907e+01   7.195961e-01
  1.054036e+00   3.045133e+01   7.142773e-01
  1.058725e+00   3.041734e+01   7.128122e-01
  1.063413e+00   2.997192e+01   7.064543e-01
  1.068101e+00   2.980038e+01   7.034292e-01
  1.072789e+00   3.013741e+01   7.060683e-01
  1.077478e+00   2.929893e+01   6.950400e-01
  1.082166e+00   2.905580e+01   6.910740e-01
  1.086854e+00   2.975282e+01   6.983120e-01
  1.091542e+00   2.914358e+01   6.900825e-01
  1.096230e+00   2.887930e+01   6.855466e-01
  1.100919e+00   2.888665e+01   6.846787e-01
  1.105607e+00   2.913558e+01   6.867051e-01
  1.110295e+00   2.828784e+01   6.755815e-01
  1.114983e+00   2.947387e+01   6.884591e-01
  1.119672e+00   2.913824e+01   6.835558e-01
  1.124360e+00   2.818694e+01   6.711788e-01
  1.129048e+00   2.864403e+01   6.755825e-01
  1.133736e+00   2.810779e+01   6.679948e-01
  1.138425e+00   2.823671e+01   6.685199e-01
  1.143113e+00   2.877384e+01   6.738489e-01
  1.147801e+00   2.848394e+01   6.696048e-01
  1.152489e+00   2.863019e+01   6.701021e-01
  1.157177e+00   2.793108e+01   6.607434e-01
  1.161866e+00   2.816018e+01   6.626394e-01
  1.166554e+00   2.877551e+01   6.688641e-01
  1.171242e+00   2.884312e+01   6.685289e-01
  1.175930e+00   2.832079e+01   6.614025e-01
  1.180619e+00   2.827988e+01   6.599772e-01
  1.185307e+00   2.865900e+01   6.634234e-01
  1.189995e+00   2.903369e+01   6.669002e-01
  1.194683e+00   2.847951e+01   6.592202e-01
  1.199372e+00   2.823339e+01   6.554647e-01
  1.204060e+00   2.880116e+01   6.613015e-01
  1.208748e+00   2.877905e+01   6.605068e-01
  1.213436e+00   2.792054e+01   6.490816e-01
  1.218124e+00   2.786801e+01   6.473777e-01
  1.222813e+00   2.848842e+01   6.536191e-01
  1.227501e+00   2.751855e+01   6.416364e-01
  1.232189e+00   2.741582e+01   6.393631e-01
  1.236877e+00   2.828561e+01   6.483345e-01
  1.241566e+00   2.838149e+01   6.486576e-01
  1.246254e+00   2.842268e+01   6.482941e-01
  1.250942e+00   2.836766e+01   6.618637e-01
  1.255630e+00   2.817717e+01   6.774910e-01
  1.260318e+00   2.791520e+01   6.855965e-01
  1.265007e+00   2.911589e+01   7.094569e-01
  1.269695e+00   2.836250e+01   7.082222e-01
  1.274383e+00   2.789330e+01   7.094637e-01
  1.279071e+00   2.855436e+01   7.247450e-01
  1.283760e+00   2.833391e+01   7.283086e-01
  1.288448e+00   2.841250e+01   7.354048e-01
  1.293136e+00   2.810078e+01   7.371404e-01
  1.297824e+00   2.782657e+01   7.390392e-01
  1.302513e+00   2.830767e+01   7.498376e-01
  1.307201e+00   2.778572e+01   7.450312e-01
  1.311889e+00   2.862895e+01   7.569417e-01
  1.316577e+00   2.789363e+01   7.184430e-01
  1.321265e+00   2.749339e+01   6.955793e-01
  1.325954e+00   2.748335e+01   6.842480e-01
  1.330642e+00   2.773519e+01   6.786309e-01
  1.335330e+00   2.767307e+01   6.704676e-01
  1.340018e+00   2.818829e+01   6.703923e-01
  1.344707e+00   2.723392e+01   6.534268e-01
  1.349395e+00   2.762271e+01   6.531934e-01
  1.354083e+00   2.747910e+01   6.465533e-01
  1.358771e+00   2.691153e+01   6.355951e-01
  1.363460e+00   2.715707e+01   6.349987e-01
  1.368148e+00   2.788568e+01   6.416463e-01
  1.372836e+00   2.770197e+01   6.377954e-01
  1.377524e+00   2.794457e+01   6.391208e-01
  1.382212e+00   2.778497e+01   6.360350e-01
  1.386901e+00   2.794082e+01   6.364836e-01
  1.391589e+00   2.794484e+01   6.351189e-01
  1.396277e+00   2.831614e+01   6.379783e-01
  1.400965e+00   2.831177e+01   6.367538e-01
  1.405654e+00   2.867150e+01   6.396200e-01
  1.410342e+00   2.704762e+01   6.200924e-01
  1.415030e+00   2.759272e+01   6.249344e-01
  1.419718e+00   2.763510e+01   6.243643e-01
  1.424406e+00   2.633509e+01   6.085610e-01
  1.429095e+00   2.768385e+01   6.228538e-01
  1.433783e+00   2.885921e+01   6.345925e-01
  1.438471e+00   2.855258e+01   6.302363e-01
  1.443159e+00   2.820762e+01   6.254592e-01
  1.447848e+00   2.779249e+01   6.198233e-01
  1.452536e+00   2.741313e+01   6.144203e-01
  1.457224e+00   2.716859e+01   6.106939e-01
  1.461912e+00   2.799257e+01   6.189777e-01
  1.466601e+00   2.842336e+01   6.227739e-01
  1.471289e+00   2.765009e+01   6.131995e-01
  1.475977e+00   2.685137e+01   6.035775e-01
  1.480665e+00   2.794190e+01   6.145245e-01
  1.485353e+00   2.786288e+01   6.223947e-01
  1.490042e+00   2.742088e+01   6.363870e-01
  1.494730e+00   2.762611e+01   6.500371e-01
  1.499418e+00   2.725279e+01   6.539340e-01
  1.504106e+00   2.752365e+01   6.647745e-01
  1.508795e+00   2.633023e+01   6.571039e-01
  1.513483e+00   2.793428e+01   6.596724e-01
  1.518171e+00   2.683056e+01   6.320646e-01
  1.522859e+00   2.619790e+01   6.159912e-01
  1.527548e+00   2.690084e+01   6.175280e-01
  1.532236e+00   2.745044e+01   6.178296e-01
  1.536924e+00   2.770387e+01   6.157399e-01
  1.541612e+00   2.653961e+01   5.994813e-01
  1.546300e+00   2.717088e+01   6.051043e-01
  1.550989e+00   2.795730e+01   6.116121e-01
  1.555677e+00   2.720821e+01   6.002843e-01
  1.560365e+00   2.758285e+01   6.015782e-01
  1.565053e+00   2.689096e+01   5.912496e-01
  1.569742e+00   2.713611e+01   5.915344e-01
  1.574430e+00   2.654924e+01   5.838724e-01
  1.579118e+00   2.668202e+01   5.857680e-01
  1.583806e+00   2.665479e+01   5.861380e-01
  1.588495e+00   2.713103e+01   5.920451e-01
  1.593183e+00   2.657773e+01   5.862540e-01
  1.597871e+00   2.630367e+01   5.828635e-01
  1.602559e+00   2.631059e+01   5.820864e-01
  1.607247e+00   2.652848e+01   5.835664e-01
  1.611936e+00   2.755015e+01   5.935601e-01
  1.616624e+00   2.750859e+01   5.922781e-01
  1.621312e+00   2.750539e+01   5.913884e-01
  1.626000e+00   2.763667e+01   5.919008e-01
  1.630689e+00   2.761062e+01   5.906720e-01
  1.635377e+00   2.692845e+01   5.824659e-01
  1.640065e+00   2.699685e+01   5.823548e-01
  1.644753e+00   2.697043e+01   5.812760e-01
  1.649441e+00   2.681775e+01   5.788063e-01
  1.654130e+00   2.681339e+01   5.778345e-01
  1.658818e+00   2.801675e+01   5.898285e-01
  1.663506e+00   2.788496e+01   5.876696e-01
  1.668194e+00   2.656852e+01   5.729100e-01
  1.672883e+00   2.711790e+01   5.778021e-01
  1.677571e+00   2.688034e+01   5.745147e-01
  1.682259e+00   2.647047e+01   5.694347e-01
  1.686947e+00   2.692689e+01   5.735946e-01
  1.691636e+00   2.652555e+01   5.683740e-01
  1.696324e+00   2.655446e+01   5.679224e-01
  1.701012e+00   2.611511e+01   5.625203e-01
  1.705700e+00   2.599397e+01   5.605515e-01
  1.710388e+00   2.607811e+01   5.606256e-01
  1.715077e+00   2.682167e+01   5.677658e-01
  1.719765e+00   2.617573e+01   5.601932e-01
  1.724453e+00   2.610814e+01   5.588333e-01
  1.729141e+00   2.656920e+01   5.630004e-01
  1.733830e+00   2.670526e+01   5.635731e-01
  1.738518e+00   2.668680e+01   5.627411e-01
  1.743206e+00   2.686506e+01   5.639394e-01
  1.747894e+00   2.675327e+01   5.621696e-01
  1.752583e+00   2.721138e+01   5.663506e-01
  1.757271e+00   2.740588e+01   5.674970e-01
  1.761959e+00   2.731733e+01   5.658240e-01
  1.766647e+00   2.716243e+01   5.635138e-01
  1.771335e+00   2.621291e+01   5.528235e-01
  1.776024e+00   2.579032e+01   5.476580e-01
  1.780712e+00   2.583660e+01   5.474972e-01
  1.785400e+00   2.642523e+01   5.530900e-01
  1.790088e+00   2.604966e+01   5.484710e-01
  1.794777e+00   2.623746e+01   5.496740e-01
  1.799465e+00   2.639895e+01   5.506852e-01
  1.804153e+00   2.553061e+01   5.410441e-01
  1.808841e+00   2.635357e+01   5.490360e-01
  1.813530e+00   2.677175e+01   5.525274e-01
  1.818218e+00   2.643172e+01   5.484172e-01
  1.822906e+00   2.634317e+01   5.469601e-01
  1.827594e+00   2.615999e+01   5.444413e-01
  1.832282e+00   2.640764e+01   5.461137e-01
  1.836971e+00   2.590806e+01   5.404189e-01
  1.841659e+00   2.650555e+01   5.460609e-01
  1.846347e+00   2.717644e+01   5.522813e-01
  1.851035e+00   2.650869e+01   5.446588e-01
  1.855724e+00   2.691920e+01   5.483016e-01
  1.860412e+00   2.651622e+01   5.436213e-01
  1.865100e+00   2.570155e+01   5.345871e-01
  1.869788e+00   2.541655e+01   5.308996e-01
  1.874476e+00   2.556699e+01   5.318722e-01
  1.879165e+00   2.624570e+01   5.383494e-01
  1.883853e+00   2.669563e+01   5.423168e-01
  1.888541e+00   2.655425e+01   5.402359e-01
  1.893229e+00   2.615556e+01   5.357906e-01
  1.897918e+00   2.572772e+01   5.307692e-01
  1.902606e+00   2.578975e+01   5.306206e-01
  1.907294e+00   2.555526e+01   5.276791e-01
  1.911982e+00   2.648061e+01   5.363777e-01
  1.916671e+00   2.641835e+01   5.352134e-01
  1.921359e+00   2.538913e+01   5.241470e-01
  1.926047e+00   2.576065e+01   5.274349e-01
  1.930735e+00   2.595367e+01   5.286708e-01
  1.935423e+00   2.578553e+01   5.264174e-01
  1.940112e+00   2.707230e+01   5.387347e-01
  1.944800e+00   2.626023e+01   5.294059e-01
  1.949488e+00   2.587468e+01   5.241571e-01
  1.954176e+00   2.606093e+01   5.248776e-01
  1.958865e+00   2.593086e+01   5.224087e-01
  1.963553e+00   2.650362e+01   5.272197e-01
  1.968241e+00   2.591912e+01   5.208474e-01
  1.972929e+00   2.568265e+01   5.178161e-01
  1.977618e+00   2.583520e+01   5.189344e-01
  1.982306e+00   2.620647e+01   5.223600e-01
  1.986994e+00   2.600159e+01   5.202368e-01
  1.991682e+00   2.569322e+01   5.171829e-01
  1.996370e+00   2.685049e+01   5.288457e-01
  2.001059e+00   2.575874e+01   5.181413e-01
  2.005747e+00   2.625154e+01   5.229076e-01
  2.010435e+00   2.641859e+01   5.237207e-01
  2.015123e+00   2.690634e+01   5.279719e-01
  2.019812e+00   2.683528e+01   5.267575e-01
  2.024500e+00   2.670309e+01   5.249976e-01
  2.029188e+00   2.652801e+01   5.226309e-01
  2.033876e+00   2.642724e+01   5.210572e-01
  2.038565e+00   2.615293e+01   5.178013e-01
  2.043253e+00   2.565344e+01   5.124489e-01
  2.047941e+00   2.567556e+01   5.120797e-01
  2.052629e+00   2.580232e+01   5.145858e-01
  2.057317e+00   2.600361e+01   5.316850e-01
  2.062006e+00   2.641277e+01   5.455818e-01
  2.066694e+00   2.624409e+01   5.510672e-01
  2.071382e+00   2.672948e+01   5.621106e-01
  2.076070e+00   2.678653e+01   5.681984e-01
  2.080759e+00   2.640892e+01   5.691981e-01
  2.085447e+00   2.566732e+01   5.654635e-01
  2.090135e+00   2.633263e+01   5.749036e-01
  2.094823e+00   2.662428e+01   5.797317e-01
  2.099511e+00   2.657026e+01   5.807756e-01
  2.104200e+00   2.639417e+01   5.803497e-01
  2.108888e+00   2.639758e+01   5.816787e-01
  2.113576e+00   2.606375e+01   5.792642e-01
  2.118264e+00   2.676563e+01   5.812896e-01
  2.122953e+00   2.578603e+01   5.524869e-01
  2.127641e+00   2.588954e+01   5.444311e-01
  2.132329e+00   2.635387e+01   5.426197e-01
  2.137017e+00   2.624813e+01   5.364196e-01
  2.141706e+00   2.593054e+01   5.287500e-01
  2.146394e+00   2.489548e+01   5.142996e-01
  2.151082e+00   2.590641e+01   5.217499e-01
  2.155770e+00   2.606700e+01   5.222239e-01
  2.160458e+00   2.557294e+01   5.160527e-01
  2.165147e+00   2.573471e+01   5.166012e-01
  2.169835e+00   2.568251e+01   5.148726e-01
  2.174523e+00   2.556923e+01   5.128399e-01
  2.179211e+00   2.571488e+01   5.133842e-01
  2.183900e+00   2.619397e+01   5.172318e-01
  2.188588e+00   2.568610e+01   5.112554e-01
  2.193276e+00   2.624535e+01   5.159283e-01
  2.197964e+00   2.636308e+01   5.163286e-01
  2.202653e+00   2.632340e+01   5.151234e-01
  2.207341e+00   2.647352e+01   5.157782e-01
  2.212029e+00   2.579692e+01   5.083570e-01
  2.216717e+00   2.516237e+01   5.014080e-01
  2.221405e+00   2.491700e+01   4.982215e-01
  2.226094e+00   2.573311e+01   5.056202e-01
  2.230782e+00   2.581607e+01   5.057105e-01
  2.235470e+00   2.553062e+01   5.022398e-01
  2.240158e+00   2.641828e+01   5.102329e-01
  2.244847e+00   2.574266e+01   5.030733e-01
  2.249535e+00   2.587200e+01   5.035805e-01
  2.254223e+00   2.575220e+01   5.017630e-01
  2.258911e+00   2.587860e+01   5.024341e-01
  2.263600e+00   2.566803e+01   4.998045e-01
  2.268288e+00   2.643600e+01   5.065240e-01
  2.272976e+00   2.660129e+01   5.074421e-01
  2.277664e+00   2.561856e+01   4.974551e-01
  2.282352e+00   2.621767e+01   5.026873e-01
  2.287041e+00   2.585041e+01   4.985369e-01
  2.291729e+00   2.652197e+01   5.042663e-01
  2.296417e+00   2.629379e+01   5.016233e-01
  2.301105e+00   2.557526e+01   4.941725e-01
  2.305794e+00   2.526066e+01   4.905657e-01
  2.310482e+00   2.525697e+01   4.898532e-01
  2.315170e+00   2.555678e+01   4.922972e-01
  2.319858e+00   2.615140e+01   4.974735e-01
  2.324546e+00   2.530422e+01   4.888006e-01
  2.329235e+00   2.562176e+01   4.912001e-01
  2.333923e+00   2.568154e+01   4.913148e-01
  2.338611e+00   2.529357e+01   4.870929e-01
  2.343299e+00   2.519723e+01   4.856649e-01
  2.347988e+00   2.527638e+01   4.857787e-01
  2.352676e+00   2.575395e+01   4.898960e-01
  2.357364e+00   2.463490e+01   4.786547e-01
  2.362052e+00   2.526846e+01   4.842605e-01
  2.366741e+00   2.584296e+01   4.891790e-01
  2.371429e+00   2.616625e+01   4.916994e-01
  2.376117e+00   2.513045e+01   4.814312e-01
  2.380805e+00   2.570643e+01   4.864030e-01
  2.385493e+00   2.607665e+01   4.893713e-01
  2.390182e+00   2.719040e+01   4.991967e-01
  2.394870e+00   2.609227e+01   4.884843e-01
  2.399558e+00   2.511698e+01   4.788683e-01
  2.404246e+00   2.556059e+01   4.825645e-01
  2.408935e+00   2.558465e+01   4.822612e-01
  2.413623e+00   2.549974e+01   4.809791e-01
  2.418311e+00   2.559653e+01   4.814423e-01
  2.422999e+00   2.586861e+01   4.835968e-01
  2.427688e+00   2.579768e+01   4.823005e-01
  2.432376e+00   2.595051e+01   4.833139e-01
  2.437064e+00   2.555137e+01   4.790849e-01
  2.441752e+00   2.509413e+01   4.744539e-01
  2.446440e+00   2.516757e+01   4.745253e-01
  2.451129e+00   2.524385e+01   4.748210e-01
  2.455817e+00   2.556785e+01   4.774995e-01
  2.460505e+00   2.520048e+01   4.736627e-01
  2.465193e+00   2.544870e+01   4.753734e-01
  2.469882e+00   2.545517e+01   4.749430e-01
  2.474570e+00   2.572535e+01   4.770365e-01
  2.479258e+00   2.556824e+01   4.751924e-01
  2.483946e+00   2.613880e+01   4.799898e-01
  2.488634e+00   2.618397e+01   4.798568e-01
  2.493323e+00   2.515301e+01   4.699296e-01
  2.498011e+00   2.566116e+01   4.742595e-01
  2.502699e+00   2.535387e+01   4.709517e-01
  2.507387e+00   2.557674e+01   4.725061e-01
  2.512076e+00   2.601749e+01   4.761344e-01
  2.516764e+00   2.648295e+01   4.799938e-01
  2.521452e+00   2.662864e+01   4.808647e-01
  2.526140e+00   2.545954e+01   4.696918e-01
  2.530829e+00   2.585019e+01   4.728417e-01
  2.535517e+00   2.574356e+01   4.712319e-01
  2.540205e+00   2.513756e+01   4.647474e-01
  2.544893e+00   2.603444e+01   4.719387e-01
  2.549581e+00   2.534951e+01   4.648655e-01
  2.554270e+00   2.599972e+01   4.703427e-01
  2.558958e+00   2.640413e+01   4.735768e-01
  2.563646e+00   2.547408e+01   4.647525e-01
  2.568334e+00   2.541954e+01   4.637789e-01
  2.573023e+00   2.548629e+01   4.640075e-01
  2.577711e+00   2.535253e+01   4.624001e-01
  2.582399e+00   2.502930e+01   4.590649e-01
  2.587087e+00   2.590495e+01   4.667107e-01
  2.591776e+00   2.512780e+01   4.597210e-01
  2.596464e+00   2.513572e+01   4.599660e-01
  2.601152e+00   2.583050e+01   4.663436e-01
  2.605840e+00   2.562127e+01   4.640284e-01
  2.610528e+00   2.555907e+01   4.630555e-01
  2.615217e+00   2.525543e+01   4.599318e-01
  2.619905e+00   2.552104e+01   4.620217e-01
  2.624593e+00   2.591448e+01   4.650366e-01
  2.629281e+00   2.618232e+01   4.670539e-01
  2.633970e+00   2.496311e+01   4.556586e-01
  2.638658e+00   2.516624e+01   4.571932e-01
  2.643346e+00   2.551099e+01   4.598526e-01
  2.648034e+00   2.533892e+01   4.579466e-01
  2.652723e+00   2.632224e+01   4.663603e-01
  2.657411e+00   2.580064e+01   4.613032e-01
  2.662099e+00   2.560752e+01   4.591638e-01
  2.666787e+00   2.550094e+01   4.577343e-01
  2.671475e+00   2.549406e+01   4.573037e-01
  2.676164e+00   2.576331e+01   4.594237e-01
  2.680852e+00   2.478500e+01   4.503022e-01
  2.685540e+00   2.580609e+01   4.589533e-01
  2.690228e+00   2.546910e+01   4.555205e-01
  2.694917e+00   2.569785e+01   4.573416e-01
  2.699605e+00   2.574518e+01   4.573862e-01
  2.704293e+00   2.474074e+01   4.478275e-01
  2.708981e+00   2.569718e+01   4.560302e-01
  2.713669e+00   2.595079e+01   4.579659e-01
  2.718358e+00   2.520745e+01   4.509796e-01
  2.723046e+00   2.557662e+01   4.538347e-01
  2.727734e+00   2.590545e+01   4.563376e-01
  2.732422e+00   2.605801e+01   4.573717e-01
  2.737111e+00   2.571355e+01   4.539756e-01
  2.741799e+00   2.593768e+01   4.555319e-01
  2.746487e+00   2.558182e+01   4.519795e-01
  2.751175e+00   2.552666e+01   4.511770e-01
  2.755864e+00   2.544379e+01   4.500998e-01
  2.760552e+00   2.530458e+01   4.484743e-01
  2.765240e+00   2.525434e+01   4.476080e-01
  2.769928e+00   2.525080e+01   4.472378e-01
  2.774616e+00   2.502044e+01   4.449031e-01
  2.779305e+00   2.557565e+01   4.494074e-01
  2.783993e+00   2.557096e+01   4.489511e-01
  2.788681e+00   2.585388e+01   4.511046e-01
  2.793369e+00   2.557762e+01   4.484605e-01
  2.798058e+00   2.541086e+01   4.465281e-01
  2.802746e+00   2.507709e+01   4.433821e-01
  2.807434e+00   2.503825e+01   4.427884e-01
  2.812122e+00   2.509137e+01   4.426577e-01
  2.816811e+00   2.523676e+01   4.436410e-01
  2.821499e+00   2.534261e+01   4.441359e-01
  2.826187e+00   2.540179e+01   4.442539e-01
  2.830875e+00   2.502768e+01   4.406405e-01
  2.835563e+00   2.480266e+01   4.383546e-01
  2.840252e+00   2.563833e+01   4.452235e-01
  2.844940e+00   2.563660e+01   4.448943e-01
  2.849628e+00   2.488497e+01   4.379849e-01
  2.854316e+00   2.566514e+01   4.444776e-01
  2.859005e+00   2.600389e+01   4.549296e-01
  2.863693e+00   2.582988e+01   4.633496e-01
  2.868381e+00   2.478856e+01   4.599058e-01
  2.873069e+00   2.505397e+01   4.673741e-01
  2.877758e+00   2.479059e+01   4.689651e-01
  2.882446e+00   2.499830e+01   4.738615e-01
  2.887134e+00   2.439662e+01   4.696777e-01
  2.891822e+00   2.472374e+01   4.741960e-01
  2.896510e+00   2.549216e+01   4.828434e-01
  2.901199e+00   2.539950e+01   4.830938e-01
  2.905887e+00   2.531088e+01   4.834572e-01
  2.910575e+00   2.545715e+01   4.859214e-01
  2.915263e+00   2.507063e+01   4.832066e-01
  2.919952e+00   2.584620e+01   4.911767e-01
  2.924640e+00   2.562397e+01   4.758418e-01
  2.929328e+00   2.599788e+01   4.708292e-01
  2.934016e+00   2.539672e+01   4.600298e-01
  2.938704e+00   2.537873e+01   4.557145e-01
  2.943393e+00   2.529930e+01   4.517201e-01
  2.948081e+00   2.549285e+01   4.516781e-01
  2.952769e+00   2.533641e+01   4.491687e-01
  2.957457e+00   2.546290e+01   4.493789e-01
  2.962146e+00   2.520721e+01   4.461622e-01
  2.966834e+00   2.526758e+01   4.460043e-01
  2.971522e+00   2.565204e+01   4.485039e-01
  2.976210e+00   2.542368e+01   4.458083e-01
  2.980899e+00   2.548750e+01   4.456214e-01
  2.985587e+00   2.591859e+01   4.486931e-01
  2.990275e+00   2.524660e+01   4.421986e-01
  2.994963e+00   2.515466e+01   4.408605e-01
  2.999651e+00   2.515419e+01   4.402227e-01
  3.004340e+00   2.565515e+01   4.439857e-01
  3.009028e+00   2.508575e+01   4.384800e-01
  3.013716e+00   2.507828e+01   4.379325e-01
  3.018404e+00   2.527359e+01   4.391011e-01
  3.023093e+00   2.491121e+01   4.353894e-01
  3.027781e+00   2.517857e+01   4.372088e-01
  3.032469e+00   2.486528e+01   4.340413e-01
  3.037157e+00   2.514034e+01   4.359923e-01
  3.041846e+00   2.598230e+01   4.426717e-01
  3.046534e+00   2.561377e+01   4.390385e-01
  3.051222e+00   2.518952e+01   4.350698e-01
  3.055910e+00   2.548440e+01   4.371953e-01
  3.060598e+00   2.543317e+01   4.361182e-01
  3.065287e+00   2.523234e+01   4.339917e-01
  3.069975e+00   2.553682e+01   4.361882e-01
  3.074663e+00   2.546987e+01   4.352542e-01
  3.079351e+00   2.527126e+01   4.330632e-01
  3.084040e+00   2.534290e+01   4.332122e-01
  3.088728e+00   2.514153e+01   4.311265e-01
  3.093416e+00   2.506094e+01   4.302049e-01
  3.098104e+00   2.578025e+01   4.358612e-01
  3.102793e+00   2.504321e+01   4.291344e-01
  3.107481e+00   2.499531e+01   4.283544e-01
  3.112169e+00   2.540189e+01   4.314039e-01
  3.116857e+00   2.521426e+01   4.293767e-01
  3.121545e+00   2.525959e+01   4.293259e-01
  3.126234e+00   2.505817e+01   4.272563e-01
  3.130922e+00   2.523941e+01   4.284926e-01
  3.135610e+00   2.517645e+01   4.275669e-01
  3.140298e+00   2.522516e+01   4.277775e-01
  3.144987e+00   2.538567e+01   4.287853e-01
  3.149675e+00   2.599779e+01   4.333361e-01
  3.154363e+00   2.507926e+01   4.252863e-01
  3.159051e+00   2.531804e+01   4.268434e-01
  3.163739e+00   2.497385e+01   4.235739e-01
  3.168428e+00   2.535637e+01   4.265286e-01
  3.173116e+00   2.603276e+01   4.318909e-01
  3.177804e+00   2.617431e+01   4.325902e-01
  3.182492e+00   2.599835e+01   4.307634e-01
  3.187181e+00   2.530496e+01   4.246593e-01
  3.191869e+00   2.532826e+01   4.245176e-01
  3.196557e+00   2.492783e+01   4.207557e-01
  3.201245e+00   2.476681e+01   4.190450e-01
  3.205934e+00   2.497332e+01   4.204674e-01
  3.210622e+00   2.527524e+01   4.227295e-01
  3.215310e+00   2.523576e+01   4.219799e-01
  3.219998e+00   2.434050e+01   4.139441e-01
  3.224686e+00   2.416632e+01   4.117899e-01
  3.229375e+00   2.484751e+01   4.167719e-01
  3.234063e+00   2.494965e+01   4.171113e-01
  3.238751e+00   2.474008e+01   4.149988e-01
  3.243439e+00   2.505545e+01   4.173060e-01
  3.248128e+00   2.461668e+01   4.133614e-01
  3.252816e+00   2.547159e+01   4.201563e-01
  3.257504e+00   2.530106e+01   4.183511e-01
  3.262192e+00   2.497967e+01   4.154078e-01
  3.266881e+00   2.540194e+01   4.185929e-01
  3.271569e+00   2.522341e+01   4.168207e-01
  3.276257e+00   2.514928e+01   4.159035e-01
  3.280945e+00   2.482566e+01   4.132850e-01
  3.285633e+00   2.509940e+01   4.157014e-01
  3.290322e+00   2.483623e+01   4.134761e-01
  3.295010e+00   2.484060e+01   4.131663e-01
  3.299698e+00   2.527443e+01   4.164447e-01
  3.304386e+00   2.520589e+01   4.155558e-01
  3.309075e+00   2.517059e+01   4.150107e-01
  3.313763e+00   2.523416e+01   4.151913e-01
  3.318451e+00   2.506870e+01   4.134828e-01
  3.323139e+00   2.540358e+01   4.159686e-01
  3.327828e+00   2.553558e+01   4.167187e-01
  3.332516e+00   2.536131e+01   4.150387e-01
  3.337204e+00   2.518261e+01   4.131857e-01
  3.341892e+00   2.526242e+01   4.136380e-01
  3.346580e+00   2.515589e+01   4.124611e-01
  3.351269e+00   2.578883e+01   4.172694e-01
  3.355957e+00   2.567805e+01   4.168595e-01
  3.360645e+00   2.553808e+01   4.258980e-01
  3.365333e+00   2.564770e+01   4.335670e-01
  3.370022e+00   2.512545e+01   4.338356e-01
  3.374710e+00   2.459841e+01   4.313770e-01
  3.379398e+00   2.465096e+01   4.334493e-01
  3.384086e+00   2.467447e+01   4.350609e-01
  3.388774e+00   2.496621e+01   4.381183e-01
  3.393463e+00   2.467867e+01   4.352221e-01
  3.398151e+00   2.516592e+01   4.399256e-01
  3.402839e+00   2.501996e+01   4.396196e-01
  3.407527e+00   2.535098e+01   4.435000e-01
  3.412216e+00   2.585663e+01   4.487530e-01
  3.416904e+00   2.471455e+01   4.395509e-01
  3.421592e+00   2.442627e+01   4.378187e-01
  3.426280e+00   2.488264e+01   4.426189e-01
  3.430969e+00   2.500097e+01   4.444548e-01
  3.435657e+00   2.523680e+01   4.472938e-01
  3.440345e+00   2.551861e+01   4.503606e-01
  3.445033e+00   2.532338e+01   4.493230e-01
  3.449721e+00   2.513700e+01   4.484009e-01
  3.454410e+00   2.468965e+01   4.448953e-01
  3.459098e+00   2.452110e+01   4.439502e-01
  3.463786e+00   2.488618e+01   4.478118e-01
  3.468474e+00   2.433990e+01   4.434428e-01
  3.473163e+00   2.467613e+01   4.469733e-01
  3.477851e+00   2.530443e+01   4.531957e-01
  3.482539e+00   2.569499e+01   4.573924e-01
  3.487227e+00   2.552634e+01   4.561741e-01
  3.491916e+00   2.453049e+01   4.477178e-01
  3.496604e+00   2.472675e+01   4.499615e-01
  3.501292e+00   2.485692e+01   4.516034e-01
  3.505980e+00   2.444008e+01   4.482748e-01
  3.510668e+00   2.520744e+01   4.557098e-01
  3.515357e+00   2.496849e+01   4.539297e-01
  3.520045e+00   2.571181e+01   4.611487e-01
  3.524733e+00   2.516757e+01   4.566265e-01
  3.529421e+00   2.439537e+01   4.499439e-01
  3.534110e+00   2.401758e+01   4.468955e-01
  3.538798e+00   2.514404e+01   4.576105e-01
  3.543486e+00   2.510952e+01   4.576986e-01
  3.548174e+00   2.471615e+01   4.545009e-01
  3.552863e+00   2.493016e+01   4.568166e-01
  3.557551e+00   2.471252e+01   4.551621e-01
  3.562239e+00   2.534984e+01   4.614083e-01
  3.566927e+00   2.530247e+01   4.613306e-01
  3.571615e+00   2.547948e+01   4.632678e-01
  3.576304e+00   2.497421e+01   4.589783e-01
  3.580992e+00   2.461664e+01   4.559679e-01
  3.585680e+00   2.473696e+01   4.568146e-01
  3.590368e+00   2.451735e+01   4.543546e-01
  3.595057e+00   2.543506e+01   4.623677e-01
  3.599745e+00   2.494677e+01   4.575101e-01
  3.604433e+00   2.474150e+01   4.553497e-01
  3.609121e+00   2.528357e+01   4.607898e-01
  3.613809e+00   2.415562e+01   4.504574e-01
  3.618498e+00   2.491612e+01   4.577333e-01
  3.623186e+00   2.561220e+01   4.644133e-01
  3.627874e+00   2.578581e+01   4.662691e-01
  3.632562e+00   2.552039e+01   4.641073e-01
  3.637251e+00   2.573784e+01   4.663973e-01
  3.641939e+00   2.523187e+01   4.620533e-01
  3.646627e+00   2.541406e+01   4.640341e-01
  3.651315e+00   2.490570e+01   4.595937e-01
  3.656004e+00   2.530752e+01   4.637543e-01
  3.660692e+00   2.554607e+01   4.731314e-01
  3.665380e+00   2.465945e+01   4.814776e-01
  3.670068e+00   2.446893e+01   4.879026e-01
  3.674756e+00   2.492975e+01   5.002277e-01
  3.679445e+00   2.469834e+01   5.038556e-01
  3.684133e+00   2.545637e+01   5.150236e-01
  3.688821e+00   2.510320e+01   5.145967e-01
  3.693509e+00   2.556171e+01   5.223489e-01
  3.698198e+00   2.481515e+01   5.174788e-01
  3.702886e+00   2.471635e+01   5.192685e-01
  3.707574e+00   2.526241e+01   5.276011e-01
  3.712262e+00   2.483239e+01   5.257438e-01
  3.716951e+00   2.538374e+01   5.340736e-01
  3.721639e+00   2.459992e+01   5.282677e-01
  3.726327e+00   2.437877e+01   5.282555e-01
  3.731015e+00   2.441948e+01   5.311253e-01
  3.735703e+00   2.545258e+01   5.445980e-01
  3.740392e+00   2.535850e+01   5.459971e-01
  3.745080e+00   2.479856e+01   5.421805e-01
  3.749768e+00   2.456541e+01   5.419229e-01
  3.754456e+00   2.572608e+01   5.568522e-01
  3.759145e+00   2.463410e+01   5.471612e-01
  3.763833e+00   2.520183e+01   5.556385e-01
  3.768521e+00   2.462463e+01   5.514555e-01
  3.773209e+00   2.486018e+01   5.562477e-01
  3.777897e+00   2.520800e+01   5.623433e-01
  3.782586e+00   2.434184e+01   5.547216e-01
  3.787274e+00   2.426061e+01   5.559398e-01
  3.791962e+00   2.519902e+01   5.687587e-01
  3.796650e+00   2.500079e+01   5.686626e-01
  3.801339e+00   2.572447e+01   5.790024e-01
  3.806027e+00   2.633539e+01   5.880278e-01
  3.810715e+00   2.472705e+01   5.719123e-01
  3.815403e+00   2.496093e+01   5.767275e-01
  3.820092e+00   2.432231e+01   5.714017e-01
  3.824780e+00   2.427585e+01   5.729498e-01
  3.829468e+00   2.453968e+01   5.781826e-01
  3.834156e+00   2.404283e+01   5.743382e-01
  3.838844e+00   2.504258e+01   5.883027e-01
  3.843533e+00   2.542361e+01   5.948746e-01
  3.848221e+00   2.517720e+01   5.940915e-01
  3.852909e+00   2.436709e+01   5.865675e-01
  3.857597e+00   2.532448e+01   6.001180e-01
  3.862286e+00   2.553115e+01   6.047085e-01
  3.866974e+00   2.531931e+01   6.043173e-01
  3.871662e+00   2.405165e+01   5.912080e-01
  3.876350e+00   2.411742e+01   5.941998e-01
  3.881039e+00   2.487894e+01   6.054427e-01
  3.885727e+00   2.574828e+01   6.180968e-01
  3.890415e+00   2.436573e+01   6.033311e-01
  3.895103e+00   2.479495e+01   6.108258e-01
  3.899791e+00   2.390777e+01   6.018392e-01
  3.904480e+00   2.416313e+01   6.072040e-01
  3.909168e+00   2.524073e+01   6.227312e-01
  3.913856e+00   2.507026e+01   6.228829e-01
  3.918544e+00   2.418244e+01   6.137899e-01
  3.923233e+00   2.494045e+01   6.255831e-01
  3.927921e+00   2.452921e+01   6.224953e-01
  3.932609e+00   2.540628e+01   6.356712e-01
  3.937297e+00   2.482919e+01   6.295401e-01
  3.941986e+00   2.397225e+01   6.193587e-01
  3.946674e+00   2.370385e+01   6.165097e-01
  3.951362e+00   2.459736e+01   6.276590e-01
  3.956050e+00   2.593489e+01   6.434119e-01
  3.960738e+00   2.522768e+01   6.344132e-01
  3.965427e+00   2.463579e+01   6.276760e-01
  3.970115e+00   2.542213e+01   6.395860e-01
  3.974803e+00   2.511940e+01   6.378030e-01
  3.979491e+00   2.508238e+01   6.391172e-01
  3.984180e+00   2.441887e+01   6.327314e-01
  3.988868e+00   2.520964e+01   6.450352e-01
  3.993556e+00   2.502144e+01   6.447746e-01
  3.998244e+00   2.554534e+01   6.537139e-01
  4.002932e+00   2.455921e+01   6.431601e-01
  4.007621e+00   2.453888e+01   6.450197e-01
  4.012309e+00   2.526622e+01   6.567193e-01
  4.016997e+00   2.481260e+01   6.530082e-01
  4.021685e+00   2.499236e+01   6.576254e-01
  4.026374e+00   2.529366e+01   6.638173e-01
  4.031062e+00   2.544198e+01   6.680104e-01
  4.035750e+00   2.490654e+01   6.631827e-01
  4.040438e+00   2.460934e+01   6.614933e-01
  4.045127e+00   2.541582e+01   6.745480e-01
  4.049815e+00   2.506595e+01   6.721780e-01
  4.054503e+00   2.481323e+01   6.710609e-01
  4.059191e+00   2.517256e+01   6.782635e-01
  4.063879e+00   2.450876e+01   6.715821e-01
  4.068568e+00   2.454356e+01   6.743692e-01
  4.073256e+00   2.502722e+01   6.833228e-01
  4.077944e+00   2.503255e+01   6.858001e-01
  4.082632e+00   2.563598e+01   6.964288e-01
  4.087321e+00   2.534626e+01   6.949160e-01
  4.092009e+00   2.588187e+01   7.046756e-01
  4.096697e+00   2.394078e+01   6.801203e-01
  4.101385e+00   2.427371e+01   6.872134e-01
  4.106074e+00   2.449167e+01   6.927746e-01
  4.110762e+00   2.408019e+01   6.893902e-01
  4.115450e+00   2.499965e+01   7.049155e-01
  4.120138e+00   2.506638e+01   7.083250e-01
  4.124826e+00   2.576848e+01   7.207665e-01
  4.129515e+00   2.560741e+01   7.211369e-01
  4.134203e+00   2.540529e+01   7.208332e-01
  4.138891e+00   2.530278e+01   7.219949e-01
  4.143579e+00   2.540236e+01   7.260373e-01
  4.148268e+00   2.513707e+01   7.249122e-01
  4.152956e+00   2.474389e+01   7.218327e-01
  4.157644e+00   2.520265e+01   7.310818e-01
  4.162332e+00   2.558967e+01   7.394925e-01
  4.167021e+00   2.590456e+01   7.467748e-01
  4.171709e+00   2.480554e+01   7.333980e-01
  4.176397e+00   2.517202e+01   7.415975e-01
  4.181085e+00   2.546189e+01   7.486392e-01
  4.185773e+00   2.483214e+01   7.421665e-01
  4.190462e+00   2.382134e+01   7.297093e-01
  4.195150e+00   2.440039e+01   7.422019e-01
  4.199838e+00   2.468953e+01   7.486988e-01
  4.204526e+00   2.513986e+01   7.581096e-01
  4.209215e+00   2.480412e+01   7.559394e-01
  4.213903e+00   2.424467e+01   7.502428e-01
  4.218591e+00   2.423524e+01   7.529928e-01
  4.223279e+00   2.463519e+01   7.621752e-01
  4.227967e+00   2.493182e+01   7.697050e-01
  4.232656e+00   2.540018e+01   7.799688e-01
  4.237344e+00   2.484451e+01   7.744776e-01
  4.242032e+00   2.482216e+01   7.771720e-01
  4.246720e+00   2.425376e+01   7.712253e-01
  4.251409e+00   2.470789e+01   7.816755e-01
  4.256097e+00   2.472837e+01   7.850643e-01
  4.260785e+00   2.581212e+01   8.053201e-01
  4.265473e+00   2.598982e+01   8.121810e-01
  4.270162e+00   2.613913e+01   8.186064e-01
  4.274850e+00   2.536990e+01   8.122505e-01
  4.279538e+00   2.422379e+01   7.972570e-01
  4.284226e+00   2.489636e+01   8.081360e-01
  4.288914e+00   2.440874e+01   8.027022e-01
  4.293603e+00   2.512282e+01   8.178321e-01
  4.298291e+00   2.558658e+01   8.289769e-01
  4.302979e+00   2.567469e+01   8.337753e-01
  4.307667e+00   2.418741e+01   8.127851e-01
  4.312356e+00   2.406197e+01   8.142713e-01
  4.317044e+00   2.478836e+01   8.299173e-01
  4.321732e+00   2.484429e+01   8.345330e-01
  4.326420e+00   2.549005e+01   8.491032e-01
  4.331109e+00   2.491431e+01   8.430529e-01
  4.335797e+00   2.500056e+01   8.483105e-01
  4.340485e+00   2.501628e+01   8.532076e-01
  4.345173e+00   2.458632e+01   8.490750e-01
  4.349861e+00   2.476442e+01   8.557689e-01
  4.354550e+00   2.508062e+01   8.652116e-01
  4.359238e+00   2.583806e+01   8.821821e-01
  4.363926e+00   2.468622e+01   8.662718e-01
  4.368614e+00   2.408572e+01   8.596532e-01
  4.373303e+00   2.524967e+01   8.843969e-01
  4.377991e+00   2.564659e+01   8.954880e-01
  4.382679e+00   2.589731e+01   9.041202e-01
  4.387367e+00   2.511558e+01   8.947566e-01
  4.392056e+00   2.539152e+01   9.039504e-01
  4.396744e+00   2.623187e+01   9.232239e-01
  4.401432e+00   2.650583e+01   9.335802e-01
  4.406120e+00   2.433695e+01   8.970943e-01
  4.410808e+00   2.459139e+01   9.023986e-01
  4.415497e+00   2.470923e+01   9.051609e-01
  4.420185e+00   2.495368e+01   9.101897e-01
  4.424873e+00   2.625245e+01   9.342859e-01
  4.429561e+00   2.566078e+01   9.243289e-01
  4.434250e+00   2.570690e+01   9.258007e-01
  4.438938e+00   2.622728e+01   9.358306e-01
  4.443626e+00   2.581190e+01   9.289136e-01
  4.448314e+00   2.665149e+01   9.461583e-01
  4.453002e+00   2.448878e+01   9.113193e-01
  4.457691e+00   2.354166e+01   8.980682e-01
  4.462379e+00   2.394697e+01   9.103388e-01
  4.467067e+00   2.426253e+01   9.209875e-01
  4.471755e+00   2.367424e+01   9.144264e-01
  4.476444e+00   2.489122e+01   9.425587e-01
  4.481132e+00   2.575411e+01   9.637837e-01
  4.485820e+00   2.566519e+01   9.672796e-01
  4.490508e+00   2.694962e+01   9.964565e-01
  4.495197e+00   2.491723e+01   9.632921e-01
  4.499885e+00   2.517120e+01   9.734295e-01
  4.504573e+00   2.388745e+01   9.534611e-01
  4.509261e+00   2.526468e+01   9.860091e-01
  4.513949e+00   2.491848e+01   9.847521e-01
  4.518638e+00   2.472681e+01   9.864995e-01
  4.523326e+00   2.566102e+01   1.010713e+00
  4.528014e+00   2.500945e+01   1.003520e+00
  4.532702e+00   2.491579e+01   1.007437e+00
  4.537391e+00   2.571791e+01   1.029504e+00
  4.542079e+00   2.457870e+01   1.012473e+00
  4.546767e+00   2.512165e+01   1.029746e+00
  4.551455e+00   2.467211e+01   1.026638e+00
  4.556144e+00   2.491699e+01   1.038011e+00
  4.560832e+00   2.419612e+01   1.029181e+00
  4.565520e+00   2.397695e+01   1.030881e+00
  4.570208e+00   2.507322e+01   1.060943e+00
  4.574896e+00   2.536543e+01   1.073992e+00
  4.579585e+00   2.531767e+01   1.079878e+00
  4.584273e+00   2.544698e+01   1.089672e+00
  4.588961e+00   2.509719e+01   1.089280e+00
  4.593649e+00   2.464202e+01   1.086546e+00
  4.598338e+00   2.393961e+01   1.078340e+00
  4.603026e+00   2.567542e+01   1.124374e+00
  4.607714e+00   2.522200e+01   1.122095e+00
  4.612402e+00   2.381546e+01   1.097977e+00
  4.617091e+00   2.397630e+01   1.109468e+00
  4.621779e+00   2.463271e+01   1.132771e+00
  4.626467e+00   2.426489e+01   1.132519e+00
  4.631155e+00   2.496362e+01   1.157162e+00
  4.635843e+00   2.495810e+01   1.165655e+00
  4.640532e+00   2.548625e+01   1.186823e+00
  4.645220e+00   2.638617e+01   1.217034e+00
  4.649908e+00   2.420422e+01   1.174781e+00
  4.654596e+00   2.502086e+01   1.203840e+00
  4.659285e+00   2.420173e+01   1.193439e+00
  4.663973e+00   2.413578e+01   1.201477e+00
  4.668661e+00   2.416937e+01   1.212498e+00
  4.673349e+00   2.377358e+01   1.212619e+00
  4.678037e+00   2.541870e+01   1.264524e+00
  4.682726e+00   2.460909e+01   1.254946e+00
  4.687414e+00   2.474401e+01   1.269534e+00
  4.692102e+00   2.469464e+01   1.279825e+00
  4.696790e+00   2.457461e+01   1.288278e+00
  4.701479e+00   2.548269e+01   1.323951e+00
  4.706167e+00   2.459505e+01   1.312879e+00
  4.710855e+00   2.301516e+01   1.282504e+00
  4.715543e+00   2.397432e+01   1.321730e+00
  4.720232e+00   2.456043e+01   1.351018e+00
  4.724920e+00   2.560272e+01   1.393281e+00
  4.729608e+00   2.523075e+01   1.397654e+00
  4.734296e+00   2.502321e+01   1.406687e+00
  4.738984e+00   2.504215e+01   1.422247e+00
  4.743673e+00   2.531691e+01   1.445621e+00
  4.748361e+00   2.796325e+01   1.536526e+00
  4.753049e+00   2.553144e+01   1.485228e+00
  4.757737e+00   2.438952e+01   1.468510e+00
  4.762426e+00   2.590293e+01   1.531371e+00
  4.767114e+00   2.907462e+01   1.642568e+00
  4.771802e+00   2.736798e+01   1.614024e+00
  4.776490e+00   2.671662e+01   1.615058e+00
  4.781179e+00   2.582951e+01   1.608776e+00
  4.785867e+00   2.346234e+01   1.554310e+00
  4.790555e+00   2.287858e+01   1.556394e+00
  4.795243e+00   2.351203e+01   1.600107e+00
  4.799931e+00   2.584468e+01   1.701995e+00
  4.804620e+00   2.699542e+01   1.766278e+00
  4.809308e+00   2.509122e+01   1.729401e+00
  4.813996e+00   2.579618e+01   1.781373e+00
  4.818684e+00   2.487926e+01   1.778065e+00
  4.823373e+00   2.545152e+01   1.830131e+00
  4.828061e+00   2.923133e+01   1.996145e+00
  4.832749e+00   2.673116e+01   1.943521e+00
  4.837437e+00   2.598840e+01   1.952833e+00
  4.842125e+00   2.479404e+01   1.945812e+00
  4.846814e+00   2.449481e+01   1.973286e+00
  4.851502e+00   2.462405e+01   2.020262e+00
  4.856190e+00   2.706420e+01   2.166213e+00
  4.860878e+00   2.758241e+01   2.237925e+00
  4.865567e+00   2.623923e+01   2.235427e+00
  4.870255e+00   2.452153e+01   2.216854e+00
  4.874943e+00   2.531013e+01   2.315149e+00
  4.879631e+00   2.703841e+01   2.460377e+00
  4.884320e+00   2.591182e+01   2.480508e+00
  4.889008e+00   2.110607e+01   2.312352e+00
  4.893696e+00   2.261528e+01   2.475797e+00
  4.898384e+00   2.521759e+01   2.709392e+00
  4.903072e+00   2.476445e+01   2.791937e+00
  4.907761e+00   2.464515e+01   2.943300e+00
  4.912449e+00   2.562479e+01   4.146872e+00
  4.917137e+00   1.947997e+01   9.939728e+00
