# GI Buffer
# Sample c= 0.0 mg/ml
#
# Sample environment:
# Detector = Pilatus
# PixelSize_1 = 0.000172
# PixelSize_2 = 0.000172
#
# title = GI Buffer
# Frame 72 of 120
# Time per frame (s) = 1.0
# SampleDistance = 2.869
# WaveLength = 9.919e-11
# Normalization = 0.001062898
# DiodeCurr = 8.732378e-05
# MachCurr = 68.86238
# Mask = /data/bm29/archive/CALIBRATION/MASK/BM29/Pcon_19thNovember2015_7keV_v3.edf
#
# N 3
# L q*nm  I_GI Buffer  stddev
#
# Sample Information:
# Storage Temperature (degrees C): 20.0
# Measurement Temperature (degrees C): 20.08
# Concentration: 0.0
# Code: GIBuffer
  3.200246e-02   1.427617e+02   1.794608e+01
  3.669069e-02   5.012141e+02   1.526662e+01
  4.137892e-02   6.785435e+02   1.323231e+01
  4.606715e-02   5.770802e+02   1.010410e+01
  5.075538e-02   3.797164e+02   7.445080e+00
  5.544361e-02   2.803920e+02   5.910585e+00
  6.013183e-02   2.053354e+02   4.835835e+00
  6.482006e-02   1.674794e+02   4.190229e+00
  6.950829e-02   1.327698e+02   3.579808e+00
  7.419652e-02   1.098587e+02   3.125808e+00
  7.888475e-02   9.359029e+01   2.789039e+00
  8.357298e-02   8.306454e+01   2.549268e+00
  8.826121e-02   7.328184e+01   2.326637e+00
  9.294944e-02   6.417759e+01   2.113511e+00
  9.763767e-02   5.777368e+01   1.949989e+00
  1.023259e-01   5.488135e+01   1.855327e+00
  1.070141e-01   4.921691e+01   1.716829e+00
  1.117024e-01   4.755019e+01   1.649264e+00
  1.163906e-01   4.526053e+01   1.570107e+00
  1.210788e-01   4.046767e+01   1.455463e+00
  1.257670e-01   3.991221e+01   1.417672e+00
  1.304553e-01   3.927895e+01   1.381610e+00
  1.351435e-01   3.590714e+01   1.294366e+00
  1.398317e-01   3.731421e+01   1.296700e+00
  1.445200e-01   3.555811e+01   1.244900e+00
  1.492082e-01   3.434462e+01   1.203950e+00
  1.538964e-01   3.253508e+01   1.151175e+00
  1.585846e-01   3.302114e+01   1.141343e+00
  1.632729e-01   3.269059e+01   1.119123e+00
  1.679611e-01   3.268213e+01   1.103229e+00
  1.726493e-01   3.258789e+01   1.085313e+00
  1.773376e-01   3.120671e+01   1.046191e+00
  1.820258e-01   3.113079e+01   1.031499e+00
  1.867140e-01   3.158191e+01   1.025871e+00
  1.914022e-01   2.960674e+01   9.807330e-01
  1.960905e-01   3.125551e+01   9.936466e-01
  2.007787e-01   2.982062e+01   9.602179e-01
  2.054669e-01   2.984878e+01   9.497099e-01
  2.101552e-01   2.923550e+01   9.293736e-01
  2.148434e-01   2.752877e+01   8.902890e-01
  2.195316e-01   2.891496e+01   9.024645e-01
  2.242199e-01   2.838058e+01   8.848155e-01
  2.289081e-01   2.832178e+01   8.748359e-01
  2.335963e-01   2.886056e+01   8.732145e-01
  2.382845e-01   2.831847e+01   8.558683e-01
  2.429728e-01   2.661253e+01   8.217660e-01
  2.476610e-01   2.711021e+01   8.216002e-01
  2.523492e-01   2.743228e+01   8.183260e-01
  2.570375e-01   2.763437e+01   8.129155e-01
  2.617257e-01   2.765233e+01   8.059998e-01
  2.664139e-01   2.798785e+01   8.038052e-01
  2.711021e-01   2.657189e+01   7.764371e-01
  2.757904e-01   2.651517e+01   7.681673e-01
  2.804786e-01   2.732766e+01   7.736818e-01
  2.851668e-01   2.831828e+01   7.811961e-01
  2.898551e-01   2.744528e+01   7.624174e-01
  2.945433e-01   2.693667e+01   7.492347e-01
  2.992315e-01   2.730050e+01   7.651150e-01
  3.039197e-01   2.641335e+01   7.585263e-01
  3.086080e-01   2.683974e+01   7.668398e-01
  3.132962e-01   2.794164e+01   7.828307e-01
  3.179844e-01   2.737609e+01   7.747160e-01
  3.226727e-01   2.628115e+01   7.590438e-01
  3.273609e-01   2.694301e+01   7.676854e-01
  3.320491e-01   2.760324e+01   7.756385e-01
  3.367374e-01   2.823953e+01   7.824621e-01
  3.414256e-01   2.723899e+01   7.669142e-01
  3.461138e-01   2.586377e+01   7.457762e-01
  3.508020e-01   2.698019e+01   7.598706e-01
  3.554903e-01   2.673540e+01   7.535926e-01
  3.601785e-01   2.750645e+01   7.629231e-01
  3.648667e-01   2.807192e+01   7.762780e-01
  3.695550e-01   2.625290e+01   7.677087e-01
  3.742432e-01   2.595553e+01   7.719762e-01
  3.789314e-01   2.655536e+01   7.882192e-01
  3.836196e-01   2.592484e+01   7.837923e-01
  3.883079e-01   2.549439e+01   7.814804e-01
  3.929961e-01   2.658683e+01   8.053376e-01
  3.976843e-01   2.721702e+01   8.258992e-01
  4.023726e-01   2.664022e+01   8.252050e-01
  4.070608e-01   2.615704e+01   8.210191e-01
  4.117490e-01   2.739002e+01   8.417985e-01
  4.164372e-01   2.787362e+01   8.506238e-01
  4.211255e-01   2.705349e+01   8.396921e-01
  4.258137e-01   2.752827e+01   8.477433e-01
  4.305019e-01   2.715090e+01   8.411270e-01
  4.351902e-01   2.743796e+01   8.438187e-01
  4.398784e-01   2.554134e+01   8.131470e-01
  4.445666e-01   2.716684e+01   8.482301e-01
  4.492548e-01   2.604870e+01   8.589525e-01
  4.539431e-01   2.632648e+01   8.801398e-01
  4.586313e-01   2.721545e+01   9.083708e-01
  4.633195e-01   2.741021e+01   9.238073e-01
  4.680078e-01   2.692301e+01   9.263722e-01
  4.726960e-01   2.626048e+01   9.246829e-01
  4.773842e-01   2.533593e+01   9.172921e-01
  4.820725e-01   2.665427e+01   9.498960e-01
  4.867607e-01   2.711410e+01   9.672046e-01
  4.914489e-01   2.642855e+01   9.632350e-01
  4.961371e-01   2.575558e+01   9.587283e-01
  5.008254e-01   2.739064e+01   9.968174e-01
  5.055136e-01   2.754806e+01   1.008051e+00
  5.102018e-01   2.637689e+01   9.637690e-01
  5.148901e-01   2.536204e+01   9.120272e-01
  5.195783e-01   2.499461e+01   8.901795e-01
  5.242665e-01   2.641836e+01   9.044516e-01
  5.289547e-01   2.771226e+01   9.175302e-01
  5.336430e-01   2.640602e+01   8.878794e-01
  5.383312e-01   2.645775e+01   8.822854e-01
  5.430194e-01   2.561097e+01   8.628251e-01
  5.477077e-01   2.687639e+01   8.789769e-01
  5.523959e-01   2.662384e+01   8.699659e-01
  5.570841e-01   2.582255e+01   8.520951e-01
  5.617723e-01   2.638661e+01   8.577017e-01
  5.664606e-01   2.621426e+01   8.511432e-01
  5.711488e-01   2.675751e+01   8.565235e-01
  5.758370e-01   2.499864e+01   8.232724e-01
  5.805253e-01   2.547627e+01   8.259733e-01
  5.852135e-01   2.577305e+01   8.254502e-01
  5.899017e-01   2.552978e+01   8.158564e-01
  5.945900e-01   2.559701e+01   8.103738e-01
  5.992782e-01   2.543626e+01   8.026271e-01
  6.039664e-01   2.560628e+01   8.005760e-01
  6.086546e-01   2.588677e+01   8.001525e-01
  6.133429e-01   2.692082e+01   8.107108e-01
  6.180311e-01   2.611262e+01   7.937361e-01
  6.227193e-01   2.635205e+01   7.929751e-01
  6.274076e-01   2.653486e+01   7.923992e-01
  6.320958e-01   2.698564e+01   7.968766e-01
  6.367840e-01   2.710952e+01   7.964095e-01
  6.414722e-01   2.584698e+01   7.760797e-01
  6.461605e-01   2.622382e+01   7.799056e-01
  6.508487e-01   2.619254e+01   7.777714e-01
  6.555369e-01   2.757883e+01   7.957024e-01
  6.602252e-01   2.633132e+01   7.758511e-01
  6.649134e-01   2.697162e+01   7.835920e-01
  6.696016e-01   2.674847e+01   7.787237e-01
  6.742898e-01   2.585836e+01   7.635142e-01
  6.789781e-01   2.614561e+01   7.660739e-01
  6.836663e-01   2.597232e+01   7.619210e-01
  6.883545e-01   2.698047e+01   7.751273e-01
  6.930428e-01   2.613565e+01   7.608190e-01
  6.977310e-01   2.507150e+01   7.434768e-01
  7.024192e-01   2.668759e+01   7.655224e-01
  7.071074e-01   2.568578e+01   7.495792e-01
  7.117957e-01   2.645796e+01   7.590342e-01
  7.164839e-01   2.483474e+01   7.334772e-01
  7.211721e-01   2.525122e+01   7.382029e-01
  7.258604e-01   2.615301e+01   7.497362e-01
  7.305486e-01   2.640870e+01   7.521160e-01
  7.352368e-01   2.599634e+01   7.439224e-01
  7.399251e-01   2.703023e+01   7.573439e-01
  7.446133e-01   2.602574e+01   7.418087e-01
  7.493015e-01   2.615430e+01   7.427769e-01
  7.539897e-01   2.529171e+01   7.283069e-01
  7.586780e-01   2.631788e+01   7.410187e-01
  7.633662e-01   2.563691e+01   7.299312e-01
  7.680544e-01   2.531679e+01   7.240962e-01
  7.727427e-01   2.656394e+01   7.400340e-01
  7.774309e-01   2.694128e+01   7.435395e-01
  7.821191e-01   2.582382e+01   7.266864e-01
  7.868073e-01   2.558989e+01   7.220938e-01
  7.914956e-01   2.564197e+01   7.212816e-01
  7.961838e-01   2.585691e+01   7.226531e-01
  8.008720e-01   2.622130e+01   7.263917e-01
  8.055603e-01   2.657700e+01   7.299311e-01
  8.102485e-01   2.577728e+01   7.176647e-01
  8.149367e-01   2.648371e+01   7.255735e-01
  8.196249e-01   2.648690e+01   7.242391e-01
  8.243132e-01   2.596801e+01   7.159675e-01
  8.290014e-01   2.666750e+01   7.242007e-01
  8.336896e-01   2.608852e+01   7.146399e-01
  8.383779e-01   2.684017e+01   7.234796e-01
  8.430661e-01   2.529964e+01   7.012168e-01
  8.477543e-01   2.623623e+01   7.127703e-01
  8.524425e-01   2.585018e+01   7.061250e-01
  8.571308e-01   2.562431e+01   7.018994e-01
  8.618190e-01   2.474608e+01   6.883603e-01
  8.665072e-01   2.569795e+01   7.000893e-01
  8.711955e-01   2.608714e+01   7.041100e-01
  8.758837e-01   2.577161e+01   6.982521e-01
  8.805719e-01   2.648885e+01   7.066612e-01
  8.852602e-01   2.614795e+01   7.009766e-01
  8.899484e-01   2.669374e+01   7.070991e-01
  8.946366e-01   2.646541e+01   7.022773e-01
  8.993248e-01   2.584017e+01   6.929267e-01
  9.040131e-01   2.616183e+01   6.959525e-01
  9.087013e-01   2.604577e+01   6.933237e-01
  9.133895e-01   2.581386e+01   6.887023e-01
  9.180778e-01   2.547742e+01   6.830534e-01
  9.227660e-01   2.550094e+01   6.820900e-01
  9.274542e-01   2.626230e+01   6.911712e-01
  9.321424e-01   2.600347e+01   6.864622e-01
  9.368307e-01   2.552791e+01   6.787054e-01
  9.415189e-01   2.549453e+01   6.772110e-01
  9.462071e-01   2.602139e+01   6.831424e-01
  9.508954e-01   2.528234e+01   6.721104e-01
  9.555836e-01   2.505503e+01   6.677060e-01
  9.602718e-01   2.741819e+01   6.973667e-01
  9.649600e-01   2.676751e+01   6.879371e-01
  9.696483e-01   2.652730e+01   6.838145e-01
  9.743365e-01   2.564803e+01   6.708212e-01
  9.790247e-01   2.593610e+01   6.736075e-01
  9.837130e-01   2.543748e+01   6.659756e-01
  9.884012e-01   2.572718e+01   6.687366e-01
  9.930894e-01   2.654480e+01   6.779398e-01
  9.977777e-01   2.599053e+01   6.696367e-01
  1.002466e+00   2.545161e+01   6.616617e-01
  1.007154e+00   2.548375e+01   6.610004e-01
  1.011842e+00   2.592164e+01   6.655585e-01
  1.016531e+00   2.544124e+01   6.580411e-01
  1.021219e+00   2.647926e+01   6.702707e-01
  1.025907e+00   2.592624e+01   6.623138e-01
  1.030595e+00   2.443354e+01   6.419461e-01
  1.035283e+00   2.590154e+01   6.594761e-01
  1.039972e+00   2.669701e+01   6.686187e-01
  1.044660e+00   2.585684e+01   6.570842e-01
  1.049348e+00   2.592874e+01   6.568591e-01
  1.054036e+00   2.540730e+01   6.489840e-01
  1.058725e+00   2.603545e+01   6.559764e-01
  1.063413e+00   2.554317e+01   6.487170e-01
  1.068101e+00   2.642737e+01   6.589121e-01
  1.072789e+00   2.583869e+01   6.503095e-01
  1.077478e+00   2.662164e+01   6.590108e-01
  1.082166e+00   2.648002e+01   6.562335e-01
  1.086854e+00   2.614001e+01   6.510726e-01
  1.091542e+00   2.614856e+01   6.501963e-01
  1.096230e+00   2.602492e+01   6.473356e-01
  1.100919e+00   2.540545e+01   6.386940e-01
  1.105607e+00   2.504805e+01   6.333393e-01
  1.110295e+00   2.541336e+01   6.369421e-01
  1.114983e+00   2.545701e+01   6.364353e-01
  1.119672e+00   2.580060e+01   6.398061e-01
  1.124360e+00   2.611839e+01   6.426560e-01
  1.129048e+00   2.566924e+01   6.361492e-01
  1.133736e+00   2.666435e+01   6.471670e-01
  1.138425e+00   2.562238e+01   6.334439e-01
  1.143113e+00   2.558361e+01   6.320270e-01
  1.147801e+00   2.591936e+01   6.353626e-01
  1.152489e+00   2.589466e+01   6.339064e-01
  1.157177e+00   2.493481e+01   6.209877e-01
  1.161866e+00   2.549831e+01   6.272004e-01
  1.166554e+00   2.593621e+01   6.316417e-01
  1.171242e+00   2.613218e+01   6.329626e-01
  1.175930e+00   2.551691e+01   6.244797e-01
  1.180619e+00   2.550246e+01   6.234078e-01
  1.185307e+00   2.575218e+01   6.255447e-01
  1.189995e+00   2.663259e+01   6.353420e-01
  1.194683e+00   2.617581e+01   6.286450e-01
  1.199372e+00   2.500364e+01   6.135650e-01
  1.204060e+00   2.498270e+01   6.126400e-01
  1.208748e+00   2.595926e+01   6.239882e-01
  1.213436e+00   2.619864e+01   6.254145e-01
  1.218124e+00   2.577670e+01   6.193120e-01
  1.222813e+00   2.607324e+01   6.219839e-01
  1.227501e+00   2.631629e+01   6.241366e-01
  1.232189e+00   2.580546e+01   6.170123e-01
  1.236877e+00   2.578531e+01   6.157346e-01
  1.241566e+00   2.501574e+01   6.057532e-01
  1.246254e+00   2.446279e+01   5.982512e-01
  1.250942e+00   2.568887e+01   6.264989e-01
  1.255630e+00   2.594639e+01   6.466725e-01
  1.260318e+00   2.628047e+01   6.616920e-01
  1.265007e+00   2.502576e+01   6.542530e-01
  1.269695e+00   2.557295e+01   6.689271e-01
  1.274383e+00   2.572687e+01   6.777427e-01
  1.279071e+00   2.590476e+01   6.866412e-01
  1.283760e+00   2.709607e+01   7.084454e-01
  1.288448e+00   2.623204e+01   7.028764e-01
  1.293136e+00   2.606744e+01   7.062059e-01
  1.297824e+00   2.496500e+01   6.962971e-01
  1.302513e+00   2.615636e+01   7.169600e-01
  1.307201e+00   2.499625e+01   7.028978e-01
  1.311889e+00   2.549891e+01   7.105778e-01
  1.316577e+00   2.552082e+01   6.835625e-01
  1.321265e+00   2.522036e+01   6.626729e-01
  1.325954e+00   2.568673e+01   6.579975e-01
  1.330642e+00   2.581983e+01   6.513071e-01
  1.335330e+00   2.496812e+01   6.334803e-01
  1.340018e+00   2.514608e+01   6.298265e-01
  1.344707e+00   2.664596e+01   6.429077e-01
  1.349395e+00   2.591564e+01   6.293333e-01
  1.354083e+00   2.553480e+01   6.199554e-01
  1.358771e+00   2.559556e+01   6.165734e-01
  1.363460e+00   2.592962e+01   6.171925e-01
  1.368148e+00   2.619969e+01   6.186488e-01
  1.372836e+00   2.565763e+01   6.105559e-01
  1.377524e+00   2.556970e+01   6.081184e-01
  1.382212e+00   2.573606e+01   6.088891e-01
  1.386901e+00   2.527197e+01   6.021134e-01
  1.391589e+00   2.523756e+01   6.003700e-01
  1.396277e+00   2.507463e+01   5.971688e-01
  1.400965e+00   2.541075e+01   6.000506e-01
  1.405654e+00   2.623791e+01   6.086290e-01
  1.410342e+00   2.523640e+01   5.957948e-01
  1.415030e+00   2.600030e+01   6.034170e-01
  1.419718e+00   2.592063e+01   6.014802e-01
  1.424406e+00   2.578888e+01   5.990238e-01
  1.429095e+00   2.502688e+01   5.890706e-01
  1.433783e+00   2.562930e+01   5.948565e-01
  1.438471e+00   2.468820e+01   5.829301e-01
  1.443159e+00   2.574395e+01   5.943530e-01
  1.447848e+00   2.596968e+01   5.959756e-01
  1.452536e+00   2.547892e+01   5.892071e-01
  1.457224e+00   2.494386e+01   5.820537e-01
  1.461912e+00   2.517777e+01   5.839199e-01
  1.466601e+00   2.557663e+01   5.876321e-01
  1.471289e+00   2.631659e+01   5.950583e-01
  1.475977e+00   2.514734e+01   5.810145e-01
  1.480665e+00   2.548671e+01   5.837935e-01
  1.485353e+00   2.521975e+01   5.889987e-01
  1.490042e+00   2.590830e+01   6.153060e-01
  1.494730e+00   2.525150e+01   6.181772e-01
  1.499418e+00   2.472720e+01   6.195937e-01
  1.504106e+00   2.527416e+01   6.336520e-01
  1.508795e+00   2.575267e+01   6.464114e-01
  1.513483e+00   2.608204e+01   6.340470e-01
  1.518171e+00   2.544550e+01   6.122702e-01
  1.522859e+00   2.561415e+01   6.058601e-01
  1.527548e+00   2.597998e+01   6.036488e-01
  1.532236e+00   2.533681e+01   5.904200e-01
  1.536924e+00   2.520080e+01   5.841513e-01
  1.541612e+00   2.479193e+01   5.763345e-01
  1.546300e+00   2.560209e+01   5.842613e-01
  1.550989e+00   2.552845e+01   5.813422e-01
  1.555677e+00   2.492291e+01   5.714753e-01
  1.560365e+00   2.486632e+01   5.681583e-01
  1.565053e+00   2.509354e+01   5.681195e-01
  1.569742e+00   2.610796e+01   5.771434e-01
  1.574430e+00   2.636724e+01   5.787826e-01
  1.579118e+00   2.521544e+01   5.664227e-01
  1.583806e+00   2.562505e+01   5.716573e-01
  1.588495e+00   2.599049e+01   5.763946e-01
  1.593183e+00   2.588642e+01   5.755115e-01
  1.597871e+00   2.525938e+01   5.681476e-01
  1.602559e+00   2.604813e+01   5.761048e-01
  1.607247e+00   2.516647e+01   5.653749e-01
  1.611936e+00   2.452354e+01   5.570388e-01
  1.616624e+00   2.615707e+01   5.744829e-01
  1.621312e+00   2.577577e+01   5.694569e-01
  1.626000e+00   2.571815e+01   5.679590e-01
  1.630689e+00   2.579924e+01   5.679404e-01
  1.635377e+00   2.542267e+01   5.629456e-01
  1.640065e+00   2.399632e+01   5.461283e-01
  1.644753e+00   2.542940e+01   5.614325e-01
  1.649441e+00   2.569061e+01   5.635085e-01
  1.654130e+00   2.582322e+01   5.640582e-01
  1.658818e+00   2.591794e+01   5.642976e-01
  1.663506e+00   2.588000e+01   5.631465e-01
  1.668194e+00   2.534102e+01   5.565522e-01
  1.672883e+00   2.516417e+01   5.536476e-01
  1.677571e+00   2.466913e+01   5.474593e-01
  1.682259e+00   2.612822e+01   5.627417e-01
  1.686947e+00   2.578032e+01   5.582737e-01
  1.691636e+00   2.679537e+01   5.682284e-01
  1.696324e+00   2.635332e+01   5.627675e-01
  1.701012e+00   2.527070e+01   5.504171e-01
  1.705700e+00   2.598545e+01   5.574879e-01
  1.710388e+00   2.583211e+01   5.550165e-01
  1.715077e+00   2.639002e+01   5.601925e-01
  1.719765e+00   2.597804e+01   5.551147e-01
  1.724453e+00   2.540813e+01   5.483676e-01
  1.729141e+00   2.597517e+01   5.537195e-01
  1.733830e+00   2.577099e+01   5.506917e-01
  1.738518e+00   2.594879e+01   5.519630e-01
  1.743206e+00   2.544712e+01   5.459451e-01
  1.747894e+00   2.547986e+01   5.457183e-01
  1.752583e+00   2.551506e+01   5.455059e-01
  1.757271e+00   2.501742e+01   5.393295e-01
  1.761959e+00   2.566321e+01   5.455177e-01
  1.766647e+00   2.560907e+01   5.442623e-01
  1.771335e+00   2.528409e+01   5.400620e-01
  1.776024e+00   2.557862e+01   5.425137e-01
  1.780712e+00   2.591533e+01   5.454233e-01
  1.785400e+00   2.538540e+01   5.392244e-01
  1.790088e+00   2.563456e+01   5.411986e-01
  1.794777e+00   2.516986e+01   5.355201e-01
  1.799465e+00   2.494480e+01   5.324650e-01
  1.804153e+00   2.615020e+01   5.446665e-01
  1.808841e+00   2.557511e+01   5.379983e-01
  1.813530e+00   2.543209e+01   5.356703e-01
  1.818218e+00   2.566282e+01   5.375162e-01
  1.822906e+00   2.592264e+01   5.397000e-01
  1.827594e+00   2.660641e+01   5.461558e-01
  1.832282e+00   2.520576e+01   5.307125e-01
  1.836971e+00   2.534228e+01   5.316515e-01
  1.841659e+00   2.557129e+01   5.335069e-01
  1.846347e+00   2.528923e+01   5.299355e-01
  1.851035e+00   2.521719e+01   5.284086e-01
  1.855724e+00   2.492240e+01   5.247766e-01
  1.860412e+00   2.546580e+01   5.299202e-01
  1.865100e+00   2.563788e+01   5.310937e-01
  1.869788e+00   2.555154e+01   5.294850e-01
  1.874476e+00   2.495890e+01   5.227226e-01
  1.879165e+00   2.603927e+01   5.333849e-01
  1.883853e+00   2.598117e+01   5.321738e-01
  1.888541e+00   2.500173e+01   5.214258e-01
  1.893229e+00   2.491451e+01   5.201521e-01
  1.897918e+00   2.589201e+01   5.296378e-01
  1.902606e+00   2.545860e+01   5.244076e-01
  1.907294e+00   2.570987e+01   5.264666e-01
  1.911982e+00   2.564660e+01   5.250647e-01
  1.916671e+00   2.566294e+01   5.247089e-01
  1.921359e+00   2.571897e+01   5.247435e-01
  1.926047e+00   2.585706e+01   5.256192e-01
  1.930735e+00   2.548181e+01   5.210654e-01
  1.935423e+00   2.513746e+01   5.170041e-01
  1.940112e+00   2.532928e+01   5.183402e-01
  1.944800e+00   2.535933e+01   5.174872e-01
  1.949488e+00   2.499900e+01   5.124794e-01
  1.954176e+00   2.559599e+01   5.174164e-01
  1.958865e+00   2.561103e+01   5.164242e-01
  1.963553e+00   2.540654e+01   5.134556e-01
  1.968241e+00   2.521179e+01   5.109675e-01
  1.972929e+00   2.560737e+01   5.143150e-01
  1.977618e+00   2.514897e+01   5.092814e-01
  1.982306e+00   2.541001e+01   5.116336e-01
  1.986994e+00   2.517427e+01   5.091792e-01
  1.991682e+00   2.643230e+01   5.217874e-01
  1.996370e+00   2.601885e+01   5.178310e-01
  2.001059e+00   2.482153e+01   5.059310e-01
  2.005747e+00   2.513509e+01   5.089543e-01
  2.010435e+00   2.618901e+01   5.186753e-01
  2.015123e+00   2.610074e+01   5.172508e-01
  2.019812e+00   2.553498e+01   5.111125e-01
  2.024500e+00   2.528609e+01   5.081692e-01
  2.029188e+00   2.520910e+01   5.067719e-01
  2.033876e+00   2.505846e+01   5.046936e-01
  2.038565e+00   2.505203e+01   5.040987e-01
  2.043253e+00   2.549981e+01   5.082031e-01
  2.047941e+00   2.632675e+01   5.157833e-01
  2.052629e+00   2.578627e+01   5.116981e-01
  2.057317e+00   2.603809e+01   5.292163e-01
  2.062006e+00   2.591974e+01   5.376001e-01
  2.066694e+00   2.521417e+01   5.372820e-01
  2.071382e+00   2.511819e+01   5.420155e-01
  2.076070e+00   2.532237e+01   5.495219e-01
  2.080759e+00   2.571066e+01   5.586450e-01
  2.085447e+00   2.570488e+01   5.628766e-01
  2.090135e+00   2.544914e+01   5.621802e-01
  2.094823e+00   2.569913e+01   5.665503e-01
  2.099511e+00   2.540302e+01   5.648644e-01
  2.104200e+00   2.555759e+01   5.680503e-01
  2.108888e+00   2.574098e+01   5.713533e-01
  2.113576e+00   2.494794e+01   5.637243e-01
  2.118264e+00   2.558181e+01   5.652760e-01
  2.122953e+00   2.598405e+01   5.516635e-01
  2.127641e+00   2.586798e+01   5.413188e-01
  2.132329e+00   2.558176e+01   5.317771e-01
  2.137017e+00   2.577250e+01   5.287189e-01
  2.141706e+00   2.528502e+01   5.193585e-01
  2.146394e+00   2.588897e+01   5.216803e-01
  2.151082e+00   2.541788e+01   5.140668e-01
  2.155770e+00   2.510220e+01   5.097512e-01
  2.160458e+00   2.513249e+01   5.088766e-01
  2.165147e+00   2.529665e+01   5.094699e-01
  2.169835e+00   2.598799e+01   5.151794e-01
  2.174523e+00   2.489652e+01   5.033655e-01
  2.179211e+00   2.510777e+01   5.045978e-01
  2.183900e+00   2.549883e+01   5.076165e-01
  2.188588e+00   2.566940e+01   5.083792e-01
  2.193276e+00   2.504140e+01   5.012837e-01
  2.197964e+00   2.527319e+01   5.028625e-01
  2.202653e+00   2.546280e+01   5.039466e-01
  2.207341e+00   2.584754e+01   5.069414e-01
  2.212029e+00   2.555698e+01   5.033044e-01
  2.216717e+00   2.497569e+01   4.968959e-01
  2.221405e+00   2.536839e+01   5.000485e-01
  2.226094e+00   2.526136e+01   4.983079e-01
  2.230782e+00   2.613835e+01   5.061592e-01
  2.235470e+00   2.524174e+01   4.967424e-01
  2.240158e+00   2.618977e+01   5.053278e-01
  2.244847e+00   2.605654e+01   5.034474e-01
  2.249535e+00   2.578317e+01   5.000498e-01
  2.254223e+00   2.484133e+01   4.901962e-01
  2.258911e+00   2.496677e+01   4.908865e-01
  2.263600e+00   2.561874e+01   4.966768e-01
  2.268288e+00   2.557759e+01   4.955907e-01
  2.272976e+00   2.582630e+01   4.973446e-01
  2.277664e+00   2.526537e+01   4.913946e-01
  2.282352e+00   2.476889e+01   4.860100e-01
  2.287041e+00   2.594668e+01   4.968159e-01
  2.291729e+00   2.583477e+01   4.950516e-01
  2.296417e+00   2.534208e+01   4.898503e-01
  2.301105e+00   2.472185e+01   4.832815e-01
  2.305794e+00   2.474413e+01   4.829498e-01
  2.310482e+00   2.502036e+01   4.849681e-01
  2.315170e+00   2.507713e+01   4.850700e-01
  2.319858e+00   2.486417e+01   4.825036e-01
  2.324546e+00   2.552826e+01   4.883564e-01
  2.329235e+00   2.524472e+01   4.849873e-01
  2.333923e+00   2.521806e+01   4.842796e-01
  2.338611e+00   2.528092e+01   4.843889e-01
  2.343299e+00   2.530421e+01   4.841142e-01
  2.347988e+00   2.468687e+01   4.775348e-01
  2.352676e+00   2.521694e+01   4.821912e-01
  2.357364e+00   2.574419e+01   4.867181e-01
  2.362052e+00   2.503399e+01   4.794528e-01
  2.366741e+00   2.554486e+01   4.837707e-01
  2.371429e+00   2.553099e+01   4.831187e-01
  2.376117e+00   2.559324e+01   4.832678e-01
  2.380805e+00   2.550319e+01   4.819075e-01
  2.385493e+00   2.526179e+01   4.791105e-01
  2.390182e+00   2.547869e+01   4.806662e-01
  2.394870e+00   2.613344e+01   4.862775e-01
  2.399558e+00   2.535620e+01   4.785922e-01
  2.404246e+00   2.512856e+01   4.759319e-01
  2.408935e+00   2.508797e+01   4.750250e-01
  2.413623e+00   2.498087e+01   4.735363e-01
  2.418311e+00   2.512600e+01   4.744676e-01
  2.422999e+00   2.513249e+01   4.741390e-01
  2.427688e+00   2.517929e+01   4.739583e-01
  2.432376e+00   2.581503e+01   4.794946e-01
  2.437064e+00   2.512632e+01   4.725644e-01
  2.441752e+00   2.442546e+01   4.656081e-01
  2.446440e+00   2.497073e+01   4.701598e-01
  2.451129e+00   2.509577e+01   4.709161e-01
  2.455817e+00   2.515328e+01   4.711012e-01
  2.460505e+00   2.462910e+01   4.657792e-01
  2.465193e+00   2.462297e+01   4.651181e-01
  2.469882e+00   2.520642e+01   4.701108e-01
  2.474570e+00   2.575903e+01   4.748176e-01
  2.479258e+00   2.515838e+01   4.688690e-01
  2.483946e+00   2.567355e+01   4.731767e-01
  2.488634e+00   2.506730e+01   4.670235e-01
  2.493323e+00   2.496517e+01   4.656892e-01
  2.498011e+00   2.526309e+01   4.680716e-01
  2.502699e+00   2.512759e+01   4.663595e-01
  2.507387e+00   2.474250e+01   4.622722e-01
  2.512076e+00   2.550485e+01   4.689206e-01
  2.516764e+00   2.532759e+01   4.669180e-01
  2.521452e+00   2.475268e+01   4.611590e-01
  2.526140e+00   2.506857e+01   4.636002e-01
  2.530829e+00   2.504220e+01   4.629257e-01
  2.535517e+00   2.467263e+01   4.588800e-01
  2.540205e+00   2.444984e+01   4.559156e-01
  2.544893e+00   2.556764e+01   4.652088e-01
  2.549581e+00   2.513516e+01   4.604416e-01
  2.554270e+00   2.565928e+01   4.647757e-01
  2.558958e+00   2.472397e+01   4.558318e-01
  2.563646e+00   2.528396e+01   4.605598e-01
  2.568334e+00   2.494508e+01   4.569942e-01
  2.573023e+00   2.489452e+01   4.561573e-01
  2.577711e+00   2.449569e+01   4.521091e-01
  2.582399e+00   2.431010e+01   4.500225e-01
  2.587087e+00   2.513835e+01   4.573154e-01
  2.591776e+00   2.535829e+01   4.593759e-01
  2.596464e+00   2.513039e+01   4.574786e-01
  2.601152e+00   2.509092e+01   4.571819e-01
  2.605840e+00   2.443653e+01   4.507702e-01
  2.610528e+00   2.560339e+01   4.609994e-01
  2.615217e+00   2.583302e+01   4.626949e-01
  2.619905e+00   2.506289e+01   4.554282e-01
  2.624593e+00   2.484669e+01   4.529407e-01
  2.629281e+00   2.472076e+01   4.514244e-01
  2.633970e+00   2.535059e+01   4.567465e-01
  2.638658e+00   2.543053e+01   4.571508e-01
  2.643346e+00   2.548493e+01   4.571806e-01
  2.648034e+00   2.483574e+01   4.509729e-01
  2.652723e+00   2.573359e+01   4.586712e-01
  2.657411e+00   2.564253e+01   4.574491e-01
  2.662099e+00   2.535796e+01   4.544981e-01
  2.666787e+00   2.477657e+01   4.487941e-01
  2.671475e+00   2.510902e+01   4.514309e-01
  2.676164e+00   2.526109e+01   4.525117e-01
  2.680852e+00   2.585558e+01   4.574860e-01
  2.685540e+00   2.526248e+01   4.516860e-01
  2.690228e+00   2.559528e+01   4.542261e-01
  2.694917e+00   2.495733e+01   4.483143e-01
  2.699605e+00   2.529033e+01   4.509240e-01
  2.704293e+00   2.454006e+01   4.436428e-01
  2.708981e+00   2.478192e+01   4.454608e-01
  2.713669e+00   2.417761e+01   4.396991e-01
  2.718358e+00   2.452262e+01   4.424528e-01
  2.723046e+00   2.487749e+01   4.452157e-01
  2.727734e+00   2.504349e+01   4.463024e-01
  2.732422e+00   2.538993e+01   4.490767e-01
  2.737111e+00   2.505433e+01   4.457424e-01
  2.741799e+00   2.456291e+01   4.409449e-01
  2.746487e+00   2.451208e+01   4.400827e-01
  2.751175e+00   2.456156e+01   4.402193e-01
  2.755864e+00   2.485107e+01   4.424677e-01
  2.760552e+00   2.479409e+01   4.415736e-01
  2.765240e+00   2.509012e+01   4.437847e-01
  2.769928e+00   2.443391e+01   4.376113e-01
  2.774616e+00   2.488909e+01   4.413809e-01
  2.779305e+00   2.533682e+01   4.449324e-01
  2.783993e+00   2.496243e+01   4.412250e-01
  2.788681e+00   2.532334e+01   4.440849e-01
  2.793369e+00   2.448920e+01   4.364883e-01
  2.798058e+00   2.557465e+01   4.455895e-01
  2.802746e+00   2.559449e+01   4.455577e-01
  2.807434e+00   2.442983e+01   4.350564e-01
  2.812122e+00   2.497446e+01   4.392836e-01
  2.816811e+00   2.571572e+01   4.454566e-01
  2.821499e+00   2.522744e+01   4.407759e-01
  2.826187e+00   2.618066e+01   4.486218e-01
  2.830875e+00   2.590743e+01   4.459410e-01
  2.835563e+00   2.549817e+01   4.421017e-01
  2.840252e+00   2.526886e+01   4.396603e-01
  2.844940e+00   2.563218e+01   4.424972e-01
  2.849628e+00   2.517636e+01   4.382057e-01
  2.854316e+00   2.474109e+01   4.340889e-01
  2.859005e+00   2.496605e+01   4.433953e-01
  2.863693e+00   2.499643e+01   4.533961e-01
  2.868381e+00   2.569313e+01   4.657392e-01
  2.873069e+00   2.529395e+01   4.671172e-01
  2.877758e+00   2.507345e+01   4.691321e-01
  2.882446e+00   2.461260e+01   4.676987e-01
  2.887134e+00   2.517387e+01   4.745710e-01
  2.891822e+00   2.512327e+01   4.754775e-01
  2.896510e+00   2.478415e+01   4.735668e-01
  2.901199e+00   2.476563e+01   4.744983e-01
  2.905887e+00   2.513659e+01   4.792352e-01
  2.910575e+00   2.519246e+01   4.808256e-01
  2.915263e+00   2.523743e+01   4.822408e-01
  2.919952e+00   2.408902e+01   4.716720e-01
  2.924640e+00   2.459234e+01   4.636928e-01
  2.929328e+00   2.524445e+01   4.614965e-01
  2.934016e+00   2.536898e+01   4.573406e-01
  2.938704e+00   2.501332e+01   4.500229e-01
  2.943393e+00   2.538454e+01   4.500814e-01
  2.948081e+00   2.501774e+01   4.450769e-01
  2.952769e+00   2.472509e+01   4.413640e-01
  2.957457e+00   2.508167e+01   4.436374e-01
  2.962146e+00   2.487750e+01   4.408845e-01
  2.966834e+00   2.463696e+01   4.380684e-01
  2.971522e+00   2.465374e+01   4.373586e-01
  2.976210e+00   2.531355e+01   4.424830e-01
  2.980899e+00   2.506797e+01   4.395953e-01
  2.985587e+00   2.498902e+01   4.382374e-01
  2.990275e+00   2.521291e+01   4.395604e-01
  2.994963e+00   2.473793e+01   4.348753e-01
  2.999651e+00   2.485519e+01   4.352783e-01
  3.004340e+00   2.531743e+01   4.387152e-01
  3.009028e+00   2.463629e+01   4.322301e-01
  3.013716e+00   2.497997e+01   4.347557e-01
  3.018404e+00   2.490429e+01   4.335701e-01
  3.023093e+00   2.506254e+01   4.343943e-01
  3.027781e+00   2.529079e+01   4.358587e-01
  3.032469e+00   2.530963e+01   4.355804e-01
  3.037157e+00   2.491693e+01   4.317493e-01
  3.041846e+00   2.533109e+01   4.347714e-01
  3.046534e+00   2.452760e+01   4.273507e-01
  3.051222e+00   2.456063e+01   4.273265e-01
  3.055910e+00   2.481519e+01   4.291293e-01
  3.060598e+00   2.513084e+01   4.312198e-01
  3.065287e+00   2.460070e+01   4.262531e-01
  3.069975e+00   2.485716e+01   4.280627e-01
  3.074663e+00   2.506742e+01   4.295122e-01
  3.079351e+00   2.476541e+01   4.264339e-01
  3.084040e+00   2.472783e+01   4.256540e-01
  3.088728e+00   2.474408e+01   4.254375e-01
  3.093416e+00   2.456948e+01   4.237072e-01
  3.098104e+00   2.472645e+01   4.245968e-01
  3.102793e+00   2.514325e+01   4.277108e-01
  3.107481e+00   2.515415e+01   4.274348e-01
  3.112169e+00   2.507317e+01   4.263310e-01
  3.116857e+00   2.535238e+01   4.282682e-01
  3.121545e+00   2.481372e+01   4.232636e-01
  3.126234e+00   2.467387e+01   4.217194e-01
  3.130922e+00   2.562229e+01   4.294413e-01
  3.135610e+00   2.511966e+01   4.248199e-01
  3.140298e+00   2.469679e+01   4.210292e-01
  3.144987e+00   2.448724e+01   4.188964e-01
  3.149675e+00   2.469898e+01   4.201333e-01
  3.154363e+00   2.480330e+01   4.206974e-01
  3.159051e+00   2.518758e+01   4.234848e-01
  3.163739e+00   2.532227e+01   4.242568e-01
  3.168428e+00   2.491676e+01   4.205731e-01
  3.173116e+00   2.515673e+01   4.223108e-01
  3.177804e+00   2.445315e+01   4.159082e-01
  3.182492e+00   2.430974e+01   4.143307e-01
  3.187181e+00   2.479486e+01   4.181285e-01
  3.191869e+00   2.421173e+01   4.128546e-01
  3.196557e+00   2.414061e+01   4.118633e-01
  3.201245e+00   2.429991e+01   4.128754e-01
  3.205934e+00   2.536928e+01   4.215406e-01
  3.210622e+00   2.514186e+01   4.193771e-01
  3.215310e+00   2.476066e+01   4.157725e-01
  3.219998e+00   2.448089e+01   4.129349e-01
  3.224686e+00   2.459693e+01   4.132397e-01
  3.229375e+00   2.428594e+01   4.098506e-01
  3.234063e+00   2.414809e+01   4.081804e-01
  3.238751e+00   2.386051e+01   4.053939e-01
  3.243439e+00   2.434496e+01   4.091656e-01
  3.248128e+00   2.469061e+01   4.117865e-01
  3.252816e+00   2.495595e+01   4.136767e-01
  3.257504e+00   2.454525e+01   4.098703e-01
  3.262192e+00   2.469290e+01   4.108266e-01
  3.266881e+00   2.453802e+01   4.092317e-01
  3.271569e+00   2.487086e+01   4.117028e-01
  3.276257e+00   2.455059e+01   4.087444e-01
  3.280945e+00   2.496138e+01   4.122157e-01
  3.285633e+00   2.496452e+01   4.123847e-01
  3.290322e+00   2.501600e+01   4.127695e-01
  3.295010e+00   2.438968e+01   4.072284e-01
  3.299698e+00   2.424336e+01   4.056992e-01
  3.304386e+00   2.525891e+01   4.137868e-01
  3.309075e+00   2.530965e+01   4.139490e-01
  3.313763e+00   2.440688e+01   4.061636e-01
  3.318451e+00   2.500295e+01   4.107507e-01
  3.323139e+00   2.479111e+01   4.087448e-01
  3.327828e+00   2.535790e+01   4.130645e-01
  3.332516e+00   2.556972e+01   4.145308e-01
  3.337204e+00   2.505892e+01   4.099843e-01
  3.341892e+00   2.496297e+01   4.089989e-01
  3.346580e+00   2.498949e+01   4.089149e-01
  3.351269e+00   2.488451e+01   4.077148e-01
  3.355957e+00   2.473242e+01   4.069425e-01
  3.360645e+00   2.437852e+01   4.139105e-01
  3.365333e+00   2.512077e+01   4.268149e-01
  3.370022e+00   2.466575e+01   4.275693e-01
  3.374710e+00   2.450780e+01   4.282986e-01
  3.379398e+00   2.469625e+01   4.315468e-01
  3.384086e+00   2.427381e+01   4.292262e-01
  3.388774e+00   2.451453e+01   4.318352e-01
  3.393463e+00   2.448754e+01   4.312347e-01
  3.398151e+00   2.478296e+01   4.342506e-01
  3.402839e+00   2.478359e+01   4.352181e-01
  3.407527e+00   2.502388e+01   4.382932e-01
  3.412216e+00   2.492762e+01   4.382813e-01
  3.416904e+00   2.441744e+01   4.345843e-01
  3.421592e+00   2.463298e+01   4.373361e-01
  3.426280e+00   2.448934e+01   4.367786e-01
  3.430969e+00   2.571128e+01   4.483345e-01
  3.435657e+00   2.444686e+01   4.379035e-01
  3.440345e+00   2.472478e+01   4.409499e-01
  3.445033e+00   2.476848e+01   4.420166e-01
  3.449721e+00   2.458391e+01   4.410891e-01
  3.454410e+00   2.490389e+01   4.444522e-01
  3.459098e+00   2.454398e+01   4.418022e-01
  3.463786e+00   2.489494e+01   4.455157e-01
  3.468474e+00   2.467889e+01   4.441525e-01
  3.473163e+00   2.515898e+01   4.489321e-01
  3.477851e+00   2.516459e+01   4.495452e-01
  3.482539e+00   2.465555e+01   4.456698e-01
  3.487227e+00   2.475351e+01   4.468336e-01
  3.491916e+00   2.439239e+01   4.440885e-01
  3.496604e+00   2.501743e+01   4.501988e-01
  3.501292e+00   2.457773e+01   4.466791e-01
  3.505980e+00   2.425141e+01   4.441735e-01
  3.510668e+00   2.490908e+01   4.506029e-01
  3.515357e+00   2.474860e+01   4.495302e-01
  3.520045e+00   2.419563e+01   4.449736e-01
  3.524733e+00   2.523830e+01   4.548431e-01
  3.529421e+00   2.484562e+01   4.516695e-01
  3.534110e+00   2.519064e+01   4.552522e-01
  3.538798e+00   2.476553e+01   4.517451e-01
  3.543486e+00   2.490896e+01   4.534499e-01
  3.548174e+00   2.502054e+01   4.548664e-01
  3.552863e+00   2.414407e+01   4.471731e-01
  3.557551e+00   2.487767e+01   4.542589e-01
  3.562239e+00   2.505302e+01   4.562669e-01
  3.566927e+00   2.479602e+01   4.542688e-01
  3.571615e+00   2.445583e+01   4.514598e-01
  3.576304e+00   2.506731e+01   4.573948e-01
  3.580992e+00   2.481354e+01   4.553605e-01
  3.585680e+00   2.411493e+01   4.486431e-01
  3.590368e+00   2.469833e+01   4.536105e-01
  3.595057e+00   2.510110e+01   4.568869e-01
  3.599745e+00   2.488002e+01   4.544750e-01
  3.604433e+00   2.459285e+01   4.515726e-01
  3.609121e+00   2.465604e+01   4.526229e-01
  3.613809e+00   2.428448e+01   4.492624e-01
  3.618498e+00   2.449319e+01   4.514255e-01
  3.623186e+00   2.455389e+01   4.523062e-01
  3.627874e+00   2.523944e+01   4.588569e-01
  3.632562e+00   2.434627e+01   4.509019e-01
  3.637251e+00   2.440347e+01   4.517382e-01
  3.641939e+00   2.435893e+01   4.515830e-01
  3.646627e+00   2.503800e+01   4.581458e-01
  3.651315e+00   2.488734e+01   4.569882e-01
  3.656004e+00   2.462766e+01   4.550570e-01
  3.660692e+00   2.502408e+01   4.657896e-01
  3.665380e+00   2.455535e+01   4.779126e-01
  3.670068e+00   2.434069e+01   4.840422e-01
  3.674756e+00   2.467025e+01   4.949788e-01
  3.679445e+00   2.485282e+01   5.027489e-01
  3.684133e+00   2.454570e+01   5.030461e-01
  3.688821e+00   2.470801e+01   5.078231e-01
  3.693509e+00   2.438003e+01   5.074274e-01
  3.698198e+00   2.446959e+01   5.111383e-01
  3.702886e+00   2.494571e+01   5.189062e-01
  3.707574e+00   2.472070e+01   5.191464e-01
  3.712262e+00   2.402749e+01   5.144109e-01
  3.716951e+00   2.425195e+01   5.192634e-01
  3.721639e+00   2.465752e+01   5.260814e-01
  3.726327e+00   2.491051e+01   5.311540e-01
  3.731015e+00   2.495288e+01   5.340480e-01
  3.735703e+00   2.462814e+01   5.328649e-01
  3.740392e+00   2.461916e+01   5.351264e-01
  3.745080e+00   2.474546e+01   5.387278e-01
  3.749768e+00   2.445536e+01   5.378408e-01
  3.754456e+00   2.448738e+01   5.404000e-01
  3.759145e+00   2.421557e+01   5.396167e-01
  3.763833e+00   2.523470e+01   5.530526e-01
  3.768521e+00   2.431815e+01   5.451073e-01
  3.773209e+00   2.469377e+01   5.514432e-01
  3.777897e+00   2.478713e+01   5.546724e-01
  3.782586e+00   2.488483e+01   5.579005e-01
  3.787274e+00   2.421163e+01   5.524336e-01
  3.791962e+00   2.436032e+01   5.562485e-01
  3.796650e+00   2.435709e+01   5.583180e-01
  3.801339e+00   2.465390e+01   5.638208e-01
  3.806027e+00   2.488351e+01   5.685583e-01
  3.810715e+00   2.432462e+01   5.642317e-01
  3.815403e+00   2.397216e+01   5.621924e-01
  3.820092e+00   2.538648e+01   5.806727e-01
  3.824780e+00   2.478235e+01   5.758266e-01
  3.829468e+00   2.533056e+01   5.843111e-01
  3.834156e+00   2.457718e+01   5.776066e-01
  3.838844e+00   2.474820e+01   5.817337e-01
  3.843533e+00   2.516474e+01   5.887001e-01
  3.848221e+00   2.435233e+01   5.811805e-01
  3.852909e+00   2.436610e+01   5.834455e-01
  3.857597e+00   2.367230e+01   5.771354e-01
  3.862286e+00   2.490664e+01   5.941001e-01
  3.866974e+00   2.525519e+01   6.003513e-01
  3.871662e+00   2.423097e+01   5.902613e-01
  3.876350e+00   2.439228e+01   5.944077e-01
  3.881039e+00   2.417337e+01   5.936314e-01
  3.885727e+00   2.482433e+01   6.036875e-01
  3.890415e+00   2.485627e+01   6.061428e-01
  3.895103e+00   2.512632e+01   6.116336e-01
  3.899791e+00   2.414721e+01   6.016383e-01
  3.904480e+00   2.448911e+01   6.080450e-01
  3.909168e+00   2.435136e+01   6.084186e-01
  3.913856e+00   2.474874e+01   6.155943e-01
  3.918544e+00   2.499314e+01   6.206848e-01
  3.923233e+00   2.575801e+01   6.323829e-01
  3.927921e+00   2.480330e+01   6.226446e-01
  3.932609e+00   2.471406e+01   6.236273e-01
  3.937297e+00   2.448671e+01   6.218684e-01
  3.941986e+00   2.513368e+01   6.308222e-01
  3.946674e+00   2.464345e+01   6.252769e-01
  3.951362e+00   2.439624e+01   6.217734e-01
  3.956050e+00   2.376968e+01   6.127026e-01
  3.960738e+00   2.455368e+01   6.225625e-01
  3.965427e+00   2.481164e+01   6.265721e-01
  3.970115e+00   2.559762e+01   6.383867e-01
  3.974803e+00   2.511204e+01   6.343282e-01
  3.979491e+00   2.415609e+01   6.238793e-01
  3.984180e+00   2.503874e+01   6.373147e-01
  3.988868e+00   2.463346e+01   6.342404e-01
  3.993556e+00   2.512904e+01   6.427333e-01
  3.998244e+00   2.479023e+01   6.405652e-01
  4.002932e+00   2.469824e+01   6.415579e-01
  4.007621e+00   2.492765e+01   6.466621e-01
  4.012309e+00   2.438988e+01   6.418087e-01
  4.016997e+00   2.467520e+01   6.477448e-01
  4.021685e+00   2.418347e+01   6.434658e-01
  4.026374e+00   2.536453e+01   6.612219e-01
  4.031062e+00   2.485656e+01   6.567791e-01
  4.035750e+00   2.458845e+01   6.554403e-01
  4.040438e+00   2.438824e+01   6.550235e-01
  4.045127e+00   2.508565e+01   6.665989e-01
  4.049815e+00   2.492765e+01   6.667669e-01
  4.054503e+00   2.402666e+01   6.568378e-01
  4.059191e+00   2.475392e+01   6.690335e-01
  4.063879e+00   2.421663e+01   6.640281e-01
  4.068568e+00   2.449067e+01   6.700703e-01
  4.073256e+00   2.511518e+01   6.808929e-01
  4.077944e+00   2.405598e+01   6.687251e-01
  4.082632e+00   2.427485e+01   6.740950e-01
  4.087321e+00   2.453548e+01   6.800859e-01
  4.092009e+00   2.389767e+01   6.735352e-01
  4.096697e+00   2.416313e+01   6.796482e-01
  4.101385e+00   2.416209e+01   6.819962e-01
  4.106074e+00   2.537296e+01   7.013897e-01
  4.110762e+00   2.494460e+01   6.979343e-01
  4.115450e+00   2.469807e+01   6.969355e-01
  4.120138e+00   2.435026e+01   6.944319e-01
  4.124826e+00   2.370994e+01   6.877120e-01
  4.129515e+00   2.373516e+01   6.905928e-01
  4.134203e+00   2.433580e+01   7.017569e-01
  4.138891e+00   2.387963e+01   6.976779e-01
  4.143579e+00   2.422823e+01   7.053000e-01
  4.148268e+00   2.399811e+01   7.045434e-01
  4.152956e+00   2.489570e+01   7.202046e-01
  4.157644e+00   2.417379e+01   7.122073e-01
  4.162332e+00   2.484111e+01   7.247329e-01
  4.167021e+00   2.435479e+01   7.202527e-01
  4.171709e+00   2.479715e+01   7.293859e-01
  4.176397e+00   2.476535e+01   7.316826e-01
  4.181085e+00   2.497049e+01   7.374487e-01
  4.185773e+00   2.450574e+01   7.333632e-01
  4.190462e+00   2.499818e+01   7.435533e-01
  4.195150e+00   2.459814e+01   7.412524e-01
  4.199838e+00   2.424766e+01   7.380346e-01
  4.204526e+00   2.473136e+01   7.479381e-01
  4.209215e+00   2.401064e+01   7.398063e-01
  4.213903e+00   2.448223e+01   7.499120e-01
  4.218591e+00   2.466378e+01   7.555932e-01
  4.223279e+00   2.458972e+01   7.574341e-01
  4.227967e+00   2.403043e+01   7.516562e-01
  4.232656e+00   2.408942e+01   7.555498e-01
  4.237344e+00   2.491242e+01   7.714232e-01
  4.242032e+00   2.389180e+01   7.584256e-01
  4.246720e+00   2.328206e+01   7.516116e-01
  4.251409e+00   2.414549e+01   7.686309e-01
  4.256097e+00   2.352770e+01   7.617077e-01
  4.260785e+00   2.545927e+01   7.955561e-01
  4.265473e+00   2.431073e+01   7.813421e-01
  4.270162e+00   2.398545e+01   7.800000e-01
  4.274850e+00   2.340623e+01   7.760459e-01
  4.279538e+00   2.503013e+01   8.061204e-01
  4.284226e+00   2.491692e+01   8.041829e-01
  4.288914e+00   2.382534e+01   7.888465e-01
  4.293603e+00   2.416309e+01   7.978059e-01
  4.298291e+00   2.530691e+01   8.200626e-01
  4.302979e+00   2.419575e+01   8.051137e-01
  4.307667e+00   2.463318e+01   8.158914e-01
  4.312356e+00   2.440258e+01   8.156664e-01
  4.317044e+00   2.470104e+01   8.240616e-01
  4.321732e+00   2.461067e+01   8.261959e-01
  4.326420e+00   2.418309e+01   8.226634e-01
  4.331109e+00   2.449096e+01   8.314273e-01
  4.335797e+00   2.500110e+01   8.438219e-01
  4.340485e+00   2.366892e+01   8.255125e-01
  4.345173e+00   2.453142e+01   8.436293e-01
  4.349861e+00   2.487162e+01   8.530719e-01
  4.354550e+00   2.481926e+01   8.561280e-01
  4.359238e+00   2.504542e+01   8.639400e-01
  4.363926e+00   2.527303e+01   8.718597e-01
  4.368614e+00   2.583367e+01   8.855798e-01
  4.373303e+00   2.491100e+01   8.737881e-01
  4.377991e+00   2.471619e+01   8.744335e-01
  4.382679e+00   2.512650e+01   8.858417e-01
  4.387367e+00   2.395380e+01   8.691838e-01
  4.392056e+00   2.424198e+01   8.785679e-01
  4.396744e+00   2.487105e+01   8.941916e-01
  4.401432e+00   2.467951e+01   8.960665e-01
  4.406120e+00   2.394340e+01   8.850930e-01
  4.410808e+00   2.470692e+01   8.997197e-01
  4.415497e+00   2.485664e+01   9.030433e-01
  4.420185e+00   2.315033e+01   8.720356e-01
  4.424873e+00   2.536300e+01   9.134533e-01
  4.429561e+00   2.498217e+01   9.071890e-01
  4.434250e+00   2.553157e+01   9.177460e-01
  4.438938e+00   2.564782e+01   9.205278e-01
  4.443626e+00   2.452146e+01   9.005949e-01
  4.448314e+00   2.549931e+01   9.205731e-01
  4.453002e+00   2.667717e+01   9.461236e-01
  4.457691e+00   2.529831e+01   9.260353e-01
  4.462379e+00   2.565609e+01   9.372687e-01
  4.467067e+00   2.395028e+01   9.101902e-01
  4.471755e+00   2.349176e+01   9.060656e-01
  4.476444e+00   2.543843e+01   9.478104e-01
  4.481132e+00   2.477630e+01   9.402984e-01
  4.485820e+00   2.361255e+01   9.228738e-01
  4.490508e+00   2.391224e+01   9.336479e-01
  4.495197e+00   2.412095e+01   9.427499e-01
  4.499885e+00   2.445893e+01   9.544700e-01
  4.504573e+00   2.402522e+01   9.511366e-01
  4.509261e+00   2.511120e+01   9.777973e-01
  4.513949e+00   2.516080e+01   9.842818e-01
  4.518638e+00   2.347776e+01   9.561641e-01
  4.523326e+00   2.438712e+01   9.800819e-01
  4.528014e+00   2.399205e+01   9.776842e-01
  4.532702e+00   2.522753e+01   1.008344e+00
  4.537391e+00   2.654854e+01   1.040451e+00
  4.542079e+00   2.498864e+01   1.015468e+00
  4.546767e+00   2.305334e+01   9.812151e-01
  4.551455e+00   2.399422e+01   1.007067e+00
  4.556144e+00   2.562795e+01   1.047134e+00
  4.560832e+00   2.445438e+01   1.029172e+00
  4.565520e+00   2.554417e+01   1.058396e+00
  4.570208e+00   2.454218e+01   1.044083e+00
  4.574896e+00   2.518745e+01   1.064542e+00
  4.579585e+00   2.599918e+01   1.088513e+00
  4.584273e+00   2.462693e+01   1.066287e+00
  4.588961e+00   2.632845e+01   1.109764e+00
  4.593649e+00   2.557541e+01   1.101063e+00
  4.598338e+00   2.514628e+01   1.099323e+00
  4.603026e+00   2.413342e+01   1.084308e+00
  4.607714e+00   2.370742e+01   1.082114e+00
  4.612402e+00   2.468269e+01   1.111863e+00
  4.617091e+00   2.473835e+01   1.120986e+00
  4.621779e+00   2.654569e+01   1.169700e+00
  4.626467e+00   2.438691e+01   1.129343e+00
  4.631155e+00   2.438970e+01   1.137718e+00
  4.635843e+00   2.535538e+01   1.168666e+00
  4.640532e+00   2.589741e+01   1.190014e+00
  4.645220e+00   2.719599e+01   1.229017e+00
  4.649908e+00   2.591285e+01   1.209094e+00
  4.654596e+00   2.419499e+01   1.177529e+00
  4.659285e+00   2.264872e+01   1.148391e+00
  4.663973e+00   2.367263e+01   1.183584e+00
  4.668661e+00   2.430177e+01   1.209368e+00
  4.673349e+00   2.434660e+01   1.220640e+00
  4.678037e+00   2.513475e+01   1.250774e+00
  4.682726e+00   2.544681e+01   1.269361e+00
  4.687414e+00   2.627008e+01   1.301162e+00
  4.692102e+00   2.511159e+01   1.283742e+00
  4.696790e+00   2.379711e+01   1.261013e+00
  4.701479e+00   2.527392e+01   1.311525e+00
  4.706167e+00   2.420406e+01   1.295496e+00
  4.710855e+00   2.324815e+01   1.282145e+00
  4.715543e+00   2.436615e+01   1.325421e+00
  4.720232e+00   2.413492e+01   1.332163e+00
  4.724920e+00   2.516113e+01   1.373889e+00
  4.729608e+00   2.653418e+01   1.425701e+00
  4.734296e+00   2.522610e+01   1.404890e+00
  4.738984e+00   2.484524e+01   1.409133e+00
  4.743673e+00   2.365880e+01   1.390071e+00
  4.748361e+00   2.508861e+01   1.447690e+00
  4.753049e+00   2.363081e+01   1.421301e+00
  4.757737e+00   2.409549e+01   1.451891e+00
  4.762426e+00   2.770066e+01   1.575223e+00
  4.767114e+00   2.590042e+01   1.542094e+00
  4.771802e+00   2.776186e+01   1.616978e+00
  4.776490e+00   2.641940e+01   1.597533e+00
  4.781179e+00   2.616270e+01   1.610534e+00
  4.785867e+00   2.532852e+01   1.606379e+00
  4.790555e+00   2.587647e+01   1.646451e+00
  4.795243e+00   2.397838e+01   1.607331e+00
  4.799931e+00   2.209140e+01   1.565220e+00
  4.804620e+00   2.457561e+01   1.676320e+00
  4.809308e+00   2.601699e+01   1.751679e+00
  4.813996e+00   2.535263e+01   1.756628e+00
  4.818684e+00   2.584656e+01   1.802691e+00
  4.823373e+00   2.621906e+01   1.847673e+00
  4.828061e+00   2.471119e+01   1.825600e+00
  4.832749e+00   2.692566e+01   1.940237e+00
  4.837437e+00   2.359920e+01   1.851037e+00
  4.842125e+00   2.527384e+01   1.954132e+00
  4.846814e+00   2.674561e+01   2.051022e+00
  4.851502e+00   2.877045e+01   2.172163e+00
  4.856190e+00   2.517616e+01   2.078211e+00
  4.860878e+00   2.498841e+01   2.118799e+00
  4.865567e+00   2.520578e+01   2.179346e+00
  4.870255e+00   2.236353e+01   2.105835e+00
  4.874943e+00   2.412681e+01   2.248397e+00
  4.879631e+00   2.210026e+01   2.212590e+00
  4.884320e+00   2.294364e+01   2.321741e+00
  4.889008e+00   2.506520e+01   2.506553e+00
  4.893696e+00   2.334767e+01   2.502229e+00
  4.898384e+00   2.082858e+01   2.449295e+00
  4.903072e+00   2.610547e+01   2.851333e+00
  4.907761e+00   2.508694e+01   2.953819e+00
  4.912449e+00   2.582876e+01   4.141268e+00
  4.917137e+00   2.292816e+01   1.072645e+01
