# GI Buffer
# Sample c= 0.0 mg/ml
#
# Sample environment:
# Detector = Pilatus
# PixelSize_1 = 0.000172
# PixelSize_2 = 0.000172
#
# title = GI Buffer
# Frame 111 of 120
# Time per frame (s) = 1.0
# SampleDistance = 2.869
# WaveLength = 9.919e-11
# Normalization = 0.001062898
# DiodeCurr = 8.712795e-05
# MachCurr = 68.82427
# Mask = /data/bm29/archive/CALIBRATION/MASK/BM29/Pcon_19thNovember2015_7keV_v3.edf
#
# N 3
# L q*nm  I_GI Buffer  stddev
#
# Sample Information:
# Storage Temperature (degrees C): 20.0
# Measurement Temperature (degrees C): 20.08
# Concentration: 0.0
# Code: GIBuffer
  3.200246e-02   1.534092e+02   1.862417e+01
  3.669069e-02   4.979007e+02   1.523316e+01
  4.137892e-02   6.810790e+02   1.327190e+01
  4.606715e-02   5.834688e+02   1.017128e+01
  5.075538e-02   3.928858e+02   7.581593e+00
  5.544361e-02   2.809412e+02   5.923016e+00
  6.013183e-02   1.986982e+02   4.762381e+00
  6.482006e-02   1.616547e+02   4.121344e+00
  6.950829e-02   1.313842e+02   3.565079e+00
  7.419652e-02   1.070628e+02   3.089242e+00
  7.888475e-02   9.309241e+01   2.784735e+00
  8.357298e-02   8.143345e+01   2.526950e+00
  8.826121e-02   7.304548e+01   2.325490e+00
  9.294944e-02   6.610304e+01   2.147391e+00
  9.763767e-02   5.873528e+01   1.968359e+00
  1.023259e-01   5.205420e+01   1.808937e+00
  1.070141e-01   4.988968e+01   1.730465e+00
  1.117024e-01   4.705953e+01   1.642576e+00
  1.163906e-01   4.809369e+01   1.620320e+00
  1.210788e-01   4.219583e+01   1.487885e+00
  1.257670e-01   4.082964e+01   1.435483e+00
  1.304553e-01   3.950017e+01   1.387051e+00
  1.351435e-01   3.772454e+01   1.328208e+00
  1.398317e-01   3.654300e+01   1.284671e+00
  1.445200e-01   3.509249e+01   1.238111e+00
  1.492082e-01   3.307956e+01   1.182896e+00
  1.538964e-01   3.288859e+01   1.158712e+00
  1.585846e-01   3.350160e+01   1.150907e+00
  1.632729e-01   3.278735e+01   1.122036e+00
  1.679611e-01   3.337049e+01   1.116039e+00
  1.726493e-01   3.232555e+01   1.082150e+00
  1.773376e-01   3.250391e+01   1.068913e+00
  1.820258e-01   3.183154e+01   1.044215e+00
  1.867140e-01   2.958531e+01   9.940290e-01
  1.914022e-01   2.900936e+01   9.718789e-01
  1.960905e-01   2.855829e+01   9.508725e-01
  2.007787e-01   2.920202e+01   9.512735e-01
  2.054669e-01   2.896210e+01   9.365483e-01
  2.101552e-01   2.864170e+01   9.209202e-01
  2.148434e-01   2.821634e+01   9.023510e-01
  2.195316e-01   2.764983e+01   8.834920e-01
  2.242199e-01   2.839941e+01   8.861032e-01
  2.289081e-01   2.842654e+01   8.774368e-01
  2.335963e-01   2.867480e+01   8.713773e-01
  2.382845e-01   2.761559e+01   8.461292e-01
  2.429728e-01   2.762677e+01   8.382194e-01
  2.476610e-01   2.833404e+01   8.408836e-01
  2.523492e-01   2.775270e+01   8.240159e-01
  2.570375e-01   2.893558e+01   8.327684e-01
  2.617257e-01   2.799778e+01   8.119297e-01
  2.664139e-01   2.667562e+01   7.856168e-01
  2.711021e-01   2.689041e+01   7.819542e-01
  2.757904e-01   2.763050e+01   7.850375e-01
  2.804786e-01   2.700464e+01   7.699596e-01
  2.851668e-01   2.584098e+01   7.470827e-01
  2.898551e-01   2.612558e+01   7.446968e-01
  2.945433e-01   2.761690e+01   7.594880e-01
  2.992315e-01   2.687212e+01   7.599410e-01
  3.039197e-01   2.618982e+01   7.561582e-01
  3.086080e-01   2.744941e+01   7.763714e-01
  3.132962e-01   2.673387e+01   7.665850e-01
  3.179844e-01   2.693965e+01   7.693790e-01
  3.226727e-01   2.734163e+01   7.750761e-01
  3.273609e-01   2.706583e+01   7.702974e-01
  3.320491e-01   2.583961e+01   7.512940e-01
  3.367374e-01   2.753663e+01   7.735308e-01
  3.414256e-01   2.742313e+01   7.703662e-01
  3.461138e-01   2.626133e+01   7.523300e-01
  3.508020e-01   2.688074e+01   7.593208e-01
  3.554903e-01   2.753449e+01   7.656308e-01
  3.601785e-01   2.703468e+01   7.572017e-01
  3.648667e-01   2.640796e+01   7.537653e-01
  3.695550e-01   2.641518e+01   7.709428e-01
  3.742432e-01   2.635731e+01   7.788019e-01
  3.789314e-01   2.716598e+01   7.981253e-01
  3.836196e-01   2.649459e+01   7.932480e-01
  3.883079e-01   2.631264e+01   7.948139e-01
  3.929961e-01   2.729809e+01   8.169554e-01
  3.976843e-01   2.694991e+01   8.227596e-01
  4.023726e-01   2.632189e+01   8.211811e-01
  4.070608e-01   2.630584e+01   8.242760e-01
  4.117490e-01   2.678937e+01   8.334523e-01
  4.164372e-01   2.693876e+01   8.371769e-01
  4.211255e-01   2.572036e+01   8.196612e-01
  4.258137e-01   2.641687e+01   8.313867e-01
  4.305019e-01   2.627997e+01   8.284560e-01
  4.351902e-01   2.698510e+01   8.377661e-01
  4.398784e-01   2.735520e+01   8.424702e-01
  4.445666e-01   2.633410e+01   8.360667e-01
  4.492548e-01   2.599520e+01   8.590339e-01
  4.539431e-01   2.701784e+01   8.926232e-01
  4.586313e-01   2.658320e+01   8.987657e-01
  4.633195e-01   2.641919e+01   9.079722e-01
  4.680078e-01   2.618430e+01   9.146010e-01
  4.726960e-01   2.621607e+01   9.249383e-01
  4.773842e-01   2.735281e+01   9.541744e-01
  4.820725e-01   2.661055e+01   9.501827e-01
  4.867607e-01   2.659091e+01   9.589034e-01
  4.914489e-01   2.556575e+01   9.484456e-01
  4.961371e-01   2.726113e+01   9.874594e-01
  5.008254e-01   2.691987e+01   9.893240e-01
  5.055136e-01   2.728671e+01   1.004385e+00
  5.102018e-01   2.636438e+01   9.646225e-01
  5.148901e-01   2.718037e+01   9.452156e-01
  5.195783e-01   2.770826e+01   9.383105e-01
  5.242665e-01   2.568423e+01   8.927982e-01
  5.289547e-01   2.628220e+01   8.945463e-01
  5.336430e-01   2.668685e+01   8.935908e-01
  5.383312e-01   2.677848e+01   8.886139e-01
  5.430194e-01   2.667088e+01   8.814870e-01
  5.477077e-01   2.666686e+01   8.765271e-01
  5.523959e-01   2.721807e+01   8.806087e-01
  5.570841e-01   2.678990e+01   8.688834e-01
  5.617723e-01   2.657872e+01   8.617851e-01
  5.664606e-01   2.639151e+01   8.549753e-01
  5.711488e-01   2.655527e+01   8.542387e-01
  5.758370e-01   2.628290e+01   8.451028e-01
  5.805253e-01   2.657448e+01   8.445356e-01
  5.852135e-01   2.662219e+01   8.398802e-01
  5.899017e-01   2.639401e+01   8.304824e-01
  5.945900e-01   2.642233e+01   8.242593e-01
  5.992782e-01   2.605616e+01   8.132610e-01
  6.039664e-01   2.561286e+01   8.015782e-01
  6.086546e-01   2.605477e+01   8.036464e-01
  6.133429e-01   2.574738e+01   7.937356e-01
  6.180311e-01   2.556930e+01   7.863173e-01
  6.227193e-01   2.615854e+01   7.909456e-01
  6.274076e-01   2.639546e+01   7.912028e-01
  6.320958e-01   2.751798e+01   8.056020e-01
  6.367840e-01   2.736683e+01   8.010790e-01
  6.414722e-01   2.681350e+01   7.913448e-01
  6.461605e-01   2.805197e+01   8.075384e-01
  6.508487e-01   2.769962e+01   8.007326e-01
  6.555369e-01   2.584688e+01   7.711773e-01
  6.602252e-01   2.493616e+01   7.558651e-01
  6.649134e-01   2.603352e+01   7.707090e-01
  6.696016e-01   2.571104e+01   7.643306e-01
  6.742898e-01   2.610748e+01   7.680448e-01
  6.789781e-01   2.606289e+01   7.657202e-01
  6.836663e-01   2.580115e+01   7.602592e-01
  6.883545e-01   2.690354e+01   7.748908e-01
  6.930428e-01   2.714028e+01   7.761745e-01
  6.977310e-01   2.576696e+01   7.545645e-01
  7.024192e-01   2.504336e+01   7.423983e-01
  7.071074e-01   2.552171e+01   7.480206e-01
  7.117957e-01   2.532068e+01   7.433757e-01
  7.164839e-01   2.698930e+01   7.654911e-01
  7.211721e-01   2.532658e+01   7.401340e-01
  7.258604e-01   2.619111e+01   7.511249e-01
  7.305486e-01   2.652716e+01   7.546476e-01
  7.352368e-01   2.679928e+01   7.561719e-01
  7.399251e-01   2.523560e+01   7.325928e-01
  7.446133e-01   2.644839e+01   7.486478e-01
  7.493015e-01   2.711476e+01   7.571417e-01
  7.539897e-01   2.583925e+01   7.369751e-01
  7.586780e-01   2.575202e+01   7.338325e-01
  7.633662e-01   2.595609e+01   7.352859e-01
  7.680544e-01   2.662138e+01   7.433524e-01
  7.727427e-01   2.662979e+01   7.417828e-01
  7.774309e-01   2.648841e+01   7.380919e-01
  7.821191e-01   2.600879e+01   7.301035e-01
  7.868073e-01   2.642785e+01   7.346454e-01
  7.914956e-01   2.767362e+01   7.501526e-01
  7.961838e-01   2.648226e+01   7.321610e-01
  8.008720e-01   2.627933e+01   7.280118e-01
  8.055603e-01   2.636769e+01   7.278677e-01
  8.102485e-01   2.495088e+01   7.068602e-01
  8.149367e-01   2.528829e+01   7.098053e-01
  8.196249e-01   2.573145e+01   7.146379e-01
  8.243132e-01   2.555888e+01   7.111028e-01
  8.290014e-01   2.663263e+01   7.245400e-01
  8.336896e-01   2.647305e+01   7.206959e-01
  8.383779e-01   2.601515e+01   7.130737e-01
  8.430661e-01   2.655733e+01   7.192417e-01
  8.477543e-01   2.669346e+01   7.197618e-01
  8.524425e-01   2.616256e+01   7.111765e-01
  8.571308e-01   2.637188e+01   7.128641e-01
  8.618190e-01   2.621738e+01   7.093242e-01
  8.665072e-01   2.610544e+01   7.064107e-01
  8.711955e-01   2.661909e+01   7.120514e-01
  8.758837e-01   2.723132e+01   7.185605e-01
  8.805719e-01   2.665796e+01   7.097095e-01
  8.852602e-01   2.624492e+01   7.030638e-01
  8.899484e-01   2.617183e+01   7.009389e-01
  8.946366e-01   2.605919e+01   6.976495e-01
  8.993248e-01   2.510125e+01   6.837145e-01
  9.040131e-01   2.577171e+01   6.915199e-01
  9.087013e-01   2.621074e+01   6.962971e-01
  9.133895e-01   2.608136e+01   6.930389e-01
  9.180778e-01   2.565211e+01   6.861608e-01
  9.227660e-01   2.578113e+01   6.865973e-01
  9.274542e-01   2.588507e+01   6.869599e-01
  9.321424e-01   2.569404e+01   6.831321e-01
  9.368307e-01   2.591443e+01   6.845924e-01
  9.415189e-01   2.654335e+01   6.917766e-01
  9.462071e-01   2.644454e+01   6.894479e-01
  9.508954e-01   2.613551e+01   6.841243e-01
  9.555836e-01   2.551744e+01   6.745962e-01
  9.602718e-01   2.519418e+01   6.692362e-01
  9.649600e-01   2.613738e+01   6.805551e-01
  9.696483e-01   2.626572e+01   6.811988e-01
  9.743365e-01   2.628932e+01   6.799186e-01
  9.790247e-01   2.608008e+01   6.762332e-01
  9.837130e-01   2.667795e+01   6.827865e-01
  9.884012e-01   2.654275e+01   6.800166e-01
  9.930894e-01   2.563750e+01   6.670016e-01
  9.977777e-01   2.537801e+01   6.624421e-01
  1.002466e+00   2.561318e+01   6.645042e-01
  1.007154e+00   2.631247e+01   6.724165e-01
  1.011842e+00   2.524255e+01   6.575201e-01
  1.016531e+00   2.494773e+01   6.523595e-01
  1.021219e+00   2.678225e+01   6.748517e-01
  1.025907e+00   2.531994e+01   6.552587e-01
  1.030595e+00   2.564554e+01   6.584136e-01
  1.035283e+00   2.559710e+01   6.563254e-01
  1.039972e+00   2.601408e+01   6.607527e-01
  1.044660e+00   2.637654e+01   6.644000e-01
  1.049348e+00   2.645758e+01   6.642693e-01
  1.054036e+00   2.635607e+01   6.617327e-01
  1.058725e+00   2.548618e+01   6.497488e-01
  1.063413e+00   2.497373e+01   6.421657e-01
  1.068101e+00   2.633956e+01   6.585554e-01
  1.072789e+00   2.638939e+01   6.579413e-01
  1.077478e+00   2.583840e+01   6.499732e-01
  1.082166e+00   2.544954e+01   6.440606e-01
  1.086854e+00   2.626113e+01   6.533121e-01
  1.091542e+00   2.594192e+01   6.483496e-01
  1.096230e+00   2.659580e+01   6.551321e-01
  1.100919e+00   2.538570e+01   6.391628e-01
  1.105607e+00   2.584489e+01   6.440570e-01
  1.110295e+00   2.632538e+01   6.489986e-01
  1.114983e+00   2.718107e+01   6.583721e-01
  1.119672e+00   2.579951e+01   6.405111e-01
  1.124360e+00   2.519461e+01   6.318976e-01
  1.129048e+00   2.607657e+01   6.418968e-01
  1.133736e+00   2.637262e+01   6.443399e-01
  1.138425e+00   2.660820e+01   6.462398e-01
  1.143113e+00   2.698978e+01   6.498932e-01
  1.147801e+00   2.544863e+01   6.302739e-01
  1.152489e+00   2.598195e+01   6.356871e-01
  1.157177e+00   2.562150e+01   6.301875e-01
  1.161866e+00   2.531339e+01   6.256239e-01
  1.166554e+00   2.553866e+01   6.274860e-01
  1.171242e+00   2.590362e+01   6.308963e-01
  1.175930e+00   2.594433e+01   6.303954e-01
  1.180619e+00   2.516386e+01   6.199511e-01
  1.185307e+00   2.483010e+01   6.149334e-01
  1.189995e+00   2.547691e+01   6.221022e-01
  1.194683e+00   2.572828e+01   6.239477e-01
  1.199372e+00   2.625164e+01   6.293969e-01
  1.204060e+00   2.613617e+01   6.273271e-01
  1.208748e+00   2.624459e+01   6.281127e-01
  1.213436e+00   2.673290e+01   6.324688e-01
  1.218124e+00   2.495118e+01   6.099986e-01
  1.222813e+00   2.522387e+01   6.124562e-01
  1.227501e+00   2.534955e+01   6.132534e-01
  1.232189e+00   2.597002e+01   6.196716e-01
  1.236877e+00   2.602171e+01   6.192455e-01
  1.241566e+00   2.548425e+01   6.120861e-01
  1.246254e+00   2.584901e+01   6.156588e-01
  1.250942e+00   2.537966e+01   6.234164e-01
  1.255630e+00   2.579163e+01   6.454653e-01
  1.260318e+00   2.625729e+01   6.621431e-01
  1.265007e+00   2.750147e+01   6.866217e-01
  1.269695e+00   2.630556e+01   6.792030e-01
  1.274383e+00   2.560228e+01   6.768588e-01
  1.279071e+00   2.515486e+01   6.773896e-01
  1.283760e+00   2.535783e+01   6.861148e-01
  1.288448e+00   2.558690e+01   6.949592e-01
  1.293136e+00   2.717975e+01   7.219254e-01
  1.297824e+00   2.589678e+01   7.099687e-01
  1.302513e+00   2.627092e+01   7.193355e-01
  1.307201e+00   2.663330e+01   7.263647e-01
  1.311889e+00   2.621568e+01   7.213051e-01
  1.316577e+00   2.635815e+01   6.954659e-01
  1.321265e+00   2.738038e+01   6.912434e-01
  1.325954e+00   2.635576e+01   6.672601e-01
  1.330642e+00   2.585261e+01   6.524524e-01
  1.335330e+00   2.478696e+01   6.318869e-01
  1.340018e+00   2.604025e+01   6.416467e-01
  1.344707e+00   2.580698e+01   6.334161e-01
  1.349395e+00   2.564131e+01   6.266965e-01
  1.354083e+00   2.540374e+01   6.190570e-01
  1.358771e+00   2.510938e+01   6.113755e-01
  1.363460e+00   2.642243e+01   6.237296e-01
  1.368148e+00   2.618757e+01   6.192005e-01
  1.372836e+00   2.545946e+01   6.088766e-01
  1.377524e+00   2.609296e+01   6.149992e-01
  1.382212e+00   2.567192e+01   6.088130e-01
  1.386901e+00   2.564799e+01   6.072575e-01
  1.391589e+00   2.585360e+01   6.083358e-01
  1.396277e+00   2.663689e+01   6.161823e-01
  1.400965e+00   2.548370e+01   6.015863e-01
  1.405654e+00   2.590006e+01   6.053770e-01
  1.410342e+00   2.617908e+01   6.075019e-01
  1.415030e+00   2.631329e+01   6.077198e-01
  1.419718e+00   2.609478e+01   6.041753e-01
  1.424406e+00   2.682588e+01   6.116351e-01
  1.429095e+00   2.622417e+01   6.036740e-01
  1.433783e+00   2.573765e+01   5.967822e-01
  1.438471e+00   2.548855e+01   5.929689e-01
  1.443159e+00   2.508436e+01   5.873486e-01
  1.447848e+00   2.491204e+01   5.843694e-01
  1.452536e+00   2.576060e+01   5.931204e-01
  1.457224e+00   2.473099e+01   5.802157e-01
  1.461912e+00   2.581875e+01   5.919701e-01
  1.466601e+00   2.540282e+01   5.862898e-01
  1.471289e+00   2.528149e+01   5.838934e-01
  1.475977e+00   2.591948e+01   5.905294e-01
  1.480665e+00   2.657088e+01   5.967506e-01
  1.485353e+00   2.541604e+01   5.919506e-01
  1.490042e+00   2.527132e+01   6.083775e-01
  1.494730e+00   2.517385e+01   6.179193e-01
  1.499418e+00   2.531005e+01   6.275577e-01
  1.504106e+00   2.545702e+01   6.366545e-01
  1.508795e+00   2.611671e+01   6.516954e-01
  1.513483e+00   2.597836e+01   6.334963e-01
  1.518171e+00   2.649988e+01   6.255286e-01
  1.522859e+00   2.622487e+01   6.137291e-01
  1.527548e+00   2.498215e+01   5.926078e-01
  1.532236e+00   2.594126e+01   5.980922e-01
  1.536924e+00   2.626432e+01   5.970199e-01
  1.541612e+00   2.663195e+01   5.980101e-01
  1.546300e+00   2.501144e+01   5.781311e-01
  1.550989e+00   2.588089e+01   5.859988e-01
  1.555677e+00   2.624112e+01   5.870524e-01
  1.560365e+00   2.527604e+01   5.734633e-01
  1.565053e+00   2.671770e+01   5.868752e-01
  1.569742e+00   2.631883e+01   5.801203e-01
  1.574430e+00   2.569507e+01   5.719993e-01
  1.579118e+00   2.553695e+01   5.706625e-01
  1.583806e+00   2.545673e+01   5.704167e-01
  1.588495e+00   2.555190e+01   5.721526e-01
  1.593183e+00   2.535845e+01   5.702520e-01
  1.597871e+00   2.608011e+01   5.779523e-01
  1.602559e+00   2.687937e+01   5.858821e-01
  1.607247e+00   2.555521e+01   5.703645e-01
  1.611936e+00   2.637280e+01   5.783083e-01
  1.616624e+00   2.544433e+01   5.672385e-01
  1.621312e+00   2.462641e+01   5.572410e-01
  1.626000e+00   2.580117e+01   5.695139e-01
  1.630689e+00   2.613336e+01   5.722482e-01
  1.635377e+00   2.595529e+01   5.694510e-01
  1.640065e+00   2.599192e+01   5.690219e-01
  1.644753e+00   2.580320e+01   5.661792e-01
  1.649441e+00   2.679294e+01   5.761173e-01
  1.654130e+00   2.590609e+01   5.655971e-01
  1.658818e+00   2.541929e+01   5.594705e-01
  1.663506e+00   2.611736e+01   5.663585e-01
  1.668194e+00   2.615615e+01   5.660675e-01
  1.672883e+00   2.611057e+01   5.645961e-01
  1.677571e+00   2.592245e+01   5.618242e-01
  1.682259e+00   2.488730e+01   5.498327e-01
  1.686947e+00   2.511109e+01   5.515988e-01
  1.691636e+00   2.594551e+01   5.597727e-01
  1.696324e+00   2.507380e+01   5.495521e-01
  1.701012e+00   2.540806e+01   5.525309e-01
  1.705700e+00   2.554772e+01   5.533933e-01
  1.710388e+00   2.533835e+01   5.503041e-01
  1.715077e+00   2.640393e+01   5.609695e-01
  1.719765e+00   2.650032e+01   5.612969e-01
  1.724453e+00   2.579263e+01   5.531218e-01
  1.729141e+00   2.489234e+01   5.426640e-01
  1.733830e+00   2.545104e+01   5.478771e-01
  1.738518e+00   2.547066e+01   5.474685e-01
  1.743206e+00   2.553442e+01   5.474950e-01
  1.747894e+00   2.574259e+01   5.491407e-01
  1.752583e+00   2.518778e+01   5.426049e-01
  1.757271e+00   2.523544e+01   5.422828e-01
  1.761959e+00   2.528747e+01   5.421177e-01
  1.766647e+00   2.622149e+01   5.513502e-01
  1.771335e+00   2.591034e+01   5.473234e-01
  1.776024e+00   2.600344e+01   5.476147e-01
  1.780712e+00   2.551782e+01   5.418318e-01
  1.785400e+00   2.581342e+01   5.443621e-01
  1.790088e+00   2.608245e+01   5.465192e-01
  1.794777e+00   2.571678e+01   5.419150e-01
  1.799465e+00   2.557477e+01   5.397523e-01
  1.804153e+00   2.556594e+01   5.391525e-01
  1.808841e+00   2.604226e+01   5.434994e-01
  1.813530e+00   2.491834e+01   5.308277e-01
  1.818218e+00   2.595228e+01   5.411463e-01
  1.822906e+00   2.543086e+01   5.351565e-01
  1.827594e+00   2.560331e+01   5.363632e-01
  1.832282e+00   2.603271e+01   5.399538e-01
  1.836971e+00   2.513434e+01   5.300606e-01
  1.841659e+00   2.553926e+01   5.337715e-01
  1.846347e+00   2.564399e+01   5.342389e-01
  1.851035e+00   2.534190e+01   5.303085e-01
  1.855724e+00   2.531998e+01   5.295399e-01
  1.860412e+00   2.541826e+01   5.300200e-01
  1.865100e+00   2.640237e+01   5.395591e-01
  1.869788e+00   2.628814e+01   5.376660e-01
  1.874476e+00   2.529191e+01   5.267893e-01
  1.879165e+00   2.497987e+01   5.230087e-01
  1.883853e+00   2.523639e+01   5.250797e-01
  1.888541e+00   2.620068e+01   5.343814e-01
  1.893229e+00   2.507706e+01   5.224324e-01
  1.897918e+00   2.605497e+01   5.318987e-01
  1.902606e+00   2.628161e+01   5.334150e-01
  1.907294e+00   2.643650e+01   5.344540e-01
  1.911982e+00   2.594032e+01   5.286559e-01
  1.916671e+00   2.565173e+01   5.251835e-01
  1.921359e+00   2.576289e+01   5.257812e-01
  1.926047e+00   2.542481e+01   5.217928e-01
  1.930735e+00   2.487782e+01   5.154313e-01
  1.935423e+00   2.651468e+01   5.315744e-01
  1.940112e+00   2.537417e+01   5.193821e-01
  1.944800e+00   2.573364e+01   5.218778e-01
  1.949488e+00   2.519474e+01   5.150597e-01
  1.954176e+00   2.530024e+01   5.149962e-01
  1.958865e+00   2.563604e+01   5.172566e-01
  1.963553e+00   2.595792e+01   5.195802e-01
  1.968241e+00   2.650718e+01   5.245184e-01
  1.972929e+00   2.552409e+01   5.140548e-01
  1.977618e+00   2.487602e+01   5.070791e-01
  1.982306e+00   2.510942e+01   5.091698e-01
  1.986994e+00   2.565302e+01   5.145754e-01
  1.991682e+00   2.498091e+01   5.078292e-01
  1.996370e+00   2.584649e+01   5.166926e-01
  2.001059e+00   2.604562e+01   5.188380e-01
  2.005747e+00   2.564844e+01   5.147029e-01
  2.010435e+00   2.474361e+01   5.047252e-01
  2.015123e+00   2.584723e+01   5.153107e-01
  2.019812e+00   2.604846e+01   5.168058e-01
  2.024500e+00   2.608128e+01   5.166776e-01
  2.029188e+00   2.579155e+01   5.131686e-01
  2.033876e+00   2.515366e+01   5.062193e-01
  2.038565e+00   2.505474e+01   5.046922e-01
  2.043253e+00   2.520353e+01   5.058096e-01
  2.047941e+00   2.542750e+01   5.074672e-01
  2.052629e+00   2.576603e+01   5.120716e-01
  2.057317e+00   2.487906e+01   5.178849e-01
  2.062006e+00   2.583339e+01   5.373067e-01
  2.066694e+00   2.665137e+01   5.530026e-01
  2.071382e+00   2.508883e+01   5.423072e-01
  2.076070e+00   2.532877e+01   5.502086e-01
  2.080759e+00   2.606291e+01   5.630906e-01
  2.085447e+00   2.608210e+01   5.676285e-01
  2.090135e+00   2.599676e+01   5.688348e-01
  2.094823e+00   2.613134e+01   5.719362e-01
  2.099511e+00   2.565828e+01   5.683329e-01
  2.104200e+00   2.576432e+01   5.709837e-01
  2.108888e+00   2.587550e+01   5.734877e-01
  2.113576e+00   2.685151e+01   5.854924e-01
  2.118264e+00   2.563072e+01   5.664516e-01
  2.122953e+00   2.559225e+01   5.481035e-01
  2.127641e+00   2.590068e+01   5.422693e-01
  2.132329e+00   2.616492e+01   5.384082e-01
  2.137017e+00   2.590719e+01   5.306942e-01
  2.141706e+00   2.505887e+01   5.176116e-01
  2.146394e+00   2.546095e+01   5.179309e-01
  2.151082e+00   2.581302e+01   5.186290e-01
  2.155770e+00   2.518419e+01   5.111565e-01
  2.160458e+00   2.468418e+01   5.048840e-01
  2.165147e+00   2.542284e+01   5.113126e-01
  2.169835e+00   2.577265e+01   5.136167e-01
  2.174523e+00   2.531508e+01   5.081492e-01
  2.179211e+00   2.516268e+01   5.057166e-01
  2.183900e+00   2.575934e+01   5.107760e-01
  2.188588e+00   2.552382e+01   5.075049e-01
  2.193276e+00   2.531885e+01   5.046192e-01
  2.197964e+00   2.504012e+01   5.011007e-01
  2.202653e+00   2.495698e+01   4.994764e-01
  2.207341e+00   2.557164e+01   5.047950e-01
  2.212029e+00   2.527551e+01   5.010873e-01
  2.216717e+00   2.535472e+01   5.012145e-01
  2.221405e+00   2.530462e+01   4.999805e-01
  2.226094e+00   2.579919e+01   5.041502e-01
  2.230782e+00   2.602867e+01   5.056635e-01
  2.235470e+00   2.604354e+01   5.051368e-01
  2.240158e+00   2.558775e+01   5.000471e-01
  2.244847e+00   2.543229e+01   4.979387e-01
  2.249535e+00   2.504017e+01   4.933455e-01
  2.254223e+00   2.488310e+01   4.911593e-01
  2.258911e+00   2.541534e+01   4.958329e-01
  2.263600e+00   2.579849e+01   4.989760e-01
  2.268288e+00   2.566076e+01   4.969533e-01
  2.272976e+00   2.605586e+01   5.001111e-01
  2.277664e+00   2.530485e+01   4.923307e-01
  2.282352e+00   2.451175e+01   4.840236e-01
  2.287041e+00   2.523992e+01   4.905533e-01
  2.291729e+00   2.530326e+01   4.904831e-01
  2.296417e+00   2.537972e+01   4.907645e-01
  2.301105e+00   2.527851e+01   4.892411e-01
  2.305794e+00   2.501334e+01   4.861152e-01
  2.310482e+00   2.488420e+01   4.841900e-01
  2.315170e+00   2.556433e+01   4.903094e-01
  2.319858e+00   2.497034e+01   4.840757e-01
  2.324546e+00   2.531251e+01   4.868345e-01
  2.329235e+00   2.560245e+01   4.889601e-01
  2.333923e+00   2.533810e+01   4.859761e-01
  2.338611e+00   2.530306e+01   4.851453e-01
  2.343299e+00   2.576695e+01   4.890694e-01
  2.347988e+00   2.561478e+01   4.869729e-01
  2.352676e+00   2.578636e+01   4.881527e-01
  2.357364e+00   2.549890e+01   4.849380e-01
  2.362052e+00   2.505038e+01   4.801484e-01
  2.366741e+00   2.504527e+01   4.795549e-01
  2.371429e+00   2.513485e+01   4.798944e-01
  2.376117e+00   2.574697e+01   4.852615e-01
  2.380805e+00   2.574265e+01   4.847084e-01
  2.385493e+00   2.591271e+01   4.857889e-01
  2.390182e+00   2.610555e+01   4.870897e-01
  2.394870e+00   2.538019e+01   4.797564e-01
  2.399558e+00   2.487370e+01   4.745492e-01
  2.404246e+00   2.519512e+01   4.770971e-01
  2.408935e+00   2.551964e+01   4.796324e-01
  2.413623e+00   2.527230e+01   4.768253e-01
  2.418311e+00   2.454597e+01   4.694857e-01
  2.422999e+00   2.519720e+01   4.752823e-01
  2.427688e+00   2.560925e+01   4.785248e-01
  2.432376e+00   2.561148e+01   4.781369e-01
  2.437064e+00   2.551118e+01   4.767045e-01
  2.441752e+00   2.541357e+01   4.754660e-01
  2.446440e+00   2.483707e+01   4.694264e-01
  2.451129e+00   2.516336e+01   4.720795e-01
  2.455817e+00   2.582866e+01   4.779203e-01
  2.460505e+00   2.534048e+01   4.729888e-01
  2.465193e+00   2.521134e+01   4.711711e-01
  2.469882e+00   2.609776e+01   4.788879e-01
  2.474570e+00   2.550692e+01   4.730191e-01
  2.479258e+00   2.472493e+01   4.653345e-01
  2.483946e+00   2.457923e+01   4.635023e-01
  2.488634e+00   2.586877e+01   4.749637e-01
  2.493323e+00   2.559050e+01   4.720150e-01
  2.498011e+00   2.518329e+01   4.678567e-01
  2.502699e+00   2.504161e+01   4.660838e-01
  2.507387e+00   2.535539e+01   4.684881e-01
  2.512076e+00   2.543015e+01   4.687594e-01
  2.516764e+00   2.526452e+01   4.668599e-01
  2.521452e+00   2.495638e+01   4.635727e-01
  2.526140e+00   2.469120e+01   4.606144e-01
  2.530829e+00   2.471041e+01   4.603652e-01
  2.535517e+00   2.594408e+01   4.710838e-01
  2.540205e+00   2.534773e+01   4.647330e-01
  2.544893e+00   2.539265e+01   4.641348e-01
  2.549581e+00   2.469234e+01   4.568802e-01
  2.554270e+00   2.508996e+01   4.601069e-01
  2.558958e+00   2.508517e+01   4.596651e-01
  2.563646e+00   2.542327e+01   4.623456e-01
  2.568334e+00   2.552722e+01   4.628151e-01
  2.573023e+00   2.532411e+01   4.605931e-01
  2.577711e+00   2.480479e+01   4.554637e-01
  2.582399e+00   2.502724e+01   4.571249e-01
  2.587087e+00   2.534209e+01   4.596806e-01
  2.591776e+00   2.544037e+01   4.606355e-01
  2.596464e+00   2.509642e+01   4.576828e-01
  2.601152e+00   2.518662e+01   4.585674e-01
  2.605840e+00   2.450121e+01   4.518733e-01
  2.610528e+00   2.435168e+01   4.500944e-01
  2.615217e+00   2.460868e+01   4.521045e-01
  2.619905e+00   2.520377e+01   4.572194e-01
  2.624593e+00   2.488113e+01   4.537636e-01
  2.629281e+00   2.523965e+01   4.566498e-01
  2.633970e+00   2.546754e+01   4.583131e-01
  2.638658e+00   2.541628e+01   4.575360e-01
  2.643346e+00   2.530853e+01   4.561073e-01
  2.648034e+00   2.484452e+01   4.515593e-01
  2.652723e+00   2.561588e+01   4.581349e-01
  2.657411e+00   2.517253e+01   4.537465e-01
  2.662099e+00   2.554609e+01   4.566933e-01
  2.666787e+00   2.523816e+01   4.534641e-01
  2.671475e+00   2.475799e+01   4.487676e-01
  2.676164e+00   2.526020e+01   4.530120e-01
  2.680852e+00   2.505049e+01   4.508129e-01
  2.685540e+00   2.505320e+01   4.503164e-01
  2.690228e+00   2.472445e+01   4.469336e-01
  2.694917e+00   2.526274e+01   4.515556e-01
  2.699605e+00   2.520770e+01   4.506925e-01
  2.704293e+00   2.516524e+01   4.497628e-01
  2.708981e+00   2.540658e+01   4.515467e-01
  2.713669e+00   2.509926e+01   4.485046e-01
  2.718358e+00   2.531934e+01   4.500878e-01
  2.723046e+00   2.504230e+01   4.471896e-01
  2.727734e+00   2.501687e+01   4.465662e-01
  2.732422e+00   2.574596e+01   4.527223e-01
  2.737111e+00   2.518799e+01   4.474318e-01
  2.741799e+00   2.494700e+01   4.448781e-01
  2.746487e+00   2.499380e+01   4.448851e-01
  2.751175e+00   2.539526e+01   4.481309e-01
  2.755864e+00   2.525223e+01   4.465256e-01
  2.760552e+00   2.529297e+01   4.464949e-01
  2.765240e+00   2.511687e+01   4.445199e-01
  2.769928e+00   2.498236e+01   4.429925e-01
  2.774616e+00   2.465520e+01   4.397956e-01
  2.779305e+00   2.510329e+01   4.433745e-01
  2.783993e+00   2.520204e+01   4.438355e-01
  2.788681e+00   2.500783e+01   4.418055e-01
  2.793369e+00   2.509087e+01   4.423140e-01
  2.798058e+00   2.465084e+01   4.379590e-01
  2.802746e+00   2.524685e+01   4.430184e-01
  2.807434e+00   2.503283e+01   4.408875e-01
  2.812122e+00   2.431069e+01   4.338934e-01
  2.816811e+00   2.442193e+01   4.345938e-01
  2.821499e+00   2.469541e+01   4.365931e-01
  2.826187e+00   2.533083e+01   4.417763e-01
  2.830875e+00   2.492023e+01   4.378534e-01
  2.835563e+00   2.485375e+01   4.369695e-01
  2.840252e+00   2.491851e+01   4.370920e-01
  2.844940e+00   2.488260e+01   4.364688e-01
  2.849628e+00   2.504764e+01   4.375751e-01
  2.854316e+00   2.537654e+01   4.401219e-01
  2.859005e+00   2.475892e+01   4.420480e-01
  2.863693e+00   2.500588e+01   4.539911e-01
  2.868381e+00   2.521879e+01   4.619382e-01
  2.873069e+00   2.524264e+01   4.671672e-01
  2.877758e+00   2.504320e+01   4.693756e-01
  2.882446e+00   2.480773e+01   4.700764e-01
  2.887134e+00   2.508441e+01   4.742591e-01
  2.891822e+00   2.548479e+01   4.794242e-01
  2.896510e+00   2.524360e+01   4.784729e-01
  2.901199e+00   2.555739e+01   4.825649e-01
  2.905887e+00   2.494979e+01   4.779874e-01
  2.910575e+00   2.521138e+01   4.815464e-01
  2.915263e+00   2.550076e+01   4.852946e-01
  2.919952e+00   2.516730e+01   4.826545e-01
  2.924640e+00   2.549072e+01   4.726168e-01
  2.929328e+00   2.514756e+01   4.611274e-01
  2.934016e+00   2.484590e+01   4.531095e-01
  2.938704e+00   2.502689e+01   4.506505e-01
  2.943393e+00   2.546768e+01   4.513242e-01
  2.948081e+00   2.517209e+01   4.469492e-01
  2.952769e+00   2.452168e+01   4.400385e-01
  2.957457e+00   2.463700e+01   4.401810e-01
  2.962146e+00   2.533982e+01   4.454621e-01
  2.966834e+00   2.468861e+01   4.390199e-01
  2.971522e+00   2.501781e+01   4.410709e-01
  2.976210e+00   2.514461e+01   4.414993e-01
  2.980899e+00   2.508083e+01   4.402019e-01
  2.985587e+00   2.497369e+01   4.385951e-01
  2.990275e+00   2.398176e+01   4.291756e-01
  2.994963e+00   2.500404e+01   4.376991e-01
  2.999651e+00   2.524438e+01   4.391657e-01
  3.004340e+00   2.530915e+01   4.391361e-01
  3.009028e+00   2.544010e+01   4.397180e-01
  3.013716e+00   2.548918e+01   4.396579e-01
  3.018404e+00   2.573438e+01   4.412316e-01
  3.023093e+00   2.513863e+01   4.355418e-01
  3.027781e+00   2.471194e+01   4.313258e-01
  3.032469e+00   2.488979e+01   4.324377e-01
  3.037157e+00   2.429106e+01   4.267712e-01
  3.041846e+00   2.525345e+01   4.345922e-01
  3.046534e+00   2.564469e+01   4.374648e-01
  3.051222e+00   2.595209e+01   4.397580e-01
  3.055910e+00   2.482145e+01   4.296655e-01
  3.060598e+00   2.475823e+01   4.284917e-01
  3.065287e+00   2.465602e+01   4.272113e-01
  3.069975e+00   2.487513e+01   4.286984e-01
  3.074663e+00   2.535748e+01   4.324752e-01
  3.079351e+00   2.506189e+01   4.294606e-01
  3.084040e+00   2.479282e+01   4.266917e-01
  3.088728e+00   2.492049e+01   4.274308e-01
  3.093416e+00   2.505199e+01   4.283280e-01
  3.098104e+00   2.559867e+01   4.325059e-01
  3.102793e+00   2.481452e+01   4.253829e-01
  3.107481e+00   2.525568e+01   4.287776e-01
  3.112169e+00   2.459777e+01   4.227442e-01
  3.116857e+00   2.514348e+01   4.269792e-01
  3.121545e+00   2.508517e+01   4.260505e-01
  3.126234e+00   2.521889e+01   4.268305e-01
  3.130922e+00   2.526248e+01   4.268943e-01
  3.135610e+00   2.473501e+01   4.220283e-01
  3.140298e+00   2.443964e+01   4.193020e-01
  3.144987e+00   2.511367e+01   4.246971e-01
  3.149675e+00   2.534712e+01   4.260882e-01
  3.154363e+00   2.540238e+01   4.262258e-01
  3.159051e+00   2.519430e+01   4.240170e-01
  3.163739e+00   2.475218e+01   4.199250e-01
  3.168428e+00   2.493871e+01   4.212310e-01
  3.173116e+00   2.446746e+01   4.169529e-01
  3.177804e+00   2.500947e+01   4.210851e-01
  3.182492e+00   2.519658e+01   4.222943e-01
  3.187181e+00   2.520737e+01   4.220658e-01
  3.191869e+00   2.453572e+01   4.160744e-01
  3.196557e+00   2.407825e+01   4.117929e-01
  3.201245e+00   2.538176e+01   4.224401e-01
  3.205934e+00   2.487599e+01   4.178911e-01
  3.210622e+00   2.474743e+01   4.165417e-01
  3.215310e+00   2.509182e+01   4.190138e-01
  3.219998e+00   2.489800e+01   4.169056e-01
  3.224686e+00   2.517244e+01   4.185157e-01
  3.229375e+00   2.588674e+01   4.236179e-01
  3.234063e+00   2.573247e+01   4.218315e-01
  3.238751e+00   2.486572e+01   4.143100e-01
  3.243439e+00   2.499730e+01   4.150771e-01
  3.248128e+00   2.459296e+01   4.114331e-01
  3.252816e+00   2.501767e+01   4.146531e-01
  3.257504e+00   2.441416e+01   4.092335e-01
  3.262192e+00   2.533828e+01   4.166280e-01
  3.266881e+00   2.465161e+01   4.106385e-01
  3.271569e+00   2.518818e+01   4.147862e-01
  3.276257e+00   2.514933e+01   4.141633e-01
  3.280945e+00   2.501359e+01   4.131102e-01
  3.285633e+00   2.503702e+01   4.134470e-01
  3.290322e+00   2.468780e+01   4.105135e-01
  3.295010e+00   2.446967e+01   4.083537e-01
  3.299698e+00   2.483943e+01   4.111176e-01
  3.304386e+00   2.498257e+01   4.119794e-01
  3.309075e+00   2.438072e+01   4.067378e-01
  3.313763e+00   2.459575e+01   4.081902e-01
  3.318451e+00   2.428691e+01   4.052812e-01
  3.323139e+00   2.477916e+01   4.091052e-01
  3.327828e+00   2.502385e+01   4.107957e-01
  3.332516e+00   2.485397e+01   4.091469e-01
  3.337204e+00   2.490286e+01   4.091646e-01
  3.341892e+00   2.488215e+01   4.087950e-01
  3.346580e+00   2.487698e+01   4.084516e-01
  3.351269e+00   2.516337e+01   4.104534e-01
  3.355957e+00   2.507459e+01   4.102081e-01
  3.360645e+00   2.513920e+01   4.207905e-01
  3.365333e+00   2.529774e+01   4.287968e-01
  3.370022e+00   2.476345e+01   4.288965e-01
  3.374710e+00   2.453262e+01   4.289968e-01
  3.379398e+00   2.411899e+01   4.269524e-01
  3.384086e+00   2.498917e+01   4.359941e-01
  3.388774e+00   2.482171e+01   4.350203e-01
  3.393463e+00   2.445103e+01   4.313971e-01
  3.398151e+00   2.461682e+01   4.332788e-01
  3.402839e+00   2.442711e+01   4.325621e-01
  3.407527e+00   2.490972e+01   4.377835e-01
  3.412216e+00   2.469847e+01   4.367522e-01
  3.416904e+00   2.523184e+01   4.422684e-01
  3.421592e+00   2.455352e+01   4.371205e-01
  3.426280e+00   2.460887e+01   4.383351e-01
  3.430969e+00   2.447058e+01   4.378748e-01
  3.435657e+00   2.431946e+01   4.372515e-01
  3.440345e+00   2.454509e+01   4.398380e-01
  3.445033e+00   2.400572e+01   4.356460e-01
  3.449721e+00   2.436899e+01   4.396499e-01
  3.454410e+00   2.413320e+01   4.380124e-01
  3.459098e+00   2.453424e+01   4.422106e-01
  3.463786e+00   2.505754e+01   4.474703e-01
  3.468474e+00   2.456742e+01   4.436460e-01
  3.473163e+00   2.424822e+01   4.412266e-01
  3.477851e+00   2.450905e+01   4.441496e-01
  3.482539e+00   2.536799e+01   4.525706e-01
  3.487227e+00   2.527456e+01   4.520190e-01
  3.491916e+00   2.484697e+01   4.487110e-01
  3.496604e+00   2.522602e+01   4.525795e-01
  3.501292e+00   2.494618e+01   4.505202e-01
  3.505980e+00   2.474130e+01   4.491413e-01
  3.510668e+00   2.505445e+01   4.524235e-01
  3.515357e+00   2.463023e+01   4.489576e-01
  3.520045e+00   2.495824e+01   4.524392e-01
  3.524733e+00   2.491536e+01   4.524314e-01
  3.529421e+00   2.453618e+01   4.493521e-01
  3.534110e+00   2.506069e+01   4.545864e-01
  3.538798e+00   2.504762e+01   4.548209e-01
  3.543486e+00   2.481294e+01   4.530834e-01
  3.548174e+00   2.455081e+01   4.510824e-01
  3.552863e+00   2.504271e+01   4.559304e-01
  3.557551e+00   2.558917e+01   4.612265e-01
  3.562239e+00   2.496357e+01   4.559632e-01
  3.566927e+00   2.508013e+01   4.573770e-01
  3.571615e+00   2.461675e+01   4.534514e-01
  3.576304e+00   2.543930e+01   4.612936e-01
  3.580992e+00   2.486339e+01   4.563298e-01
  3.585680e+00   2.483489e+01   4.558024e-01
  3.590368e+00   2.452539e+01   4.525273e-01
  3.595057e+00   2.435853e+01   4.505836e-01
  3.599745e+00   2.481846e+01   4.544222e-01
  3.604433e+00   2.475684e+01   4.535846e-01
  3.609121e+00   2.432294e+01   4.500599e-01
  3.613809e+00   2.454578e+01   4.521803e-01
  3.618498e+00   2.544518e+01   4.606315e-01
  3.623186e+00   2.522962e+01   4.590026e-01
  3.627874e+00   2.485449e+01   4.558557e-01
  3.632562e+00   2.454764e+01   4.532712e-01
  3.637251e+00   2.472042e+01   4.551730e-01
  3.641939e+00   2.391424e+01   4.479446e-01
  3.646627e+00   2.413497e+01   4.503134e-01
  3.651315e+00   2.450382e+01   4.539627e-01
  3.656004e+00   2.451509e+01   4.545257e-01
  3.660692e+00   2.459640e+01   4.623108e-01
  3.665380e+00   2.473526e+01   4.801989e-01
  3.670068e+00   2.539168e+01   4.949370e-01
  3.674756e+00   2.517536e+01   5.005820e-01
  3.679445e+00   2.503524e+01   5.051575e-01
  3.684133e+00   2.515906e+01   5.098644e-01
  3.688821e+00   2.514039e+01   5.128224e-01
  3.693509e+00   2.530685e+01   5.175632e-01
  3.698198e+00   2.538568e+01   5.212032e-01
  3.702886e+00   2.445015e+01   5.143031e-01
  3.707574e+00   2.412638e+01   5.134439e-01
  3.712262e+00   2.501736e+01   5.254896e-01
  3.716951e+00   2.515755e+01   5.294636e-01
  3.721639e+00   2.387348e+01   5.182313e-01
  3.726327e+00   2.486843e+01   5.313012e-01
  3.731015e+00   2.520346e+01   5.373256e-01
  3.735703e+00   2.486039e+01   5.359730e-01
  3.740392e+00   2.468360e+01   5.364280e-01
  3.745080e+00   2.504660e+01   5.426047e-01
  3.749768e+00   2.506235e+01   5.450862e-01
  3.754456e+00   2.444108e+01   5.404952e-01
  3.759145e+00   2.466217e+01   5.451816e-01
  3.763833e+00   2.495810e+01   5.506309e-01
  3.768521e+00   2.494776e+01   5.527388e-01
  3.773209e+00   2.453993e+01   5.503403e-01
  3.777897e+00   2.529367e+01   5.609406e-01
  3.782586e+00   2.538013e+01   5.640581e-01
  3.787274e+00   2.445228e+01   5.557958e-01
  3.791962e+00   2.499615e+01   5.640940e-01
  3.796650e+00   2.448582e+01   5.604202e-01
  3.801339e+00   2.411143e+01   5.582095e-01
  3.806027e+00   2.409772e+01   5.601375e-01
  3.810715e+00   2.447284e+01   5.665836e-01
  3.815403e+00   2.502165e+01   5.750120e-01
  3.820092e+00   2.483834e+01   5.750148e-01
  3.824780e+00   2.497295e+01   5.786859e-01
  3.829468e+00   2.491417e+01   5.801395e-01
  3.834156e+00   2.454942e+01   5.779286e-01
  3.838844e+00   2.506335e+01   5.860836e-01
  3.843533e+00   2.531857e+01   5.911600e-01
  3.848221e+00   2.412037e+01   5.790555e-01
  3.852909e+00   2.404737e+01   5.802680e-01
  3.857597e+00   2.465813e+01   5.896919e-01
  3.862286e+00   2.478120e+01   5.932677e-01
  3.866974e+00   2.436733e+01   5.903665e-01
  3.871662e+00   2.405406e+01   5.887631e-01
  3.876350e+00   2.465483e+01   5.982692e-01
  3.881039e+00   2.434536e+01   5.964086e-01
  3.885727e+00   2.418226e+01   5.964984e-01
  3.890415e+00   2.551444e+01   6.148053e-01
  3.895103e+00   2.525932e+01   6.139390e-01
  3.899791e+00   2.534902e+01   6.171207e-01
  3.904480e+00   2.528887e+01   6.185878e-01
  3.909168e+00   2.522075e+01   6.198797e-01
  3.913856e+00   2.524298e+01   6.224090e-01
  3.918544e+00   2.499146e+01   6.213612e-01
  3.923233e+00   2.474447e+01   6.205125e-01
  3.927921e+00   2.465688e+01   6.215013e-01
  3.932609e+00   2.508329e+01   6.289743e-01
  3.937297e+00   2.488766e+01   6.276432e-01
  3.941986e+00   2.288746e+01   6.026502e-01
  3.946674e+00   2.419601e+01   6.202701e-01
  3.951362e+00   2.458515e+01   6.248772e-01
  3.956050e+00   2.410713e+01   6.177295e-01
  3.960738e+00   2.436596e+01   6.208746e-01
  3.965427e+00   2.411798e+01   6.184455e-01
  3.970115e+00   2.545628e+01   6.373369e-01
  3.974803e+00   2.522007e+01   6.364051e-01
  3.979491e+00   2.493814e+01   6.346099e-01
  3.984180e+00   2.399714e+01   6.246188e-01
  3.988868e+00   2.420297e+01   6.293801e-01
  3.993556e+00   2.467273e+01   6.375864e-01
  3.998244e+00   2.372355e+01   6.273363e-01
  4.002932e+00   2.512159e+01   6.477598e-01
  4.007621e+00   2.491568e+01   6.472329e-01
  4.012309e+00   2.457320e+01   6.449397e-01
  4.016997e+00   2.478323e+01   6.498902e-01
  4.021685e+00   2.552075e+01   6.617597e-01
  4.026374e+00   2.479256e+01   6.544585e-01
  4.031062e+00   2.417025e+01   6.483760e-01
  4.035750e+00   2.476572e+01   6.585374e-01
  4.040438e+00   2.444277e+01   6.564919e-01
  4.045127e+00   2.410061e+01   6.541141e-01
  4.049815e+00   2.360019e+01   6.494992e-01
  4.054503e+00   2.488123e+01   6.691676e-01
  4.059191e+00   2.394425e+01   6.587399e-01
  4.063879e+00   2.479906e+01   6.727206e-01
  4.068568e+00   2.456202e+01   6.717995e-01
  4.073256e+00   2.450725e+01   6.733571e-01
  4.077944e+00   2.458652e+01   6.768183e-01
  4.082632e+00   2.482465e+01   6.824519e-01
  4.087321e+00   2.464729e+01   6.823993e-01
  4.092009e+00   2.449743e+01   6.827005e-01
  4.096697e+00   2.428346e+01   6.821036e-01
  4.101385e+00   2.436716e+01   6.856534e-01
  4.106074e+00   2.577720e+01   7.077488e-01
  4.110762e+00   2.436462e+01   6.905476e-01
  4.115450e+00   2.494566e+01   7.012069e-01
  4.120138e+00   2.381964e+01   6.875954e-01
  4.124826e+00   2.409592e+01   6.940657e-01
  4.129515e+00   2.484683e+01   7.073739e-01
  4.134203e+00   2.480392e+01   7.092699e-01
  4.138891e+00   2.519921e+01   7.175003e-01
  4.143579e+00   2.482921e+01   7.147958e-01
  4.148268e+00   2.545354e+01   7.264084e-01
  4.152956e+00   2.464588e+01   7.173869e-01
  4.157644e+00   2.564535e+01   7.343884e-01
  4.162332e+00   2.593589e+01   7.413626e-01
  4.167021e+00   2.549172e+01   7.376999e-01
  4.171709e+00   2.513201e+01   7.351190e-01
  4.176397e+00   2.485876e+01   7.338844e-01
  4.181085e+00   2.446537e+01   7.307718e-01
  4.185773e+00   2.425520e+01   7.304242e-01
  4.190462e+00   2.502840e+01   7.448381e-01
  4.195150e+00   2.577995e+01   7.597023e-01
  4.199838e+00   2.380646e+01   7.321109e-01
  4.204526e+00   2.391614e+01   7.363337e-01
  4.209215e+00   2.507025e+01   7.568032e-01
  4.213903e+00   2.433191e+01   7.484459e-01
  4.218591e+00   2.460003e+01   7.554635e-01
  4.223279e+00   2.501038e+01   7.647433e-01
  4.227967e+00   2.513431e+01   7.695901e-01
  4.232656e+00   2.555901e+01   7.791293e-01
  4.237344e+00   2.474414e+01   7.696770e-01
  4.242032e+00   2.420565e+01   7.642482e-01
  4.246720e+00   2.450134e+01   7.719076e-01
  4.251409e+00   2.413875e+01   7.693868e-01
  4.256097e+00   2.522781e+01   7.896340e-01
  4.260785e+00   2.557474e+01   7.982538e-01
  4.265473e+00   2.466438e+01   7.878888e-01
  4.270162e+00   2.391743e+01   7.797680e-01
  4.274850e+00   2.335413e+01   7.760522e-01
  4.279538e+00   2.382754e+01   7.874002e-01
  4.284226e+00   2.397944e+01   7.897955e-01
  4.288914e+00   2.485865e+01   8.066761e-01
  4.293603e+00   2.557809e+01   8.217556e-01
  4.298291e+00   2.335493e+01   7.886862e-01
  4.302979e+00   2.440947e+01   8.095698e-01
  4.307667e+00   2.429141e+01   8.111217e-01
  4.312356e+00   2.438041e+01   8.162115e-01
  4.317044e+00   2.425614e+01   8.175240e-01
  4.321732e+00   2.400413e+01   8.168680e-01
  4.326420e+00   2.443043e+01   8.277883e-01
  4.331109e+00   2.306503e+01   8.077669e-01
  4.335797e+00   2.466135e+01   8.390096e-01
  4.340485e+00   2.617542e+01   8.690982e-01
  4.345173e+00   2.487085e+01   8.503999e-01
  4.349861e+00   2.418629e+01   8.421816e-01
  4.354550e+00   2.484694e+01   8.575673e-01
  4.359238e+00   2.481769e+01   8.609689e-01
  4.363926e+00   2.444570e+01   8.584336e-01
  4.368614e+00   2.482425e+01   8.690808e-01
  4.373303e+00   2.447939e+01   8.671584e-01
  4.377991e+00   2.352593e+01   8.540767e-01
  4.382679e+00   2.498702e+01   8.843715e-01
  4.387367e+00   2.571544e+01   9.015896e-01
  4.392056e+00   2.508138e+01   8.946530e-01
  4.396744e+00   2.495325e+01   8.966739e-01
  4.401432e+00   2.466584e+01   8.968247e-01
  4.406120e+00   2.317938e+01   8.718354e-01
  4.410808e+00   2.436344e+01   8.944471e-01
  4.415497e+00   2.645132e+01   9.326065e-01
  4.420185e+00   2.542052e+01   9.148197e-01
  4.424873e+00   2.451606e+01   8.990813e-01
  4.429561e+00   2.446860e+01   8.988243e-01
  4.434250e+00   2.511313e+01   9.112166e-01
  4.438938e+00   2.600799e+01   9.280099e-01
  4.443626e+00   2.316124e+01   8.762438e-01
  4.448314e+00   2.402656e+01   8.945969e-01
  4.453002e+00   2.473010e+01   9.119657e-01
  4.457691e+00   2.504354e+01   9.223955e-01
  4.462379e+00   2.644629e+01   9.526619e-01
  4.467067e+00   2.331830e+01   8.991102e-01
  4.471755e+00   2.316815e+01   9.008138e-01
  4.476444e+00   2.484998e+01   9.378361e-01
  4.481132e+00   2.573273e+01   9.593518e-01
  4.485820e+00   2.439276e+01   9.390506e-01
  4.490508e+00   2.397959e+01   9.360120e-01
  4.495197e+00   2.413829e+01   9.441478e-01
  4.499885e+00   2.497952e+01   9.656577e-01
  4.504573e+00   2.509590e+01   9.731909e-01
  4.509261e+00   2.461003e+01   9.690782e-01
  4.513949e+00   2.470934e+01   9.765068e-01
  4.518638e+00   2.376453e+01   9.630664e-01
  4.523326e+00   2.302846e+01   9.534591e-01
  4.528014e+00   2.382062e+01   9.752791e-01
  4.532702e+00   2.502616e+01   1.005440e+00
  4.537391e+00   2.478835e+01   1.006497e+00
  4.542079e+00   2.649347e+01   1.046772e+00
  4.546767e+00   2.515277e+01   1.026072e+00
  4.551455e+00   2.421715e+01   1.012872e+00
  4.556144e+00   2.402593e+01   1.015016e+00
  4.560832e+00   2.584558e+01   1.059230e+00
  4.565520e+00   2.518362e+01   1.052081e+00
  4.570208e+00   2.493586e+01   1.053605e+00
  4.574896e+00   2.534555e+01   1.069078e+00
  4.579585e+00   2.606385e+01   1.091090e+00
  4.584273e+00   2.658224e+01   1.109053e+00
  4.588961e+00   2.503840e+01   1.083451e+00
  4.593649e+00   2.469787e+01   1.083224e+00
  4.598338e+00   2.422098e+01   1.080119e+00
  4.603026e+00   2.368048e+01   1.075291e+00
  4.607714e+00   2.554301e+01   1.124487e+00
  4.612402e+00   2.582415e+01   1.138559e+00
  4.617091e+00   2.610928e+01   1.152922e+00
  4.621779e+00   2.398380e+01   1.113074e+00
  4.626467e+00   2.532773e+01   1.152213e+00
  4.631155e+00   2.618491e+01   1.180170e+00
  4.635843e+00   2.497762e+01   1.161231e+00
  4.640532e+00   2.452212e+01   1.159286e+00
  4.645220e+00   2.569170e+01   1.195885e+00
  4.649908e+00   2.495192e+01   1.187796e+00
  4.654596e+00   2.515920e+01   1.202111e+00
  4.659285e+00   2.527390e+01   1.214483e+00
  4.663973e+00   2.557262e+01   1.231547e+00
  4.668661e+00   2.674243e+01   1.270070e+00
  4.673349e+00   2.513795e+01   1.241712e+00
  4.678037e+00   2.572332e+01   1.266755e+00
  4.682726e+00   2.426454e+01   1.240915e+00
  4.687414e+00   2.500838e+01   1.270956e+00
  4.692102e+00   2.521868e+01   1.287921e+00
  4.696790e+00   2.693684e+01   1.343130e+00
  4.701479e+00   2.652659e+01   1.345144e+00
  4.706167e+00   2.368200e+01   1.282888e+00
  4.710855e+00   2.369952e+01   1.295986e+00
  4.715543e+00   2.609876e+01   1.373277e+00
  4.720232e+00   2.580082e+01   1.378919e+00
  4.724920e+00   2.335530e+01   1.325155e+00
  4.729608e+00   2.524568e+01   1.392216e+00
  4.734296e+00   2.584456e+01   1.423604e+00
  4.738984e+00   2.637648e+01   1.453538e+00
  4.743673e+00   2.641214e+01   1.470381e+00
  4.748361e+00   2.458357e+01   1.434654e+00
  4.753049e+00   2.361606e+01   1.422453e+00
  4.757737e+00   2.367516e+01   1.440788e+00
  4.762426e+00   2.421789e+01   1.474527e+00
  4.767114e+00   2.662754e+01   1.565347e+00
  4.771802e+00   2.419561e+01   1.511248e+00
  4.776490e+00   2.429101e+01   1.533553e+00
  4.781179e+00   2.613872e+01   1.611603e+00
  4.785867e+00   2.552305e+01   1.614347e+00
  4.790555e+00   2.559103e+01   1.639184e+00
  4.795243e+00   2.526664e+01   1.651795e+00
  4.799931e+00   2.689573e+01   1.728992e+00
  4.804620e+00   2.668087e+01   1.748608e+00
  4.809308e+00   2.484781e+01   1.713791e+00
  4.813996e+00   2.344329e+01   1.691082e+00
  4.818684e+00   2.450861e+01   1.757385e+00
  4.823373e+00   2.532219e+01   1.817836e+00
  4.828061e+00   2.749782e+01   1.927948e+00
  4.832749e+00   2.531321e+01   1.883357e+00
  4.837437e+00   2.898305e+01   2.053647e+00
  4.842125e+00   2.556194e+01   1.967448e+00
  4.846814e+00   2.190423e+01   1.858213e+00
  4.851502e+00   2.396362e+01   1.984644e+00
  4.856190e+00   2.272475e+01   1.976660e+00
  4.860878e+00   2.308319e+01   2.038712e+00
  4.865567e+00   2.595094e+01   2.213808e+00
  4.870255e+00   2.460583e+01   2.211367e+00
  4.874943e+00   2.553049e+01   2.315474e+00
  4.879631e+00   2.669968e+01   2.434685e+00
  4.884320e+00   2.523702e+01   2.437751e+00
  4.889008e+00   2.553499e+01   2.532775e+00
  4.893696e+00   2.734569e+01   2.711048e+00
  4.898384e+00   2.537511e+01   2.706469e+00
  4.903072e+00   1.960451e+01   2.473704e+00
  4.907761e+00   2.472387e+01   2.935658e+00
  4.912449e+00   2.447506e+01   4.035814e+00
  4.917137e+00   2.608621e+01   1.145419e+01
