# GI Buffer
# Sample c= 0.0 mg/ml
#
# Sample environment:
# Detector = Pilatus
# PixelSize_1 = 0.000172
# PixelSize_2 = 0.000172
#
# title = GI Buffer
# Frame 40 of 120
# Time per frame (s) = 1.0
# SampleDistance = 2.869
# WaveLength = 9.919e-11
# Normalization = 0.001062898
# DiodeCurr = 8.744531e-05
# MachCurr = 68.891
# Mask = /data/bm29/archive/CALIBRATION/MASK/BM29/Pcon_19thNovember2015_7keV_v3.edf
#
# N 3
# L q*nm  I_GI Buffer  stddev
#
# Sample Information:
# Storage Temperature (degrees C): 20.0
# Measurement Temperature (degrees C): 20.08
# Concentration: 0.0
# Code: GIBuffer
  3.200246e-02   1.499971e+02   1.838244e+01
  3.669069e-02   4.911412e+02   1.510193e+01
  4.137892e-02   6.851904e+02   1.328772e+01
  4.606715e-02   5.791594e+02   1.011525e+01
  5.075538e-02   3.815954e+02   7.458290e+00
  5.544361e-02   2.793376e+02   5.895360e+00
  6.013183e-02   2.135137e+02   4.927771e+00
  6.482006e-02   1.652687e+02   4.159589e+00
  6.950829e-02   1.312894e+02   3.557320e+00
  7.419652e-02   1.104580e+02   3.132144e+00
  7.888475e-02   9.340076e+01   2.784277e+00
  8.357298e-02   7.598255e+01   2.436479e+00
  8.826121e-02   6.762918e+01   2.233549e+00
  9.294944e-02   6.148958e+01   2.067339e+00
  9.763767e-02   5.895928e+01   1.968526e+00
  1.023259e-01   5.239650e+01   1.811579e+00
  1.070141e-01   4.949930e+01   1.720551e+00
  1.117024e-01   5.006379e+01   1.691118e+00
  1.163906e-01   4.773616e+01   1.611354e+00
  1.210788e-01   4.401838e+01   1.516918e+00
  1.257670e-01   4.133224e+01   1.441668e+00
  1.304553e-01   4.042330e+01   1.400617e+00
  1.351435e-01   4.016974e+01   1.368088e+00
  1.398317e-01   3.824805e+01   1.311913e+00
  1.445200e-01   3.541142e+01   1.241465e+00
  1.492082e-01   3.286837e+01   1.176972e+00
  1.538964e-01   3.300488e+01   1.158651e+00
  1.585846e-01   3.326450e+01   1.144745e+00
  1.632729e-01   3.233976e+01   1.112328e+00
  1.679611e-01   3.137612e+01   1.080209e+00
  1.726493e-01   3.050989e+01   1.049410e+00
  1.773376e-01   2.986337e+01   1.022714e+00
  1.820258e-01   2.953747e+01   1.004057e+00
  1.867140e-01   2.996527e+01   9.985748e-01
  1.914022e-01   3.077628e+01   9.992211e-01
  1.960905e-01   3.010163e+01   9.744548e-01
  2.007787e-01   2.927139e+01   9.506729e-01
  2.054669e-01   2.902092e+01   9.357961e-01
  2.101552e-01   2.859416e+01   9.184844e-01
  2.148434e-01   2.859918e+01   9.068020e-01
  2.195316e-01   2.873581e+01   8.990391e-01
  2.242199e-01   2.785500e+01   8.759750e-01
  2.289081e-01   2.871203e+01   8.802302e-01
  2.335963e-01   2.794634e+01   8.586755e-01
  2.382845e-01   2.919210e+01   8.683658e-01
  2.429728e-01   2.941051e+01   8.632853e-01
  2.476610e-01   2.818896e+01   8.372046e-01
  2.523492e-01   2.717941e+01   8.139796e-01
  2.570375e-01   2.661584e+01   7.972393e-01
  2.617257e-01   2.762218e+01   8.050004e-01
  2.664139e-01   2.645555e+01   7.809484e-01
  2.711021e-01   2.745835e+01   7.887337e-01
  2.757904e-01   2.731474e+01   7.791212e-01
  2.804786e-01   2.713514e+01   7.704159e-01
  2.851668e-01   2.709464e+01   7.636008e-01
  2.898551e-01   2.728199e+01   7.596176e-01
  2.945433e-01   2.714085e+01   7.515461e-01
  2.992315e-01   2.668025e+01   7.558478e-01
  3.039197e-01   2.718235e+01   7.689540e-01
  3.086080e-01   2.694686e+01   7.678344e-01
  3.132962e-01   2.750726e+01   7.761819e-01
  3.179844e-01   2.751220e+01   7.760996e-01
  3.226727e-01   2.721598e+01   7.718885e-01
  3.273609e-01   2.558701e+01   7.475978e-01
  3.320491e-01   2.534324e+01   7.426914e-01
  3.367374e-01   2.676110e+01   7.611752e-01
  3.414256e-01   2.664502e+01   7.579791e-01
  3.461138e-01   2.624229e+01   7.506914e-01
  3.508020e-01   2.603063e+01   7.458603e-01
  3.554903e-01   2.668170e+01   7.523122e-01
  3.601785e-01   2.693532e+01   7.544363e-01
  3.648667e-01   2.707612e+01   7.618552e-01
  3.695550e-01   2.642390e+01   7.696696e-01
  3.742432e-01   2.697891e+01   7.865007e-01
  3.789314e-01   2.638864e+01   7.851949e-01
  3.836196e-01   2.577248e+01   7.809424e-01
  3.883079e-01   2.637074e+01   7.942457e-01
  3.929961e-01   2.712153e+01   8.128302e-01
  3.976843e-01   2.530822e+01   7.958578e-01
  4.023726e-01   2.575051e+01   8.107440e-01
  4.070608e-01   2.512648e+01   8.041237e-01
  4.117490e-01   2.735503e+01   8.406760e-01
  4.164372e-01   2.735649e+01   8.421103e-01
  4.211255e-01   2.664977e+01   8.328239e-01
  4.258137e-01   2.718867e+01   8.419123e-01
  4.305019e-01   2.635439e+01   8.281214e-01
  4.351902e-01   2.678514e+01   8.331403e-01
  4.398784e-01   2.648438e+01   8.274468e-01
  4.445666e-01   2.604635e+01   8.299762e-01
  4.492548e-01   2.660429e+01   8.674610e-01
  4.539431e-01   2.640473e+01   8.808342e-01
  4.586313e-01   2.567845e+01   8.817344e-01
  4.633195e-01   2.680703e+01   9.129512e-01
  4.680078e-01   2.741433e+01   9.341368e-01
  4.726960e-01   2.602564e+01   9.198990e-01
  4.773842e-01   2.543029e+01   9.183599e-01
  4.820725e-01   2.596986e+01   9.369697e-01
  4.867607e-01   2.611468e+01   9.485518e-01
  4.914489e-01   2.456910e+01   9.280860e-01
  4.961371e-01   2.669620e+01   9.753993e-01
  5.008254e-01   2.716407e+01   9.919959e-01
  5.055136e-01   2.653207e+01   9.886001e-01
  5.102018e-01   2.546127e+01   9.462354e-01
  5.148901e-01   2.619385e+01   9.262184e-01
  5.195783e-01   2.545028e+01   8.976328e-01
  5.242665e-01   2.750253e+01   9.221824e-01
  5.289547e-01   2.541054e+01   8.779896e-01
  5.336430e-01   2.586329e+01   8.780969e-01
  5.383312e-01   2.578720e+01   8.704278e-01
  5.430194e-01   2.675677e+01   8.813014e-01
  5.477077e-01   2.758247e+01   8.898290e-01
  5.523959e-01   2.651556e+01   8.675914e-01
  5.570841e-01   2.584053e+01   8.517991e-01
  5.617723e-01   2.614773e+01   8.532169e-01
  5.664606e-01   2.540012e+01   8.372396e-01
  5.711488e-01   2.582660e+01   8.409070e-01
  5.758370e-01   2.534108e+01   8.283159e-01
  5.805253e-01   2.581530e+01   8.308730e-01
  5.852135e-01   2.601726e+01   8.287750e-01
  5.899017e-01   2.560590e+01   8.165038e-01
  5.945900e-01   2.660040e+01   8.255301e-01
  5.992782e-01   2.621024e+01   8.141806e-01
  6.039664e-01   2.611102e+01   8.078657e-01
  6.086546e-01   2.581553e+01   7.984953e-01
  6.133429e-01   2.573351e+01   7.920806e-01
  6.180311e-01   2.529963e+01   7.807392e-01
  6.227193e-01   2.549328e+01   7.794051e-01
  6.274076e-01   2.608461e+01   7.851017e-01
  6.320958e-01   2.606115e+01   7.825632e-01
  6.367840e-01   2.580024e+01   7.763999e-01
  6.414722e-01   2.576124e+01   7.742529e-01
  6.461605e-01   2.598632e+01   7.758262e-01
  6.508487e-01   2.713563e+01   7.910995e-01
  6.555369e-01   2.684447e+01   7.844914e-01
  6.602252e-01   2.598566e+01   7.702059e-01
  6.649134e-01   2.626954e+01   7.727887e-01
  6.696016e-01   2.583692e+01   7.648078e-01
  6.742898e-01   2.591414e+01   7.638059e-01
  6.789781e-01   2.674049e+01   7.742016e-01
  6.836663e-01   2.696131e+01   7.757524e-01
  6.883545e-01   2.611807e+01   7.621086e-01
  6.930428e-01   2.511288e+01   7.452654e-01
  6.977310e-01   2.572582e+01   7.525925e-01
  7.024192e-01   2.568575e+01   7.504943e-01
  7.071074e-01   2.771755e+01   7.781202e-01
  7.117957e-01   2.657860e+01   7.602338e-01
  7.164839e-01   2.539145e+01   7.411371e-01
  7.211721e-01   2.651203e+01   7.558821e-01
  7.258604e-01   2.514178e+01   7.345878e-01
  7.305486e-01   2.613360e+01   7.476683e-01
  7.352368e-01   2.568769e+01   7.389789e-01
  7.399251e-01   2.521331e+01   7.309391e-01
  7.446133e-01   2.465546e+01   7.215143e-01
  7.493015e-01   2.596104e+01   7.395131e-01
  7.539897e-01   2.691733e+01   7.508261e-01
  7.586780e-01   2.697977e+01   7.497575e-01
  7.633662e-01   2.638446e+01   7.399821e-01
  7.680544e-01   2.657984e+01   7.414231e-01
  7.727427e-01   2.562555e+01   7.263400e-01
  7.774309e-01   2.527592e+01   7.196917e-01
  7.821191e-01   2.625726e+01   7.322503e-01
  7.868073e-01   2.475780e+01   7.097632e-01
  7.914956e-01   2.547309e+01   7.184025e-01
  7.961838e-01   2.699876e+01   7.379236e-01
  8.008720e-01   2.569720e+01   7.185957e-01
  8.055603e-01   2.508451e+01   7.086465e-01
  8.102485e-01   2.633201e+01   7.248414e-01
  8.149367e-01   2.623505e+01   7.216573e-01
  8.196249e-01   2.678541e+01   7.278026e-01
  8.243132e-01   2.683675e+01   7.273391e-01
  8.290014e-01   2.708314e+01   7.293152e-01
  8.336896e-01   2.700735e+01   7.266102e-01
  8.383779e-01   2.595473e+01   7.109514e-01
  8.430661e-01   2.614867e+01   7.123902e-01
  8.477543e-01   2.675154e+01   7.192358e-01
  8.524425e-01   2.607114e+01   7.086434e-01
  8.571308e-01   2.581946e+01   7.040772e-01
  8.618190e-01   2.521944e+01   6.944298e-01
  8.665072e-01   2.620660e+01   7.064926e-01
  8.711955e-01   2.676324e+01   7.126800e-01
  8.758837e-01   2.682034e+01   7.118223e-01
  8.805719e-01   2.581903e+01   6.971844e-01
  8.852602e-01   2.565569e+01   6.938643e-01
  8.899484e-01   2.608237e+01   6.984690e-01
  8.946366e-01   2.589283e+01   6.941561e-01
  8.993248e-01   2.649803e+01   7.012041e-01
  9.040131e-01   2.628784e+01   6.971415e-01
  9.087013e-01   2.575001e+01   6.888966e-01
  9.133895e-01   2.561753e+01   6.856014e-01
  9.180778e-01   2.676628e+01   6.996308e-01
  9.227660e-01   2.686628e+01   6.996252e-01
  9.274542e-01   2.606910e+01   6.881455e-01
  9.321424e-01   2.677313e+01   6.960630e-01
  9.368307e-01   2.563774e+01   6.796910e-01
  9.415189e-01   2.575706e+01   6.802158e-01
  9.462071e-01   2.515871e+01   6.712560e-01
  9.508954e-01   2.627307e+01   6.846764e-01
  9.555836e-01   2.669743e+01   6.887640e-01
  9.602718e-01   2.631555e+01   6.827253e-01
  9.649600e-01   2.598667e+01   6.773577e-01
  9.696483e-01   2.541991e+01   6.689240e-01
  9.743365e-01   2.511716e+01   6.633810e-01
  9.790247e-01   2.587056e+01   6.722881e-01
  9.837130e-01   2.630725e+01   6.767947e-01
  9.884012e-01   2.675323e+01   6.814675e-01
  9.930894e-01   2.554427e+01   6.645784e-01
  9.977777e-01   2.588179e+01   6.677698e-01
  1.002466e+00   2.593331e+01   6.674294e-01
  1.007154e+00   2.604350e+01   6.677560e-01
  1.011842e+00   2.653269e+01   6.728894e-01
  1.016531e+00   2.588483e+01   6.632917e-01
  1.021219e+00   2.603793e+01   6.641995e-01
  1.025907e+00   2.637272e+01   6.675280e-01
  1.030595e+00   2.664246e+01   6.698700e-01
  1.035283e+00   2.550134e+01   6.539067e-01
  1.039972e+00   2.510321e+01   6.479027e-01
  1.044660e+00   2.728278e+01   6.744901e-01
  1.049348e+00   2.594809e+01   6.566474e-01
  1.054036e+00   2.590631e+01   6.548707e-01
  1.058725e+00   2.534495e+01   6.467692e-01
  1.063413e+00   2.603748e+01   6.545087e-01
  1.068101e+00   2.485258e+01   6.385343e-01
  1.072789e+00   2.497559e+01   6.389115e-01
  1.077478e+00   2.603632e+01   6.512728e-01
  1.082166e+00   2.624527e+01   6.528640e-01
  1.086854e+00   2.569869e+01   6.451044e-01
  1.091542e+00   2.534882e+01   6.397312e-01
  1.096230e+00   2.573899e+01   6.433222e-01
  1.100919e+00   2.585777e+01   6.439067e-01
  1.105607e+00   2.537640e+01   6.370339e-01
  1.110295e+00   2.605490e+01   6.444832e-01
  1.114983e+00   2.632259e+01   6.467151e-01
  1.119672e+00   2.578183e+01   6.391286e-01
  1.124360e+00   2.590797e+01   6.396171e-01
  1.129048e+00   2.599102e+01   6.396790e-01
  1.133736e+00   2.534492e+01   6.305134e-01
  1.138425e+00   2.582407e+01   6.354901e-01
  1.143113e+00   2.642867e+01   6.419341e-01
  1.147801e+00   2.581837e+01   6.336829e-01
  1.152489e+00   2.615054e+01   6.365878e-01
  1.157177e+00   2.749010e+01   6.515777e-01
  1.161866e+00   2.727190e+01   6.481960e-01
  1.166554e+00   2.595445e+01   6.314245e-01
  1.171242e+00   2.598878e+01   6.307847e-01
  1.175930e+00   2.628712e+01   6.333938e-01
  1.180619e+00   2.530963e+01   6.206148e-01
  1.185307e+00   2.586366e+01   6.264614e-01
  1.189995e+00   2.575928e+01   6.244041e-01
  1.194683e+00   2.596951e+01   6.257275e-01
  1.199372e+00   2.582473e+01   6.231244e-01
  1.204060e+00   2.511391e+01   6.138197e-01
  1.208748e+00   2.588346e+01   6.226433e-01
  1.213436e+00   2.546196e+01   6.161302e-01
  1.218124e+00   2.617419e+01   6.236350e-01
  1.222813e+00   2.658031e+01   6.275664e-01
  1.227501e+00   2.637893e+01   6.244447e-01
  1.232189e+00   2.673447e+01   6.275839e-01
  1.236877e+00   2.626427e+01   6.209951e-01
  1.241566e+00   2.635241e+01   6.212941e-01
  1.246254e+00   2.631339e+01   6.200362e-01
  1.250942e+00   2.532624e+01   6.216289e-01
  1.255630e+00   2.604661e+01   6.474698e-01
  1.260318e+00   2.613884e+01   6.594478e-01
  1.265007e+00   2.596410e+01   6.659425e-01
  1.269695e+00   2.593137e+01   6.731303e-01
  1.274383e+00   2.588632e+01   6.793671e-01
  1.279071e+00   2.520626e+01   6.768498e-01
  1.283760e+00   2.526593e+01   6.836265e-01
  1.288448e+00   2.610596e+01   7.006977e-01
  1.293136e+00   2.614212e+01   7.067252e-01
  1.297824e+00   2.565605e+01   7.053776e-01
  1.302513e+00   2.593201e+01   7.133824e-01
  1.307201e+00   2.580933e+01   7.137418e-01
  1.311889e+00   2.489923e+01   7.016845e-01
  1.316577e+00   2.608215e+01   6.905585e-01
  1.321265e+00   2.579242e+01   6.696805e-01
  1.325954e+00   2.631602e+01   6.655458e-01
  1.330642e+00   2.475913e+01   6.373455e-01
  1.335330e+00   2.495401e+01   6.328610e-01
  1.340018e+00   2.572661e+01   6.366124e-01
  1.344707e+00   2.583722e+01   6.326358e-01
  1.349395e+00   2.470901e+01   6.140806e-01
  1.354083e+00   2.573480e+01   6.219460e-01
  1.358771e+00   2.549261e+01   6.149043e-01
  1.363460e+00   2.489805e+01   6.043704e-01
  1.368148e+00   2.572393e+01   6.125800e-01
  1.372836e+00   2.542661e+01   6.073785e-01
  1.377524e+00   2.581530e+01   6.106071e-01
  1.382212e+00   2.602652e+01   6.118898e-01
  1.386901e+00   2.637471e+01   6.146822e-01
  1.391589e+00   2.596924e+01   6.085874e-01
  1.396277e+00   2.605336e+01   6.082886e-01
  1.400965e+00   2.559165e+01   6.017642e-01
  1.405654e+00   2.580611e+01   6.031804e-01
  1.410342e+00   2.595567e+01   6.038055e-01
  1.415030e+00   2.507811e+01   5.922073e-01
  1.419718e+00   2.698998e+01   6.133352e-01
  1.424406e+00   2.626912e+01   6.041554e-01
  1.429095e+00   2.619769e+01   6.022732e-01
  1.433783e+00   2.609607e+01   5.998316e-01
  1.438471e+00   2.564303e+01   5.936828e-01
  1.443159e+00   2.556455e+01   5.918668e-01
  1.447848e+00   2.564524e+01   5.918295e-01
  1.452536e+00   2.552894e+01   5.893751e-01
  1.457224e+00   2.564639e+01   5.897830e-01
  1.461912e+00   2.620010e+01   5.952428e-01
  1.466601e+00   2.600480e+01   5.921184e-01
  1.471289e+00   2.588085e+01   5.897012e-01
  1.475977e+00   2.550274e+01   5.846990e-01
  1.480665e+00   2.569245e+01   5.857375e-01
  1.485353e+00   2.582355e+01   5.955935e-01
  1.490042e+00   2.547811e+01   6.097521e-01
  1.494730e+00   2.551924e+01   6.210138e-01
  1.499418e+00   2.577785e+01   6.321803e-01
  1.504106e+00   2.583811e+01   6.402372e-01
  1.508795e+00   2.576930e+01   6.461705e-01
  1.513483e+00   2.561131e+01   6.278625e-01
  1.518171e+00   2.656408e+01   6.251484e-01
  1.522859e+00   2.587582e+01   6.085237e-01
  1.527548e+00   2.635707e+01   6.075913e-01
  1.532236e+00   2.713970e+01   6.106405e-01
  1.536924e+00   2.655525e+01   5.992270e-01
  1.541612e+00   2.592702e+01   5.889708e-01
  1.546300e+00   2.456660e+01   5.719262e-01
  1.550989e+00   2.531389e+01   5.784916e-01
  1.555677e+00   2.539421e+01   5.764524e-01
  1.560365e+00   2.578854e+01   5.781959e-01
  1.565053e+00   2.592281e+01   5.770292e-01
  1.569742e+00   2.611228e+01   5.767900e-01
  1.574430e+00   2.599648e+01   5.742993e-01
  1.579118e+00   2.630350e+01   5.781122e-01
  1.583806e+00   2.599239e+01   5.753399e-01
  1.588495e+00   2.556673e+01   5.712791e-01
  1.593183e+00   2.638342e+01   5.806059e-01
  1.597871e+00   2.604924e+01   5.765612e-01
  1.602559e+00   2.615617e+01   5.768971e-01
  1.607247e+00   2.590434e+01   5.732044e-01
  1.611936e+00   2.492671e+01   5.612086e-01
  1.616624e+00   2.529661e+01   5.645622e-01
  1.621312e+00   2.568296e+01   5.680356e-01
  1.626000e+00   2.478529e+01   5.571756e-01
  1.630689e+00   2.589646e+01   5.686140e-01
  1.635377e+00   2.536261e+01   5.618895e-01
  1.640065e+00   2.539826e+01   5.614644e-01
  1.644753e+00   2.569005e+01   5.639104e-01
  1.649441e+00   2.600006e+01   5.664980e-01
  1.654130e+00   2.685483e+01   5.748147e-01
  1.658818e+00   2.536229e+01   5.578278e-01
  1.663506e+00   2.543684e+01   5.579160e-01
  1.668194e+00   2.643546e+01   5.680484e-01
  1.672883e+00   2.493571e+01   5.507455e-01
  1.677571e+00   2.610280e+01   5.627513e-01
  1.682259e+00   2.634599e+01   5.646891e-01
  1.686947e+00   2.533451e+01   5.530410e-01
  1.691636e+00   2.534328e+01   5.522332e-01
  1.696324e+00   2.582264e+01   5.566851e-01
  1.701012e+00   2.561070e+01   5.537224e-01
  1.705700e+00   2.537025e+01   5.504663e-01
  1.710388e+00   2.485465e+01   5.440363e-01
  1.715077e+00   2.546543e+01   5.499092e-01
  1.719765e+00   2.526670e+01   5.470812e-01
  1.724453e+00   2.622385e+01   5.567134e-01
  1.729141e+00   2.582541e+01   5.517371e-01
  1.733830e+00   2.532094e+01   5.454825e-01
  1.738518e+00   2.566864e+01   5.485937e-01
  1.743206e+00   2.546047e+01   5.457087e-01
  1.747894e+00   2.533649e+01   5.438026e-01
  1.752583e+00   2.528646e+01   5.426793e-01
  1.757271e+00   2.564451e+01   5.456675e-01
  1.761959e+00   2.600895e+01   5.487983e-01
  1.766647e+00   2.528512e+01   5.404330e-01
  1.771335e+00   2.524597e+01   5.392796e-01
  1.776024e+00   2.656070e+01   5.524461e-01
  1.780712e+00   2.539154e+01   5.395079e-01
  1.785400e+00   2.563195e+01   5.414600e-01
  1.790088e+00   2.557917e+01   5.402378e-01
  1.794777e+00   2.550628e+01   5.387123e-01
  1.799465e+00   2.580986e+01   5.412426e-01
  1.804153e+00   2.499605e+01   5.321412e-01
  1.808841e+00   2.440700e+01   5.252032e-01
  1.813530e+00   2.496104e+01   5.303174e-01
  1.818218e+00   2.507068e+01   5.309095e-01
  1.822906e+00   2.560480e+01   5.360083e-01
  1.827594e+00   2.552075e+01   5.345251e-01
  1.832282e+00   2.569619e+01   5.354781e-01
  1.836971e+00   2.483669e+01   5.259556e-01
  1.841659e+00   2.514097e+01   5.286311e-01
  1.846347e+00   2.560214e+01   5.328333e-01
  1.851035e+00   2.508221e+01   5.266261e-01
  1.855724e+00   2.572949e+01   5.328354e-01
  1.860412e+00   2.542293e+01   5.291060e-01
  1.865100e+00   2.584260e+01   5.328392e-01
  1.869788e+00   2.571534e+01   5.308102e-01
  1.874476e+00   2.571087e+01   5.301698e-01
  1.879165e+00   2.496263e+01   5.218786e-01
  1.883853e+00   2.636478e+01   5.357155e-01
  1.888541e+00   2.532653e+01   5.244371e-01
  1.893229e+00   2.545745e+01   5.254236e-01
  1.897918e+00   2.512925e+01   5.214155e-01
  1.902606e+00   2.502066e+01   5.195162e-01
  1.907294e+00   2.563473e+01   5.253312e-01
  1.911982e+00   2.533542e+01   5.215067e-01
  1.916671e+00   2.587850e+01   5.265417e-01
  1.921359e+00   2.619239e+01   5.291830e-01
  1.926047e+00   2.483052e+01   5.147218e-01
  1.930735e+00   2.535337e+01   5.193892e-01
  1.935423e+00   2.542098e+01   5.195502e-01
  1.940112e+00   2.486523e+01   5.132130e-01
  1.944800e+00   2.604794e+01   5.241014e-01
  1.949488e+00   2.583160e+01   5.205815e-01
  1.954176e+00   2.593627e+01   5.204823e-01
  1.958865e+00   2.516145e+01   5.115157e-01
  1.963553e+00   2.591110e+01   5.181685e-01
  1.968241e+00   2.588522e+01   5.173869e-01
  1.972929e+00   2.534539e+01   5.113216e-01
  1.977618e+00   2.594898e+01   5.169587e-01
  1.982306e+00   2.574719e+01   5.146590e-01
  1.986994e+00   2.561555e+01   5.132654e-01
  1.991682e+00   2.591555e+01   5.163026e-01
  1.996370e+00   2.510195e+01   5.082714e-01
  2.001059e+00   2.566895e+01   5.141371e-01
  2.005747e+00   2.566541e+01   5.139380e-01
  2.010435e+00   2.565617e+01   5.130149e-01
  2.015123e+00   2.571477e+01   5.130550e-01
  2.019812e+00   2.552752e+01   5.106826e-01
  2.024500e+00   2.537552e+01   5.087132e-01
  2.029188e+00   2.550044e+01   5.093374e-01
  2.033876e+00   2.558920e+01   5.096558e-01
  2.038565e+00   2.538487e+01   5.070835e-01
  2.043253e+00   2.526693e+01   5.055255e-01
  2.047941e+00   2.573145e+01   5.095640e-01
  2.052629e+00   2.558179e+01   5.093109e-01
  2.057317e+00   2.562821e+01   5.246696e-01
  2.062006e+00   2.485843e+01   5.261129e-01
  2.066694e+00   2.476141e+01   5.320661e-01
  2.071382e+00   2.519634e+01   5.424809e-01
  2.076070e+00   2.473476e+01   5.427310e-01
  2.080759e+00   2.538425e+01   5.547016e-01
  2.085447e+00   2.547555e+01   5.599706e-01
  2.090135e+00   2.526460e+01   5.597489e-01
  2.094823e+00   2.553399e+01   5.643345e-01
  2.099511e+00   2.634250e+01   5.748150e-01
  2.104200e+00   2.562701e+01   5.684258e-01
  2.108888e+00   2.556448e+01   5.689954e-01
  2.113576e+00   2.530079e+01   5.673021e-01
  2.118264e+00   2.528184e+01   5.615615e-01
  2.122953e+00   2.496699e+01   5.403833e-01
  2.127641e+00   2.554065e+01   5.375091e-01
  2.132329e+00   2.509120e+01   5.262876e-01
  2.137017e+00   2.547443e+01   5.252873e-01
  2.141706e+00   2.522012e+01   5.183311e-01
  2.146394e+00   2.591253e+01   5.215549e-01
  2.151082e+00   2.535115e+01   5.130346e-01
  2.155770e+00   2.510011e+01   5.093757e-01
  2.160458e+00   2.439295e+01   5.009852e-01
  2.165147e+00   2.526617e+01   5.088089e-01
  2.169835e+00   2.454569e+01   5.003313e-01
  2.174523e+00   2.521791e+01   5.062518e-01
  2.179211e+00   2.576100e+01   5.107644e-01
  2.183900e+00   2.527777e+01   5.050600e-01
  2.188588e+00   2.477865e+01   4.991336e-01
  2.193276e+00   2.492097e+01   4.997292e-01
  2.197964e+00   2.578074e+01   5.075337e-01
  2.202653e+00   2.521909e+01   5.011805e-01
  2.207341e+00   2.470397e+01   4.952559e-01
  2.212029e+00   2.516752e+01   4.991076e-01
  2.216717e+00   2.520236e+01   4.987986e-01
  2.221405e+00   2.560839e+01   5.020592e-01
  2.226094e+00   2.532930e+01   4.986307e-01
  2.230782e+00   2.562412e+01   5.008071e-01
  2.235470e+00   2.571421e+01   5.010213e-01
  2.240158e+00   2.462809e+01   4.896893e-01
  2.244847e+00   2.503716e+01   4.931582e-01
  2.249535e+00   2.524141e+01   4.944243e-01
  2.254223e+00   2.540147e+01   4.953476e-01
  2.258911e+00   2.494649e+01   4.903458e-01
  2.263600e+00   2.586105e+01   4.986733e-01
  2.268288e+00   2.488876e+01   4.885320e-01
  2.272976e+00   2.509445e+01   4.899064e-01
  2.277664e+00   2.586750e+01   4.968701e-01
  2.282352e+00   2.496808e+01   4.876212e-01
  2.287041e+00   2.504432e+01   4.877612e-01
  2.291729e+00   2.477690e+01   4.844731e-01
  2.296417e+00   2.519608e+01   4.880977e-01
  2.301105e+00   2.493417e+01   4.850149e-01
  2.305794e+00   2.550648e+01   4.899922e-01
  2.310482e+00   2.557952e+01   4.900164e-01
  2.315170e+00   2.536083e+01   4.874669e-01
  2.319858e+00   2.423455e+01   4.760242e-01
  2.324546e+00   2.457155e+01   4.787850e-01
  2.329235e+00   2.572180e+01   4.892083e-01
  2.333923e+00   2.583174e+01   4.897960e-01
  2.338611e+00   2.497331e+01   4.810983e-01
  2.343299e+00   2.500043e+01   4.808649e-01
  2.347988e+00   2.594953e+01   4.892544e-01
  2.352676e+00   2.569457e+01   4.863980e-01
  2.357364e+00   2.528178e+01   4.819920e-01
  2.362052e+00   2.551075e+01   4.836603e-01
  2.366741e+00   2.543244e+01   4.823696e-01
  2.371429e+00   2.575548e+01   4.849007e-01
  2.376117e+00   2.540806e+01   4.811816e-01
  2.380805e+00   2.565362e+01   4.829907e-01
  2.385493e+00   2.535514e+01   4.796613e-01
  2.390182e+00   2.497619e+01   4.755718e-01
  2.394870e+00   2.479897e+01   4.733699e-01
  2.399558e+00   2.507365e+01   4.755874e-01
  2.404246e+00   2.497812e+01   4.741752e-01
  2.408935e+00   2.515073e+01   4.752882e-01
  2.413623e+00   2.554301e+01   4.785017e-01
  2.418311e+00   2.513390e+01   4.742123e-01
  2.422999e+00   2.549790e+01   4.772415e-01
  2.427688e+00   2.503858e+01   4.723037e-01
  2.432376e+00   2.467118e+01   4.684252e-01
  2.437064e+00   2.555289e+01   4.762275e-01
  2.441752e+00   2.523769e+01   4.729573e-01
  2.446440e+00   2.493780e+01   4.695231e-01
  2.451129e+00   2.444897e+01   4.644849e-01
  2.455817e+00   2.474647e+01   4.669513e-01
  2.460505e+00   2.500143e+01   4.689606e-01
  2.465193e+00   2.430668e+01   4.618001e-01
  2.469882e+00   2.472726e+01   4.652974e-01
  2.474570e+00   2.433144e+01   4.611519e-01
  2.479258e+00   2.500339e+01   4.670976e-01
  2.483946e+00   2.490748e+01   4.657397e-01
  2.488634e+00   2.473857e+01   4.636287e-01
  2.493323e+00   2.507353e+01   4.663743e-01
  2.498011e+00   2.546347e+01   4.695975e-01
  2.502699e+00   2.509428e+01   4.657263e-01
  2.507387e+00   2.533215e+01   4.674229e-01
  2.512076e+00   2.506617e+01   4.645473e-01
  2.516764e+00   2.541542e+01   4.674015e-01
  2.521452e+00   2.591181e+01   4.715052e-01
  2.526140e+00   2.515452e+01   4.640715e-01
  2.530829e+00   2.440929e+01   4.567206e-01
  2.535517e+00   2.468891e+01   4.587123e-01
  2.540205e+00   2.549864e+01   4.652678e-01
  2.544893e+00   2.588883e+01   4.677964e-01
  2.549581e+00   2.479207e+01   4.569703e-01
  2.554270e+00   2.541568e+01   4.622427e-01
  2.558958e+00   2.504215e+01   4.584367e-01
  2.563646e+00   2.560022e+01   4.631092e-01
  2.568334e+00   2.564272e+01   4.630185e-01
  2.573023e+00   2.463552e+01   4.534628e-01
  2.577711e+00   2.473785e+01   4.540226e-01
  2.582399e+00   2.540147e+01   4.596935e-01
  2.587087e+00   2.560145e+01   4.611877e-01
  2.591776e+00   2.513367e+01   4.570189e-01
  2.596464e+00   2.493825e+01   4.554095e-01
  2.601152e+00   2.525992e+01   4.584001e-01
  2.605840e+00   2.508463e+01   4.563913e-01
  2.610528e+00   2.514659e+01   4.565509e-01
  2.615217e+00   2.535026e+01   4.580325e-01
  2.619905e+00   2.411438e+01   4.464166e-01
  2.624593e+00   2.457066e+01   4.501046e-01
  2.629281e+00   2.547129e+01   4.579073e-01
  2.633970e+00   2.508441e+01   4.540265e-01
  2.638658e+00   2.465089e+01   4.497758e-01
  2.643346e+00   2.498103e+01   4.523236e-01
  2.648034e+00   2.511738e+01   4.532075e-01
  2.652723e+00   2.483408e+01   4.502703e-01
  2.657411e+00   2.471317e+01   4.487708e-01
  2.662099e+00   2.489312e+01   4.500001e-01
  2.666787e+00   2.454896e+01   4.464173e-01
  2.671475e+00   2.491941e+01   4.494104e-01
  2.676164e+00   2.511215e+01   4.508621e-01
  2.680852e+00   2.549578e+01   4.539759e-01
  2.685540e+00   2.573025e+01   4.555317e-01
  2.690228e+00   2.518021e+01   4.502149e-01
  2.694917e+00   2.493204e+01   4.477756e-01
  2.699605e+00   2.524221e+01   4.501818e-01
  2.704293e+00   2.514474e+01   4.487631e-01
  2.708981e+00   2.524483e+01   4.492894e-01
  2.713669e+00   2.473205e+01   4.444031e-01
  2.718358e+00   2.460464e+01   4.428840e-01
  2.723046e+00   2.447945e+01   4.413325e-01
  2.727734e+00   2.501176e+01   4.457095e-01
  2.732422e+00   2.532640e+01   4.482028e-01
  2.737111e+00   2.568166e+01   4.509746e-01
  2.741799e+00   2.541859e+01   4.482477e-01
  2.746487e+00   2.520902e+01   4.459850e-01
  2.751175e+00   2.447427e+01   4.391308e-01
  2.755864e+00   2.499066e+01   4.434002e-01
  2.760552e+00   2.439483e+01   4.376993e-01
  2.765240e+00   2.455488e+01   4.387204e-01
  2.769928e+00   2.496818e+01   4.420624e-01
  2.774616e+00   2.532830e+01   4.449489e-01
  2.779305e+00   2.493310e+01   4.410665e-01
  2.783993e+00   2.473269e+01   4.388846e-01
  2.788681e+00   2.412442e+01   4.331437e-01
  2.793369e+00   2.491161e+01   4.399305e-01
  2.798058e+00   2.514683e+01   4.415398e-01
  2.802746e+00   2.534444e+01   4.430677e-01
  2.807434e+00   2.518494e+01   4.414218e-01
  2.812122e+00   2.538065e+01   4.425337e-01
  2.816811e+00   2.522743e+01   4.409004e-01
  2.821499e+00   2.435714e+01   4.328052e-01
  2.826187e+00   2.470220e+01   4.354676e-01
  2.830875e+00   2.459163e+01   4.341671e-01
  2.835563e+00   2.440425e+01   4.322135e-01
  2.840252e+00   2.490086e+01   4.361436e-01
  2.844940e+00   2.493680e+01   4.361503e-01
  2.849628e+00   2.497150e+01   4.361159e-01
  2.854316e+00   2.549278e+01   4.403275e-01
  2.859005e+00   2.540707e+01   4.469835e-01
  2.863693e+00   2.523866e+01   4.552709e-01
  2.868381e+00   2.498870e+01   4.589909e-01
  2.873069e+00   2.490997e+01   4.632358e-01
  2.877758e+00   2.424919e+01   4.610358e-01
  2.882446e+00   2.513460e+01   4.723037e-01
  2.887134e+00   2.575487e+01   4.796825e-01
  2.891822e+00   2.557088e+01   4.793611e-01
  2.896510e+00   2.523348e+01   4.775081e-01
  2.901199e+00   2.509787e+01   4.773385e-01
  2.905887e+00   2.483033e+01   4.759757e-01
  2.910575e+00   2.500249e+01   4.786763e-01
  2.915263e+00   2.564409e+01   4.857726e-01
  2.919952e+00   2.566652e+01   4.865328e-01
  2.924640e+00   2.485138e+01   4.658046e-01
  2.929328e+00   2.458304e+01   4.550942e-01
  2.934016e+00   2.411641e+01   4.455973e-01
  2.938704e+00   2.454755e+01   4.455034e-01
  2.943393e+00   2.502322e+01   4.465560e-01
  2.948081e+00   2.555803e+01   4.495445e-01
  2.952769e+00   2.481724e+01   4.418784e-01
  2.957457e+00   2.450548e+01   4.382071e-01
  2.962146e+00   2.439745e+01   4.363065e-01
  2.966834e+00   2.442400e+01   4.358678e-01
  2.971522e+00   2.425109e+01   4.334709e-01
  2.976210e+00   2.503540e+01   4.397394e-01
  2.980899e+00   2.505775e+01   4.392002e-01
  2.985587e+00   2.479825e+01   4.362580e-01
  2.990275e+00   2.483290e+01   4.359320e-01
  2.994963e+00   2.484783e+01   4.355372e-01
  2.999651e+00   2.500059e+01   4.362462e-01
  3.004340e+00   2.517697e+01   4.371924e-01
  3.009028e+00   2.430169e+01   4.289864e-01
  3.013716e+00   2.486563e+01   4.334581e-01
  3.018404e+00   2.520774e+01   4.359003e-01
  3.023093e+00   2.511420e+01   4.345395e-01
  3.027781e+00   2.529581e+01   4.355989e-01
  3.032469e+00   2.517784e+01   4.341428e-01
  3.037157e+00   2.489601e+01   4.312679e-01
  3.041846e+00   2.512702e+01   4.327156e-01
  3.046534e+00   2.504110e+01   4.315009e-01
  3.051222e+00   2.546759e+01   4.348425e-01
  3.055910e+00   2.508001e+01   4.311132e-01
  3.060598e+00   2.510618e+01   4.307084e-01
  3.065287e+00   2.511318e+01   4.303706e-01
  3.069975e+00   2.475900e+01   4.269197e-01
  3.074663e+00   2.451442e+01   4.244529e-01
  3.079351e+00   2.495930e+01   4.278023e-01
  3.084040e+00   2.507021e+01   4.282926e-01
  3.088728e+00   2.527704e+01   4.296958e-01
  3.093416e+00   2.533570e+01   4.299642e-01
  3.098104e+00   2.468751e+01   4.239675e-01
  3.102793e+00   2.489729e+01   4.253177e-01
  3.107481e+00   2.491702e+01   4.251196e-01
  3.112169e+00   2.443038e+01   4.205382e-01
  3.116857e+00   2.469701e+01   4.224027e-01
  3.121545e+00   2.511484e+01   4.255281e-01
  3.126234e+00   2.509432e+01   4.250017e-01
  3.130922e+00   2.491649e+01   4.231908e-01
  3.135610e+00   2.449180e+01   4.191855e-01
  3.140298e+00   2.482601e+01   4.218358e-01
  3.144987e+00   2.497076e+01   4.227178e-01
  3.149675e+00   2.476227e+01   4.203789e-01
  3.154363e+00   2.508863e+01   4.228162e-01
  3.159051e+00   2.507587e+01   4.222510e-01
  3.163739e+00   2.535395e+01   4.242270e-01
  3.168428e+00   2.478498e+01   4.191679e-01
  3.173116e+00   2.474498e+01   4.185493e-01
  3.177804e+00   2.474883e+01   4.181243e-01
  3.182492e+00   2.476184e+01   4.178751e-01
  3.187181e+00   2.493427e+01   4.190108e-01
  3.191869e+00   2.550681e+01   4.234578e-01
  3.196557e+00   2.533106e+01   4.216029e-01
  3.201245e+00   2.514010e+01   4.196606e-01
  3.205934e+00   2.502509e+01   4.183803e-01
  3.210622e+00   2.483133e+01   4.164894e-01
  3.215310e+00   2.499782e+01   4.174686e-01
  3.219998e+00   2.509445e+01   4.177868e-01
  3.224686e+00   2.509169e+01   4.170850e-01
  3.229375e+00   2.482385e+01   4.140766e-01
  3.234063e+00   2.480217e+01   4.133840e-01
  3.238751e+00   2.526300e+01   4.168481e-01
  3.243439e+00   2.537455e+01   4.174378e-01
  3.248128e+00   2.546178e+01   4.178772e-01
  3.252816e+00   2.452310e+01   4.097884e-01
  3.257504e+00   2.467610e+01   4.106756e-01
  3.262192e+00   2.503590e+01   4.133825e-01
  3.266881e+00   2.501069e+01   4.128672e-01
  3.271569e+00   2.497352e+01   4.122649e-01
  3.276257e+00   2.460654e+01   4.089254e-01
  3.280945e+00   2.426284e+01   4.061244e-01
  3.285633e+00   2.472672e+01   4.101306e-01
  3.290322e+00   2.482141e+01   4.108752e-01
  3.295010e+00   2.487785e+01   4.109977e-01
  3.299698e+00   2.494968e+01   4.112807e-01
  3.304386e+00   2.466465e+01   4.086061e-01
  3.309075e+00   2.454458e+01   4.073611e-01
  3.313763e+00   2.470341e+01   4.083395e-01
  3.318451e+00   2.516426e+01   4.117872e-01
  3.323139e+00   2.540331e+01   4.134732e-01
  3.327828e+00   2.558058e+01   4.145858e-01
  3.332516e+00   2.523652e+01   4.115348e-01
  3.337204e+00   2.505180e+01   4.096410e-01
  3.341892e+00   2.492933e+01   4.084392e-01
  3.346580e+00   2.501278e+01   4.088210e-01
  3.351269e+00   2.519343e+01   4.099525e-01
  3.355957e+00   2.490815e+01   4.081018e-01
  3.360645e+00   2.426197e+01   4.126327e-01
  3.365333e+00   2.442127e+01   4.205379e-01
  3.370022e+00   2.490822e+01   4.293670e-01
  3.374710e+00   2.512344e+01   4.333433e-01
  3.379398e+00   2.480319e+01   4.321795e-01
  3.384086e+00   2.461226e+01   4.319078e-01
  3.388774e+00   2.406278e+01   4.275403e-01
  3.393463e+00   2.459857e+01   4.319109e-01
  3.398151e+00   2.423104e+01   4.290895e-01
  3.402839e+00   2.497041e+01   4.365517e-01
  3.407527e+00   2.468578e+01   4.350197e-01
  3.412216e+00   2.493006e+01   4.379981e-01
  3.416904e+00   2.466610e+01   4.364879e-01
  3.421592e+00   2.483279e+01   4.388010e-01
  3.426280e+00   2.456620e+01   4.371594e-01
  3.430969e+00   2.462292e+01   4.384379e-01
  3.435657e+00   2.417845e+01   4.351902e-01
  3.440345e+00   2.448589e+01   4.385094e-01
  3.445033e+00   2.471570e+01   4.412385e-01
  3.449721e+00   2.492656e+01   4.438435e-01
  3.454410e+00   2.481420e+01   4.433427e-01
  3.459098e+00   2.444302e+01   4.405861e-01
  3.463786e+00   2.462718e+01   4.428053e-01
  3.468474e+00   2.511205e+01   4.477220e-01
  3.473163e+00   2.475489e+01   4.450028e-01
  3.477851e+00   2.520487e+01   4.495921e-01
  3.482539e+00   2.470559e+01   4.458117e-01
  3.487227e+00   2.434178e+01   4.427938e-01
  3.491916e+00   2.496347e+01   4.489448e-01
  3.496604e+00   2.447861e+01   4.450147e-01
  3.501292e+00   2.493582e+01   4.496084e-01
  3.505980e+00   2.501402e+01   4.507897e-01
  3.510668e+00   2.476947e+01   4.490260e-01
  3.515357e+00   2.453200e+01   4.472476e-01
  3.520045e+00   2.430559e+01   4.456735e-01
  3.524733e+00   2.436200e+01   4.465664e-01
  3.529421e+00   2.463778e+01   4.494636e-01
  3.534110e+00   2.440039e+01   4.477431e-01
  3.538798e+00   2.425476e+01   4.467516e-01
  3.543486e+00   2.510867e+01   4.549476e-01
  3.548174e+00   2.485963e+01   4.530861e-01
  3.552863e+00   2.550411e+01   4.592758e-01
  3.557551e+00   2.545543e+01   4.591841e-01
  3.562239e+00   2.501328e+01   4.555880e-01
  3.566927e+00   2.469595e+01   4.530361e-01
  3.571615e+00   2.473737e+01   4.537353e-01
  3.576304e+00   2.533112e+01   4.594758e-01
  3.580992e+00   2.506531e+01   4.573467e-01
  3.585680e+00   2.432420e+01   4.502723e-01
  3.590368e+00   2.462908e+01   4.526592e-01
  3.595057e+00   2.520938e+01   4.575530e-01
  3.599745e+00   2.440671e+01   4.498185e-01
  3.604433e+00   2.424609e+01   4.480660e-01
  3.609121e+00   2.467877e+01   4.525166e-01
  3.613809e+00   2.499289e+01   4.554513e-01
  3.618498e+00   2.464254e+01   4.524850e-01
  3.623186e+00   2.366473e+01   4.437324e-01
  3.627874e+00   2.520108e+01   4.581893e-01
  3.632562e+00   2.515669e+01   4.580265e-01
  3.637251e+00   2.450758e+01   4.523862e-01
  3.641939e+00   2.438334e+01   4.514951e-01
  3.646627e+00   2.508203e+01   4.582298e-01
  3.651315e+00   2.466271e+01   4.546049e-01
  3.656004e+00   2.478141e+01   4.561580e-01
  3.660692e+00   2.554528e+01   4.702882e-01
  3.665380e+00   2.436674e+01   4.757427e-01
  3.670068e+00   2.472208e+01   4.874804e-01
  3.674756e+00   2.527231e+01   5.006340e-01
  3.679445e+00   2.423392e+01   4.961046e-01
  3.684133e+00   2.456530e+01   5.028970e-01
  3.688821e+00   2.546330e+01   5.151680e-01
  3.693509e+00   2.517271e+01   5.152521e-01
  3.698198e+00   2.429482e+01   5.089557e-01
  3.702886e+00   2.524161e+01   5.216118e-01
  3.707574e+00   2.495232e+01   5.212102e-01
  3.712262e+00   2.416343e+01   5.155054e-01
  3.716951e+00   2.444883e+01   5.210045e-01
  3.721639e+00   2.392823e+01   5.178829e-01
  3.726327e+00   2.441920e+01   5.255244e-01
  3.731015e+00   2.444208e+01   5.281862e-01
  3.735703e+00   2.512873e+01   5.378790e-01
  3.740392e+00   2.443768e+01   5.327796e-01
  3.745080e+00   2.405946e+01   5.308387e-01
  3.749768e+00   2.319291e+01   5.234103e-01
  3.754456e+00   2.382647e+01   5.326869e-01
  3.759145e+00   2.489084e+01   5.467085e-01
  3.763833e+00   2.435733e+01   5.429755e-01
  3.768521e+00   2.467093e+01   5.486652e-01
  3.773209e+00   2.416472e+01   5.451249e-01
  3.777897e+00   2.473500e+01   5.537037e-01
  3.782586e+00   2.475719e+01   5.560809e-01
  3.787274e+00   2.580992e+01   5.699797e-01
  3.791962e+00   2.467604e+01   5.594525e-01
  3.796650e+00   2.421123e+01   5.562567e-01
  3.801339e+00   2.519630e+01   5.695931e-01
  3.806027e+00   2.452757e+01   5.640849e-01
  3.810715e+00   2.407185e+01   5.609021e-01
  3.815403e+00   2.500368e+01   5.737615e-01
  3.820092e+00   2.458196e+01   5.710004e-01
  3.824780e+00   2.474750e+01   5.750215e-01
  3.829468e+00   2.504382e+01   5.805905e-01
  3.834156e+00   2.405441e+01   5.710332e-01
  3.838844e+00   2.469915e+01   5.807530e-01
  3.843533e+00   2.465665e+01   5.823216e-01
  3.848221e+00   2.396681e+01   5.761610e-01
  3.852909e+00   2.437431e+01   5.831380e-01
  3.857597e+00   2.431178e+01   5.844724e-01
  3.862286e+00   2.398240e+01   5.825676e-01
  3.866974e+00   2.482074e+01   5.947514e-01
  3.871662e+00   2.462902e+01   5.946760e-01
  3.876350e+00   2.458201e+01   5.963001e-01
  3.881039e+00   2.483215e+01   6.012477e-01
  3.885727e+00   2.507810e+01   6.063434e-01
  3.890415e+00   2.472855e+01   6.041634e-01
  3.895103e+00   2.460116e+01   6.047873e-01
  3.899791e+00   2.523080e+01   6.145617e-01
  3.904480e+00   2.516132e+01   6.159052e-01
  3.909168e+00   2.371363e+01   5.999816e-01
  3.913856e+00   2.492061e+01   6.172986e-01
  3.918544e+00   2.513622e+01   6.220263e-01
  3.923233e+00   2.565204e+01   6.306419e-01
  3.927921e+00   2.490956e+01   6.235431e-01
  3.932609e+00   2.354085e+01   6.082222e-01
  3.937297e+00   2.342264e+01   6.077838e-01
  3.941986e+00   2.508033e+01   6.297143e-01
  3.946674e+00   2.475305e+01   6.262301e-01
  3.951362e+00   2.458626e+01   6.237562e-01
  3.956050e+00   2.414405e+01   6.170796e-01
  3.960738e+00   2.380013e+01   6.125088e-01
  3.965427e+00   2.451958e+01   6.224405e-01
  3.970115e+00   2.388619e+01   6.162480e-01
  3.974803e+00   2.444647e+01   6.254306e-01
  3.979491e+00   2.410315e+01   6.227621e-01
  3.984180e+00   2.463669e+01   6.317378e-01
  3.988868e+00   2.433132e+01   6.299006e-01
  3.993556e+00   2.422281e+01   6.305987e-01
  3.998244e+00   2.517284e+01   6.450408e-01
  4.002932e+00   2.377905e+01   6.290689e-01
  4.007621e+00   2.475253e+01   6.439387e-01
  4.012309e+00   2.484929e+01   6.473748e-01
  4.016997e+00   2.429317e+01   6.422640e-01
  4.021685e+00   2.423777e+01   6.437401e-01
  4.026374e+00   2.428663e+01   6.465697e-01
  4.031062e+00   2.497091e+01   6.578305e-01
  4.035750e+00   2.449151e+01   6.536922e-01
  4.040438e+00   2.477295e+01   6.597105e-01
  4.045127e+00   2.453083e+01   6.587279e-01
  4.049815e+00   2.472660e+01   6.636109e-01
  4.054503e+00   2.524554e+01   6.728244e-01
  4.059191e+00   2.395444e+01   6.576836e-01
  4.063879e+00   2.476971e+01   6.711012e-01
  4.068568e+00   2.471208e+01   6.726245e-01
  4.073256e+00   2.366484e+01   6.604813e-01
  4.077944e+00   2.513153e+01   6.830358e-01
  4.082632e+00   2.507555e+01   6.846462e-01
  4.087321e+00   2.433437e+01   6.768221e-01
  4.092009e+00   2.457914e+01   6.825960e-01
  4.096697e+00   2.500665e+01   6.909288e-01
  4.101385e+00   2.598979e+01   7.068285e-01
  4.106074e+00   2.608658e+01   7.106903e-01
  4.110762e+00   2.498358e+01   6.979939e-01
  4.115450e+00   2.461634e+01   6.952978e-01
  4.120138e+00   2.509081e+01   7.044224e-01
  4.124826e+00   2.432067e+01   6.960288e-01
  4.129515e+00   2.495995e+01   7.076946e-01
  4.134203e+00   2.471115e+01   7.066564e-01
  4.138891e+00   2.395405e+01   6.982785e-01
  4.143579e+00   2.420031e+01   7.044033e-01
  4.148268e+00   2.469515e+01   7.142051e-01
  4.152956e+00   2.601246e+01   7.356689e-01
  4.157644e+00   2.575129e+01   7.345671e-01
  4.162332e+00   2.482842e+01   7.240443e-01
  4.167021e+00   2.523518e+01   7.326453e-01
  4.171709e+00   2.425378e+01   7.208490e-01
  4.176397e+00   2.417491e+01   7.224050e-01
  4.181085e+00   2.489708e+01   7.358521e-01
  4.185773e+00   2.509236e+01   7.415732e-01
  4.190462e+00   2.443729e+01   7.346534e-01
  4.195150e+00   2.510101e+01   7.482700e-01
  4.199838e+00   2.490273e+01   7.474177e-01
  4.204526e+00   2.393416e+01   7.352734e-01
  4.209215e+00   2.358227e+01   7.326675e-01
  4.213903e+00   2.388620e+01   7.402123e-01
  4.218591e+00   2.435427e+01   7.503153e-01
  4.223279e+00   2.437064e+01   7.535282e-01
  4.227967e+00   2.455793e+01   7.593331e-01
  4.232656e+00   2.431612e+01   7.585691e-01
  4.237344e+00   2.477599e+01   7.687732e-01
  4.242032e+00   2.526286e+01   7.793416e-01
  4.246720e+00   2.425592e+01   7.666368e-01
  4.251409e+00   2.449886e+01   7.736967e-01
  4.256097e+00   2.560771e+01   7.941122e-01
  4.260785e+00   2.616347e+01   8.059231e-01
  4.265473e+00   2.399636e+01   7.757344e-01
  4.270162e+00   2.316184e+01   7.659584e-01
  4.274850e+00   2.476283e+01   7.976635e-01
  4.279538e+00   2.494925e+01   8.042577e-01
  4.284226e+00   2.414692e+01   7.911094e-01
  4.288914e+00   2.405861e+01   7.921476e-01
  4.293603e+00   2.502053e+01   8.112736e-01
  4.298291e+00   2.339208e+01   7.878796e-01
  4.302979e+00   2.492172e+01   8.165343e-01
  4.307667e+00   2.620705e+01   8.409677e-01
  4.312356e+00   2.487855e+01   8.230103e-01
  4.317044e+00   2.488027e+01   8.264710e-01
  4.321732e+00   2.502977e+01   8.326219e-01
  4.326420e+00   2.402275e+01   8.193616e-01
  4.331109e+00   2.510814e+01   8.412530e-01
  4.335797e+00   2.448156e+01   8.344278e-01
  4.340485e+00   2.445738e+01   8.385663e-01
  4.345173e+00   2.402198e+01   8.342435e-01
  4.349861e+00   2.361157e+01   8.306040e-01
  4.354550e+00   2.513156e+01   8.608987e-01
  4.359238e+00   2.479268e+01   8.589723e-01
  4.363926e+00   2.384548e+01   8.462897e-01
  4.368614e+00   2.466183e+01   8.646597e-01
  4.373303e+00   2.513256e+01   8.770552e-01
  4.377991e+00   2.480966e+01   8.754764e-01
  4.382679e+00   2.510129e+01   8.847814e-01
  4.387367e+00   2.520485e+01   8.909728e-01
  4.392056e+00   2.458966e+01   8.842309e-01
  4.396744e+00   2.356763e+01   8.698402e-01
  4.401432e+00   2.492412e+01   8.998701e-01
  4.406120e+00   2.505281e+01   9.047369e-01
  4.410808e+00   2.567027e+01   9.164550e-01
  4.415497e+00   2.653110e+01   9.323153e-01
  4.420185e+00   2.644839e+01   9.314368e-01
  4.424873e+00   2.500883e+01   9.064229e-01
  4.429561e+00   2.409283e+01   8.902758e-01
  4.434250e+00   2.479904e+01   9.038559e-01
  4.438938e+00   2.423505e+01   8.941939e-01
  4.443626e+00   2.390377e+01   8.885617e-01
  4.448314e+00   2.466910e+01   9.048336e-01
  4.453002e+00   2.551502e+01   9.246427e-01
  4.457691e+00   2.385291e+01   8.985674e-01
  4.462379e+00   2.477118e+01   9.203230e-01
  4.467067e+00   2.503775e+01   9.299775e-01
  4.471755e+00   2.464225e+01   9.273424e-01
  4.476444e+00   2.528091e+01   9.442147e-01
  4.481132e+00   2.420155e+01   9.286820e-01
  4.485820e+00   2.421664e+01   9.339548e-01
  4.490508e+00   2.417770e+01   9.381635e-01
  4.495197e+00   2.446124e+01   9.487166e-01
  4.499885e+00   2.465344e+01   9.575917e-01
  4.504573e+00   2.491637e+01   9.679425e-01
  4.509261e+00   2.526988e+01   9.802000e-01
  4.513949e+00   2.585031e+01   9.969839e-01
  4.518638e+00   2.463263e+01   9.787178e-01
  4.523326e+00   2.425891e+01   9.768226e-01
  4.528014e+00   2.664199e+01   1.029547e+00
  4.532702e+00   2.597118e+01   1.022387e+00
  4.537391e+00   2.543412e+01   1.017671e+00
  4.542079e+00   2.588865e+01   1.032875e+00
  4.546767e+00   2.517637e+01   1.024688e+00
  4.551455e+00   2.461156e+01   1.019232e+00
  4.556144e+00   2.600768e+01   1.054130e+00
  4.560832e+00   2.472229e+01   1.034075e+00
  4.565520e+00   2.499914e+01   1.046316e+00
  4.570208e+00   2.509272e+01   1.054995e+00
  4.574896e+00   2.522551e+01   1.064606e+00
  4.579585e+00   2.475460e+01   1.061402e+00
  4.584273e+00   2.432594e+01   1.059014e+00
  4.588961e+00   2.437493e+01   1.067058e+00
  4.593649e+00   2.457623e+01   1.078590e+00
  4.598338e+00   2.455186e+01   1.085497e+00
  4.603026e+00   2.490803e+01   1.100807e+00
  4.607714e+00   2.394350e+01   1.086732e+00
  4.612402e+00   2.506621e+01   1.119688e+00
  4.617091e+00   2.339061e+01   1.089266e+00
  4.621779e+00   2.510041e+01   1.136621e+00
  4.626467e+00   2.652410e+01   1.176971e+00
  4.631155e+00   2.429000e+01   1.134601e+00
  4.635843e+00   2.273044e+01   1.105751e+00
  4.640532e+00   2.408626e+01   1.146850e+00
  4.645220e+00   2.385954e+01   1.150362e+00
  4.649908e+00   2.532342e+01   1.194432e+00
  4.654596e+00   2.470860e+01   1.189134e+00
  4.659285e+00   2.671700e+01   1.246406e+00
  4.663973e+00   2.482434e+01   1.211192e+00
  4.668661e+00   2.349346e+01   1.188259e+00
  4.673349e+00   2.202142e+01   1.160083e+00
  4.678037e+00   2.404560e+01   1.222524e+00
  4.682726e+00   2.455672e+01   1.246097e+00
  4.687414e+00   2.507645e+01   1.270374e+00
  4.692102e+00   2.471056e+01   1.272565e+00
  4.696790e+00   2.377057e+01   1.259434e+00
  4.701479e+00   2.510179e+01   1.306143e+00
  4.706167e+00   2.475138e+01   1.309150e+00
  4.710855e+00   2.485205e+01   1.324714e+00
  4.715543e+00   2.519476e+01   1.346833e+00
  4.720232e+00   2.568349e+01   1.373281e+00
  4.724920e+00   2.446714e+01   1.353868e+00
  4.729608e+00   2.401565e+01   1.355410e+00
  4.734296e+00   2.375953e+01   1.362492e+00
  4.738984e+00   2.252773e+01   1.340872e+00
  4.743673e+00   2.340537e+01   1.381644e+00
  4.748361e+00   2.464098e+01   1.433720e+00
  4.753049e+00   2.449041e+01   1.445915e+00
  4.757737e+00   2.438037e+01   1.459433e+00
  4.762426e+00   2.531051e+01   1.504685e+00
  4.767114e+00   2.486465e+01   1.509895e+00
  4.771802e+00   2.481562e+01   1.527708e+00
  4.776490e+00   2.498111e+01   1.552360e+00
  4.781179e+00   2.548130e+01   1.588317e+00
  4.785867e+00   2.677989e+01   1.650614e+00
  4.790555e+00   2.688009e+01   1.676909e+00
  4.795243e+00   2.483745e+01   1.634733e+00
  4.799931e+00   2.628375e+01   1.706103e+00
  4.804620e+00   2.585569e+01   1.718230e+00
  4.809308e+00   2.376563e+01   1.673011e+00
  4.813996e+00   2.649547e+01   1.794534e+00
  4.818684e+00   2.715239e+01   1.846385e+00
  4.823373e+00   2.743816e+01   1.888826e+00
  4.828061e+00   2.738917e+01   1.920641e+00
  4.832749e+00   2.773267e+01   1.967729e+00
  4.837437e+00   2.559931e+01   1.926543e+00
  4.842125e+00   2.331325e+01   1.875504e+00
  4.846814e+00   2.412936e+01   1.946771e+00
  4.851502e+00   2.489355e+01   2.019112e+00
  4.856190e+00   2.457318e+01   2.051745e+00
  4.860878e+00   2.512253e+01   2.123001e+00
  4.865567e+00   2.591990e+01   2.208466e+00
  4.870255e+00   2.755532e+01   2.335905e+00
  4.874943e+00   2.937181e+01   2.479055e+00
  4.879631e+00   2.489724e+01   2.346801e+00
  4.884320e+00   2.792935e+01   2.559828e+00
  4.889008e+00   2.519899e+01   2.511488e+00
  4.893696e+00   2.423745e+01   2.547691e+00
  4.898384e+00   2.258246e+01   2.548561e+00
  4.903072e+00   2.458166e+01   2.764941e+00
  4.907761e+00   2.565207e+01   2.984826e+00
  4.912449e+00   3.002646e+01   4.462021e+00
  4.917137e+00   2.114423e+01   1.029355e+01
