# GI Buffer
# Sample c= 0.0 mg/ml
#
# Sample environment:
# Detector = Pilatus
# PixelSize_1 = 0.000172
# PixelSize_2 = 0.000172
#
# title = GI Buffer
# Frame 107 of 120
# Time per frame (s) = 1.0
# SampleDistance = 2.869
# WaveLength = 9.919e-11
# Normalization = 0.001062898
# DiodeCurr = 8.713576e-05
# MachCurr = 68.82923
# Mask = /data/bm29/archive/CALIBRATION/MASK/BM29/Pcon_19thNovember2015_7keV_v3.edf
#
# N 3
# L q*nm  I_GI Buffer  stddev
#
# Sample Information:
# Storage Temperature (degrees C): 20.0
# Measurement Temperature (degrees C): 20.08
# Concentration: 0.0
# Code: GIBuffer
  3.200246e-02   1.556642e+02   1.875971e+01
  3.669069e-02   4.961565e+02   1.520578e+01
  4.137892e-02   6.629304e+02   1.309329e+01
  4.606715e-02   5.770522e+02   1.011475e+01
  5.075538e-02   3.872385e+02   7.526569e+00
  5.544361e-02   2.877706e+02   5.994307e+00
  6.013183e-02   2.085781e+02   4.879125e+00
  6.482006e-02   1.582269e+02   4.077232e+00
  6.950829e-02   1.288016e+02   3.529708e+00
  7.419652e-02   1.055121e+02   3.066650e+00
  7.888475e-02   9.089347e+01   2.751526e+00
  8.357298e-02   8.106716e+01   2.521147e+00
  8.826121e-02   6.931364e+01   2.265207e+00
  9.294944e-02   6.194285e+01   2.078627e+00
  9.763767e-02   5.728020e+01   1.943737e+00
  1.023259e-01   5.213174e+01   1.810203e+00
  1.070141e-01   4.870380e+01   1.709698e+00
  1.117024e-01   4.601713e+01   1.624209e+00
  1.163906e-01   4.426303e+01   1.554383e+00
  1.210788e-01   4.263197e+01   1.495487e+00
  1.257670e-01   4.125069e+01   1.442801e+00
  1.304553e-01   3.899017e+01   1.378006e+00
  1.351435e-01   3.744800e+01   1.323272e+00
  1.398317e-01   3.718984e+01   1.295933e+00
  1.445200e-01   3.632414e+01   1.259594e+00
  1.492082e-01   3.579925e+01   1.230507e+00
  1.538964e-01   3.562644e+01   1.205924e+00
  1.585846e-01   3.413067e+01   1.161611e+00
  1.632729e-01   3.313816e+01   1.127973e+00
  1.679611e-01   3.207987e+01   1.094195e+00
  1.726493e-01   3.055519e+01   1.052052e+00
  1.773376e-01   3.285653e+01   1.074647e+00
  1.820258e-01   3.084853e+01   1.027919e+00
  1.867140e-01   2.973029e+01   9.964170e-01
  1.914022e-01   3.007156e+01   9.894678e-01
  1.960905e-01   2.922302e+01   9.618321e-01
  2.007787e-01   2.947956e+01   9.557406e-01
  2.054669e-01   2.903798e+01   9.377325e-01
  2.101552e-01   2.950534e+01   9.346597e-01
  2.148434e-01   2.905084e+01   9.155563e-01
  2.195316e-01   2.776874e+01   8.853499e-01
  2.242199e-01   2.959262e+01   9.044860e-01
  2.289081e-01   2.846048e+01   8.779212e-01
  2.335963e-01   2.834682e+01   8.663410e-01
  2.382845e-01   2.955641e+01   8.753181e-01
  2.429728e-01   2.797655e+01   8.434712e-01
  2.476610e-01   2.887654e+01   8.488575e-01
  2.523492e-01   2.769181e+01   8.230745e-01
  2.570375e-01   2.674696e+01   8.006189e-01
  2.617257e-01   2.640764e+01   7.885004e-01
  2.664139e-01   2.870594e+01   8.149294e-01
  2.711021e-01   2.849572e+01   8.049204e-01
  2.757904e-01   2.812757e+01   7.920319e-01
  2.804786e-01   2.743701e+01   7.760643e-01
  2.851668e-01   2.646891e+01   7.560713e-01
  2.898551e-01   2.780907e+01   7.682813e-01
  2.945433e-01   2.644059e+01   7.431040e-01
  2.992315e-01   2.725297e+01   7.652730e-01
  3.039197e-01   2.688660e+01   7.661166e-01
  3.086080e-01   2.733346e+01   7.746952e-01
  3.132962e-01   2.702477e+01   7.707100e-01
  3.179844e-01   2.687054e+01   7.683571e-01
  3.226727e-01   2.645029e+01   7.623035e-01
  3.273609e-01   2.650033e+01   7.621736e-01
  3.320491e-01   2.699622e+01   7.678899e-01
  3.367374e-01   2.734691e+01   7.708268e-01
  3.414256e-01   2.572083e+01   7.460395e-01
  3.461138e-01   2.663237e+01   7.575923e-01
  3.508020e-01   2.675888e+01   7.575637e-01
  3.554903e-01   2.648015e+01   7.507955e-01
  3.601785e-01   2.769182e+01   7.663149e-01
  3.648667e-01   2.716078e+01   7.643994e-01
  3.695550e-01   2.632962e+01   7.696586e-01
  3.742432e-01   2.599139e+01   7.733423e-01
  3.789314e-01   2.635034e+01   7.860172e-01
  3.836196e-01   2.630699e+01   7.903994e-01
  3.883079e-01   2.731864e+01   8.098291e-01
  3.929961e-01   2.675741e+01   8.087882e-01
  3.976843e-01   2.695240e+01   8.227607e-01
  4.023726e-01   2.729911e+01   8.362481e-01
  4.070608e-01   2.776480e+01   8.467874e-01
  4.117490e-01   2.793967e+01   8.511199e-01
  4.164372e-01   2.790722e+01   8.520541e-01
  4.211255e-01   2.668198e+01   8.348058e-01
  4.258137e-01   2.708274e+01   8.417618e-01
  4.305019e-01   2.692075e+01   8.384578e-01
  4.351902e-01   2.638996e+01   8.284391e-01
  4.398784e-01   2.477197e+01   8.016697e-01
  4.445666e-01   2.714432e+01   8.487929e-01
  4.492548e-01   2.699540e+01   8.753648e-01
  4.539431e-01   2.713960e+01   8.945922e-01
  4.586313e-01   2.649045e+01   8.971562e-01
  4.633195e-01   2.642472e+01   9.080263e-01
  4.680078e-01   2.515642e+01   8.964295e-01
  4.726960e-01   2.727483e+01   9.433883e-01
  4.773842e-01   2.815306e+01   9.679884e-01
  4.820725e-01   2.632049e+01   9.449477e-01
  4.867607e-01   2.463374e+01   9.228985e-01
  4.914489e-01   2.551944e+01   9.475437e-01
  4.961371e-01   2.650102e+01   9.735519e-01
  5.008254e-01   2.828846e+01   1.014115e+00
  5.055136e-01   2.634297e+01   9.868189e-01
  5.102018e-01   2.629132e+01   9.632419e-01
  5.148901e-01   2.607581e+01   9.257690e-01
  5.195783e-01   2.645001e+01   9.167173e-01
  5.242665e-01   2.486802e+01   8.784583e-01
  5.289547e-01   2.448736e+01   8.634228e-01
  5.336430e-01   2.540159e+01   8.717682e-01
  5.383312e-01   2.637893e+01   8.819202e-01
  5.430194e-01   2.762645e+01   8.970988e-01
  5.477077e-01   2.754488e+01   8.908005e-01
  5.523959e-01   2.503221e+01   8.444706e-01
  5.570841e-01   2.662559e+01   8.661761e-01
  5.617723e-01   2.646458e+01   8.598942e-01
  5.664606e-01   2.710026e+01   8.663406e-01
  5.711488e-01   2.604793e+01   8.460014e-01
  5.758370e-01   2.720551e+01   8.597692e-01
  5.805253e-01   2.684607e+01   8.488022e-01
  5.852135e-01   2.608324e+01   8.312981e-01
  5.899017e-01   2.564168e+01   8.185243e-01
  5.945900e-01   2.590023e+01   8.160386e-01
  5.992782e-01   2.658900e+01   8.214975e-01
  6.039664e-01   2.737538e+01   8.286622e-01
  6.086546e-01   2.658044e+01   8.116766e-01
  6.133429e-01   2.619773e+01   8.006113e-01
  6.180311e-01   2.655069e+01   8.012294e-01
  6.227193e-01   2.563433e+01   7.829451e-01
  6.274076e-01   2.633388e+01   7.902439e-01
  6.320958e-01   2.697327e+01   7.975531e-01
  6.367840e-01   2.634341e+01   7.859224e-01
  6.414722e-01   2.641078e+01   7.853443e-01
  6.461605e-01   2.574134e+01   7.735309e-01
  6.508487e-01   2.635210e+01   7.809782e-01
  6.555369e-01   2.629454e+01   7.777923e-01
  6.602252e-01   2.688420e+01   7.847995e-01
  6.649134e-01   2.695875e+01   7.842498e-01
  6.696016e-01   2.521176e+01   7.568392e-01
  6.742898e-01   2.641506e+01   7.725213e-01
  6.789781e-01   2.557132e+01   7.584308e-01
  6.836663e-01   2.549216e+01   7.556592e-01
  6.883545e-01   2.615097e+01   7.639416e-01
  6.930428e-01   2.628512e+01   7.638142e-01
  6.977310e-01   2.605237e+01   7.586979e-01
  7.024192e-01   2.566110e+01   7.514653e-01
  7.071074e-01   2.604895e+01   7.556739e-01
  7.117957e-01   2.604301e+01   7.538705e-01
  7.164839e-01   2.567695e+01   7.466149e-01
  7.211721e-01   2.593123e+01   7.488834e-01
  7.258604e-01   2.688177e+01   7.609299e-01
  7.305486e-01   2.644745e+01   7.534793e-01
  7.352368e-01   2.610295e+01   7.462500e-01
  7.399251e-01   2.544973e+01   7.356613e-01
  7.446133e-01   2.543014e+01   7.340621e-01
  7.493015e-01   2.605038e+01   7.420990e-01
  7.539897e-01   2.598271e+01   7.389849e-01
  7.586780e-01   2.626798e+01   7.411141e-01
  7.633662e-01   2.658388e+01   7.440914e-01
  7.680544e-01   2.629863e+01   7.387995e-01
  7.727427e-01   2.546484e+01   7.253439e-01
  7.774309e-01   2.618951e+01   7.338828e-01
  7.821191e-01   2.551618e+01   7.231238e-01
  7.868073e-01   2.538060e+01   7.199103e-01
  7.914956e-01   2.507626e+01   7.140499e-01
  7.961838e-01   2.536206e+01   7.164763e-01
  8.008720e-01   2.567139e+01   7.195094e-01
  8.055603e-01   2.655715e+01   7.304453e-01
  8.102485e-01   2.595685e+01   7.209365e-01
  8.149367e-01   2.634942e+01   7.245120e-01
  8.196249e-01   2.610935e+01   7.198342e-01
  8.243132e-01   2.606870e+01   7.181277e-01
  8.290014e-01   2.705356e+01   7.302105e-01
  8.336896e-01   2.547002e+01   7.068794e-01
  8.383779e-01   2.563916e+01   7.078702e-01
  8.430661e-01   2.577077e+01   7.084789e-01
  8.477543e-01   2.588153e+01   7.086991e-01
  8.524425e-01   2.640708e+01   7.144602e-01
  8.571308e-01   2.608963e+01   7.090073e-01
  8.618190e-01   2.635710e+01   7.111800e-01
  8.665072e-01   2.555536e+01   6.988972e-01
  8.711955e-01   2.584603e+01   7.016042e-01
  8.758837e-01   2.640765e+01   7.075782e-01
  8.805719e-01   2.662520e+01   7.092415e-01
  8.852602e-01   2.582309e+01   6.973597e-01
  8.899484e-01   2.601756e+01   6.988388e-01
  8.946366e-01   2.663339e+01   7.052622e-01
  8.993248e-01   2.524027e+01   6.855745e-01
  9.040131e-01   2.668435e+01   7.036260e-01
  9.087013e-01   2.758537e+01   7.142905e-01
  9.133895e-01   2.666863e+01   7.007667e-01
  9.180778e-01   2.578149e+01   6.878583e-01
  9.227660e-01   2.676276e+01   6.995152e-01
  9.274542e-01   2.660050e+01   6.963574e-01
  9.321424e-01   2.669519e+01   6.962826e-01
  9.368307e-01   2.689851e+01   6.974384e-01
  9.415189e-01   2.638111e+01   6.896284e-01
  9.462071e-01   2.648125e+01   6.898953e-01
  9.508954e-01   2.681811e+01   6.929694e-01
  9.555836e-01   2.667507e+01   6.896974e-01
  9.602718e-01   2.587562e+01   6.781961e-01
  9.649600e-01   2.619024e+01   6.812125e-01
  9.696483e-01   2.637030e+01   6.825231e-01
  9.743365e-01   2.716165e+01   6.910763e-01
  9.790247e-01   2.539181e+01   6.672205e-01
  9.837130e-01   2.604156e+01   6.745634e-01
  9.884012e-01   2.574841e+01   6.697339e-01
  9.930894e-01   2.588977e+01   6.702450e-01
  9.977777e-01   2.690797e+01   6.820876e-01
  1.002466e+00   2.655627e+01   6.765970e-01
  1.007154e+00   2.515635e+01   6.574488e-01
  1.011842e+00   2.557062e+01   6.617497e-01
  1.016531e+00   2.589920e+01   6.646533e-01
  1.021219e+00   2.620609e+01   6.675234e-01
  1.025907e+00   2.625625e+01   6.672344e-01
  1.030595e+00   2.605175e+01   6.635779e-01
  1.035283e+00   2.566345e+01   6.571460e-01
  1.039972e+00   2.606129e+01   6.613223e-01
  1.044660e+00   2.604078e+01   6.601282e-01
  1.049348e+00   2.611973e+01   6.599849e-01
  1.054036e+00   2.633501e+01   6.614387e-01
  1.058725e+00   2.674300e+01   6.655471e-01
  1.063413e+00   2.552397e+01   6.491725e-01
  1.068101e+00   2.618818e+01   6.566308e-01
  1.072789e+00   2.600915e+01   6.531547e-01
  1.077478e+00   2.592050e+01   6.509758e-01
  1.082166e+00   2.508750e+01   6.394344e-01
  1.086854e+00   2.600852e+01   6.501333e-01
  1.091542e+00   2.598247e+01   6.488271e-01
  1.096230e+00   2.585917e+01   6.459668e-01
  1.100919e+00   2.511790e+01   6.357540e-01
  1.105607e+00   2.593347e+01   6.451309e-01
  1.110295e+00   2.635046e+01   6.492786e-01
  1.114983e+00   2.505343e+01   6.320512e-01
  1.119672e+00   2.605585e+01   6.436564e-01
  1.124360e+00   2.575710e+01   6.388839e-01
  1.129048e+00   2.539562e+01   6.334319e-01
  1.133736e+00   2.564391e+01   6.353471e-01
  1.138425e+00   2.637243e+01   6.433414e-01
  1.143113e+00   2.640398e+01   6.427729e-01
  1.147801e+00   2.585072e+01   6.352051e-01
  1.152489e+00   2.545684e+01   6.292023e-01
  1.157177e+00   2.568113e+01   6.308922e-01
  1.161866e+00   2.403230e+01   6.095598e-01
  1.166554e+00   2.486339e+01   6.191070e-01
  1.171242e+00   2.577663e+01   6.293197e-01
  1.175930e+00   2.645582e+01   6.365507e-01
  1.180619e+00   2.585917e+01   6.284295e-01
  1.185307e+00   2.576268e+01   6.263469e-01
  1.189995e+00   2.587503e+01   6.269160e-01
  1.194683e+00   2.581009e+01   6.249110e-01
  1.199372e+00   2.575403e+01   6.233752e-01
  1.204060e+00   2.632127e+01   6.295164e-01
  1.208748e+00   2.564775e+01   6.209018e-01
  1.213436e+00   2.699489e+01   6.355319e-01
  1.218124e+00   2.638268e+01   6.272251e-01
  1.222813e+00   2.565443e+01   6.176337e-01
  1.227501e+00   2.618922e+01   6.232994e-01
  1.232189e+00   2.667781e+01   6.280311e-01
  1.236877e+00   2.601289e+01   6.191127e-01
  1.241566e+00   2.544844e+01   6.116285e-01
  1.246254e+00   2.534643e+01   6.096169e-01
  1.250942e+00   2.545080e+01   6.242616e-01
  1.255630e+00   2.575121e+01   6.449303e-01
  1.260318e+00   2.642559e+01   6.642320e-01
  1.265007e+00   2.625436e+01   6.708430e-01
  1.269695e+00   2.577005e+01   6.722241e-01
  1.274383e+00   2.616650e+01   6.842460e-01
  1.279071e+00   2.590864e+01   6.874331e-01
  1.283760e+00   2.581319e+01   6.922169e-01
  1.288448e+00   2.614749e+01   7.024993e-01
  1.293136e+00   2.658349e+01   7.139310e-01
  1.297824e+00   2.595047e+01   7.106724e-01
  1.302513e+00   2.547341e+01   7.083011e-01
  1.307201e+00   2.546956e+01   7.102865e-01
  1.311889e+00   2.613355e+01   7.201421e-01
  1.316577e+00   2.702547e+01   7.041830e-01
  1.321265e+00   2.495850e+01   6.599347e-01
  1.325954e+00   2.584170e+01   6.606911e-01
  1.330642e+00   2.573260e+01   6.509072e-01
  1.335330e+00   2.662147e+01   6.548234e-01
  1.340018e+00   2.585917e+01   6.393831e-01
  1.344707e+00   2.590925e+01   6.346414e-01
  1.349395e+00   2.616449e+01   6.330294e-01
  1.354083e+00   2.769533e+01   6.463467e-01
  1.358771e+00   2.581692e+01   6.199015e-01
  1.363460e+00   2.598497e+01   6.185170e-01
  1.368148e+00   2.604371e+01   6.174696e-01
  1.372836e+00   2.582296e+01   6.131803e-01
  1.377524e+00   2.556646e+01   6.087356e-01
  1.382212e+00   2.588893e+01   6.113533e-01
  1.386901e+00   2.588348e+01   6.100116e-01
  1.391589e+00   2.639643e+01   6.146615e-01
  1.396277e+00   2.576075e+01   6.059366e-01
  1.400965e+00   2.583735e+01   6.057191e-01
  1.405654e+00   2.557530e+01   6.015426e-01
  1.410342e+00   2.562511e+01   6.010131e-01
  1.415030e+00   2.634271e+01   6.080322e-01
  1.419718e+00   2.537856e+01   5.957996e-01
  1.424406e+00   2.636856e+01   6.063720e-01
  1.429095e+00   2.614389e+01   6.027222e-01
  1.433783e+00   2.622013e+01   6.023228e-01
  1.438471e+00   2.562259e+01   5.944993e-01
  1.443159e+00   2.595594e+01   5.974386e-01
  1.447848e+00   2.589231e+01   5.957290e-01
  1.452536e+00   2.556232e+01   5.908070e-01
  1.457224e+00   2.626472e+01   5.979097e-01
  1.461912e+00   2.557230e+01   5.891117e-01
  1.466601e+00   2.514699e+01   5.833040e-01
  1.471289e+00   2.559509e+01   5.874773e-01
  1.475977e+00   2.546046e+01   5.852510e-01
  1.480665e+00   2.537034e+01   5.830873e-01
  1.485353e+00   2.604735e+01   5.992304e-01
  1.490042e+00   2.526582e+01   6.082841e-01
  1.494730e+00   2.573679e+01   6.247621e-01
  1.499418e+00   2.590412e+01   6.348514e-01
  1.504106e+00   2.576045e+01   6.404088e-01
  1.508795e+00   2.585630e+01   6.484090e-01
  1.513483e+00   2.576525e+01   6.308642e-01
  1.518171e+00   2.546728e+01   6.131927e-01
  1.522859e+00   2.565354e+01   6.069797e-01
  1.527548e+00   2.569977e+01   6.010320e-01
  1.532236e+00   2.534819e+01   5.911894e-01
  1.536924e+00   2.586792e+01   5.924708e-01
  1.541612e+00   2.626595e+01   5.938601e-01
  1.546300e+00   2.619507e+01   5.916261e-01
  1.550989e+00   2.576300e+01   5.846365e-01
  1.555677e+00   2.588347e+01   5.830120e-01
  1.560365e+00   2.570146e+01   5.782433e-01
  1.565053e+00   2.588017e+01   5.775776e-01
  1.569742e+00   2.560392e+01   5.721614e-01
  1.574430e+00   2.547813e+01   5.695539e-01
  1.579118e+00   2.591815e+01   5.748804e-01
  1.583806e+00   2.548342e+01   5.706902e-01
  1.588495e+00   2.611018e+01   5.783432e-01
  1.593183e+00   2.573628e+01   5.744588e-01
  1.597871e+00   2.614563e+01   5.786520e-01
  1.602559e+00   2.581640e+01   5.741550e-01
  1.607247e+00   2.597827e+01   5.750405e-01
  1.611936e+00   2.449894e+01   5.573596e-01
  1.616624e+00   2.491930e+01   5.613305e-01
  1.621312e+00   2.589484e+01   5.713861e-01
  1.626000e+00   2.639377e+01   5.759913e-01
  1.630689e+00   2.530782e+01   5.631120e-01
  1.635377e+00   2.480687e+01   5.566856e-01
  1.640065e+00   2.556313e+01   5.642835e-01
  1.644753e+00   2.606061e+01   5.689707e-01
  1.649441e+00   2.594203e+01   5.668698e-01
  1.654130e+00   2.574689e+01   5.638313e-01
  1.658818e+00   2.652982e+01   5.715355e-01
  1.663506e+00   2.605434e+01   5.656494e-01
  1.668194e+00   2.570046e+01   5.610898e-01
  1.672883e+00   2.647531e+01   5.685003e-01
  1.677571e+00   2.610921e+01   5.638192e-01
  1.682259e+00   2.592298e+01   5.611315e-01
  1.686947e+00   2.613780e+01   5.627372e-01
  1.691636e+00   2.604767e+01   5.608485e-01
  1.696324e+00   2.593450e+01   5.588797e-01
  1.701012e+00   2.527661e+01   5.510752e-01
  1.705700e+00   2.553915e+01   5.532758e-01
  1.710388e+00   2.580448e+01   5.553178e-01
  1.715077e+00   2.569598e+01   5.533732e-01
  1.719765e+00   2.621292e+01   5.582199e-01
  1.724453e+00   2.597186e+01   5.550154e-01
  1.729141e+00   2.606797e+01   5.553060e-01
  1.733830e+00   2.604998e+01   5.542615e-01
  1.738518e+00   2.590398e+01   5.520809e-01
  1.743206e+00   2.538316e+01   5.458465e-01
  1.747894e+00   2.522535e+01   5.435714e-01
  1.752583e+00   2.631185e+01   5.545554e-01
  1.757271e+00   2.641483e+01   5.547851e-01
  1.761959e+00   2.602234e+01   5.499138e-01
  1.766647e+00   2.557322e+01   5.444676e-01
  1.771335e+00   2.607668e+01   5.490528e-01
  1.776024e+00   2.627295e+01   5.504206e-01
  1.780712e+00   2.581996e+01   5.450057e-01
  1.785400e+00   2.519762e+01   5.378057e-01
  1.790088e+00   2.572463e+01   5.427332e-01
  1.794777e+00   2.583567e+01   5.431419e-01
  1.799465e+00   2.602472e+01   5.444552e-01
  1.804153e+00   2.599207e+01   5.436028e-01
  1.808841e+00   2.565368e+01   5.394052e-01
  1.813530e+00   2.558064e+01   5.378117e-01
  1.818218e+00   2.547316e+01   5.361038e-01
  1.822906e+00   2.619277e+01   5.430897e-01
  1.827594e+00   2.641522e+01   5.447768e-01
  1.832282e+00   2.534755e+01   5.327770e-01
  1.836971e+00   2.544220e+01   5.332731e-01
  1.841659e+00   2.504721e+01   5.285808e-01
  1.846347e+00   2.524225e+01   5.300139e-01
  1.851035e+00   2.631522e+01   5.403723e-01
  1.855724e+00   2.504513e+01   5.266344e-01
  1.860412e+00   2.550829e+01   5.309340e-01
  1.865100e+00   2.507097e+01   5.257553e-01
  1.869788e+00   2.558795e+01   5.304334e-01
  1.874476e+00   2.495085e+01   5.232019e-01
  1.879165e+00   2.579469e+01   5.314465e-01
  1.883853e+00   2.627244e+01   5.357255e-01
  1.888541e+00   2.534871e+01   5.255978e-01
  1.893229e+00   2.592655e+01   5.311835e-01
  1.897918e+00   2.588650e+01   5.301526e-01
  1.902606e+00   2.540337e+01   5.244033e-01
  1.907294e+00   2.547804e+01   5.246527e-01
  1.911982e+00   2.492738e+01   5.182081e-01
  1.916671e+00   2.624217e+01   5.311695e-01
  1.921359e+00   2.569449e+01   5.250593e-01
  1.926047e+00   2.536034e+01   5.211074e-01
  1.930735e+00   2.522896e+01   5.190330e-01
  1.935423e+00   2.553728e+01   5.216615e-01
  1.940112e+00   2.573606e+01   5.230493e-01
  1.944800e+00   2.492419e+01   5.135813e-01
  1.949488e+00   2.538247e+01   5.169519e-01
  1.954176e+00   2.590434e+01   5.210850e-01
  1.958865e+00   2.596983e+01   5.205898e-01
  1.963553e+00   2.627464e+01   5.227170e-01
  1.968241e+00   2.544260e+01   5.138547e-01
  1.972929e+00   2.548358e+01   5.136236e-01
  1.977618e+00   2.500561e+01   5.083755e-01
  1.982306e+00   2.469199e+01   5.048971e-01
  1.986994e+00   2.581614e+01   5.161856e-01
  1.991682e+00   2.585610e+01   5.166254e-01
  1.996370e+00   2.610378e+01   5.192347e-01
  2.001059e+00   2.601416e+01   5.185015e-01
  2.005747e+00   2.525616e+01   5.107288e-01
  2.010435e+00   2.624913e+01   5.198302e-01
  2.015123e+00   2.600875e+01   5.168952e-01
  2.019812e+00   2.499919e+01   5.062672e-01
  2.024500e+00   2.434289e+01   4.991393e-01
  2.029188e+00   2.576654e+01   5.128967e-01
  2.033876e+00   2.596155e+01   5.142614e-01
  2.038565e+00   2.575833e+01   5.117066e-01
  2.043253e+00   2.568684e+01   5.106134e-01
  2.047941e+00   2.490940e+01   5.022481e-01
  2.052629e+00   2.595551e+01   5.139280e-01
  2.057317e+00   2.631451e+01   5.325918e-01
  2.062006e+00   2.556254e+01   5.344586e-01
  2.066694e+00   2.527975e+01   5.385603e-01
  2.071382e+00   2.614208e+01   5.535486e-01
  2.076070e+00   2.637359e+01   5.614169e-01
  2.080759e+00   2.485073e+01   5.498154e-01
  2.085447e+00   2.592069e+01   5.658440e-01
  2.090135e+00   2.599642e+01   5.688057e-01
  2.094823e+00   2.474162e+01   5.564951e-01
  2.099511e+00   2.524369e+01   5.636974e-01
  2.104200e+00   2.538137e+01   5.666991e-01
  2.108888e+00   2.526880e+01   5.666991e-01
  2.113576e+00   2.542995e+01   5.697577e-01
  2.118264e+00   2.578801e+01   5.681616e-01
  2.122953e+00   2.600591e+01   5.524905e-01
  2.127641e+00   2.554882e+01   5.385492e-01
  2.132329e+00   2.538207e+01   5.302687e-01
  2.137017e+00   2.625727e+01   5.342438e-01
  2.141706e+00   2.591669e+01   5.263729e-01
  2.146394e+00   2.539892e+01   5.172766e-01
  2.151082e+00   2.621365e+01   5.226147e-01
  2.155770e+00   2.579300e+01   5.172749e-01
  2.160458e+00   2.469527e+01   5.049749e-01
  2.165147e+00   2.519173e+01   5.089604e-01
  2.169835e+00   2.537903e+01   5.096567e-01
  2.174523e+00   2.527900e+01   5.077642e-01
  2.179211e+00   2.591129e+01   5.131612e-01
  2.183900e+00   2.558368e+01   5.090087e-01
  2.188588e+00   2.518474e+01   5.041001e-01
  2.193276e+00   2.575843e+01   5.089582e-01
  2.197964e+00   2.451642e+01   4.958106e-01
  2.202653e+00   2.520319e+01   5.019116e-01
  2.207341e+00   2.520670e+01   5.011576e-01
  2.212029e+00   2.572539e+01   5.055044e-01
  2.216717e+00   2.471247e+01   4.948035e-01
  2.221405e+00   2.490369e+01   4.959817e-01
  2.226094e+00   2.509932e+01   4.972427e-01
  2.230782e+00   2.597142e+01   5.050844e-01
  2.235470e+00   2.523253e+01   4.971873e-01
  2.240158e+00   2.544114e+01   4.985902e-01
  2.244847e+00   2.527567e+01   4.963810e-01
  2.249535e+00   2.516369e+01   4.945386e-01
  2.254223e+00   2.520326e+01   4.942868e-01
  2.258911e+00   2.528721e+01   4.945593e-01
  2.263600e+00   2.537202e+01   4.948125e-01
  2.268288e+00   2.504539e+01   4.909365e-01
  2.272976e+00   2.573619e+01   4.970116e-01
  2.277664e+00   2.546724e+01   4.938858e-01
  2.282352e+00   2.522060e+01   4.909505e-01
  2.287041e+00   2.590776e+01   4.969786e-01
  2.291729e+00   2.555803e+01   4.929240e-01
  2.296417e+00   2.525871e+01   4.895712e-01
  2.301105e+00   2.538723e+01   4.902701e-01
  2.305794e+00   2.511378e+01   4.870684e-01
  2.310482e+00   2.579753e+01   4.929734e-01
  2.315170e+00   2.566184e+01   4.912215e-01
  2.319858e+00   2.553528e+01   4.894991e-01
  2.324546e+00   2.534764e+01   4.871505e-01
  2.329235e+00   2.511390e+01   4.842507e-01
  2.333923e+00   2.514768e+01   4.841248e-01
  2.338611e+00   2.595589e+01   4.913419e-01
  2.343299e+00   2.562857e+01   4.877325e-01
  2.347988e+00   2.505964e+01   4.816455e-01
  2.352676e+00   2.550911e+01   4.854995e-01
  2.357364e+00   2.533838e+01   4.833876e-01
  2.362052e+00   2.544259e+01   4.838710e-01
  2.366741e+00   2.496856e+01   4.787984e-01
  2.371429e+00   2.506523e+01   4.792078e-01
  2.376117e+00   2.501489e+01   4.782914e-01
  2.380805e+00   2.564250e+01   4.837430e-01
  2.385493e+00   2.568509e+01   4.836290e-01
  2.390182e+00   2.600943e+01   4.861704e-01
  2.394870e+00   2.496980e+01   4.758405e-01
  2.399558e+00   2.524584e+01   4.780645e-01
  2.404246e+00   2.519657e+01   4.770894e-01
  2.408935e+00   2.541694e+01   4.786449e-01
  2.413623e+00   2.543518e+01   4.783380e-01
  2.418311e+00   2.510198e+01   4.747521e-01
  2.422999e+00   2.499007e+01   4.733036e-01
  2.427688e+00   2.527752e+01   4.753941e-01
  2.432376e+00   2.553600e+01   4.774104e-01
  2.437064e+00   2.551512e+01   4.767200e-01
  2.441752e+00   2.526600e+01   4.740622e-01
  2.446440e+00   2.565705e+01   4.770911e-01
  2.451129e+00   2.520203e+01   4.724209e-01
  2.455817e+00   2.484860e+01   4.687442e-01
  2.460505e+00   2.493922e+01   4.692079e-01
  2.465193e+00   2.516182e+01   4.706871e-01
  2.469882e+00   2.485447e+01   4.673207e-01
  2.474570e+00   2.456782e+01   4.642089e-01
  2.479258e+00   2.526924e+01   4.704076e-01
  2.483946e+00   2.493954e+01   4.668664e-01
  2.488634e+00   2.526769e+01   4.693921e-01
  2.493323e+00   2.498201e+01   4.663486e-01
  2.498011e+00   2.508419e+01   4.669144e-01
  2.502699e+00   2.484622e+01   4.642411e-01
  2.507387e+00   2.555784e+01   4.703337e-01
  2.512076e+00   2.567362e+01   4.709768e-01
  2.516764e+00   2.496156e+01   4.640316e-01
  2.521452e+00   2.525409e+01   4.663087e-01
  2.526140e+00   2.454298e+01   4.592092e-01
  2.530829e+00   2.503247e+01   4.633349e-01
  2.535517e+00   2.476128e+01   4.601994e-01
  2.540205e+00   2.529435e+01   4.642226e-01
  2.544893e+00   2.536505e+01   4.638617e-01
  2.549581e+00   2.471709e+01   4.570886e-01
  2.554270e+00   2.523279e+01   4.613939e-01
  2.558958e+00   2.507908e+01   4.595888e-01
  2.563646e+00   2.461807e+01   4.549447e-01
  2.568334e+00   2.454200e+01   4.537758e-01
  2.573023e+00   2.455326e+01   4.535085e-01
  2.577711e+00   2.476418e+01   4.550702e-01
  2.582399e+00   2.522432e+01   4.589006e-01
  2.587087e+00   2.500504e+01   4.565930e-01
  2.591776e+00   2.529365e+01   4.592848e-01
  2.596464e+00   2.507258e+01   4.574448e-01
  2.601152e+00   2.536078e+01   4.601295e-01
  2.605840e+00   2.475475e+01   4.541850e-01
  2.610528e+00   2.465540e+01   4.528723e-01
  2.615217e+00   2.524685e+01   4.579086e-01
  2.619905e+00   2.518065e+01   4.569891e-01
  2.624593e+00   2.489303e+01   4.538517e-01
  2.629281e+00   2.492978e+01   4.538176e-01
  2.633970e+00   2.526384e+01   4.564561e-01
  2.638658e+00   2.539385e+01   4.573136e-01
  2.643346e+00   2.560729e+01   4.587710e-01
  2.648034e+00   2.489112e+01   4.519623e-01
  2.652723e+00   2.423288e+01   4.455762e-01
  2.657411e+00   2.453849e+01   4.479756e-01
  2.662099e+00   2.472157e+01   4.492427e-01
  2.666787e+00   2.533744e+01   4.543347e-01
  2.671475e+00   2.599111e+01   4.597872e-01
  2.676164e+00   2.530991e+01   4.534371e-01
  2.680852e+00   2.459950e+01   4.467164e-01
  2.685540e+00   2.449212e+01   4.452252e-01
  2.690228e+00   2.541643e+01   4.531245e-01
  2.694917e+00   2.517658e+01   4.507648e-01
  2.699605e+00   2.481866e+01   4.471810e-01
  2.704293e+00   2.489514e+01   4.473227e-01
  2.708981e+00   2.501275e+01   4.480132e-01
  2.713669e+00   2.519838e+01   4.493692e-01
  2.718358e+00   2.543723e+01   4.511141e-01
  2.723046e+00   2.511257e+01   4.477965e-01
  2.727734e+00   2.500818e+01   4.464686e-01
  2.732422e+00   2.545730e+01   4.501570e-01
  2.737111e+00   2.477678e+01   4.437445e-01
  2.741799e+00   2.509911e+01   4.462123e-01
  2.746487e+00   2.550401e+01   4.493829e-01
  2.751175e+00   2.530451e+01   4.473095e-01
  2.755864e+00   2.490682e+01   4.434414e-01
  2.760552e+00   2.599332e+01   4.526140e-01
  2.765240e+00   2.541244e+01   4.471077e-01
  2.769928e+00   2.444197e+01   4.381555e-01
  2.774616e+00   2.548127e+01   4.470825e-01
  2.779305e+00   2.521662e+01   4.443544e-01
  2.783993e+00   2.488871e+01   4.410480e-01
  2.788681e+00   2.484149e+01   4.403140e-01
  2.793369e+00   2.519275e+01   4.431912e-01
  2.798058e+00   2.531867e+01   4.438321e-01
  2.802746e+00   2.466634e+01   4.378759e-01
  2.807434e+00   2.492815e+01   4.399450e-01
  2.812122e+00   2.481409e+01   4.383431e-01
  2.816811e+00   2.437248e+01   4.341342e-01
  2.821499e+00   2.546833e+01   4.433530e-01
  2.826187e+00   2.446966e+01   4.341823e-01
  2.830875e+00   2.507467e+01   4.391885e-01
  2.835563e+00   2.527237e+01   4.406144e-01
  2.840252e+00   2.521722e+01   4.396844e-01
  2.844940e+00   2.467798e+01   4.346509e-01
  2.849628e+00   2.523950e+01   4.392280e-01
  2.854316e+00   2.558121e+01   4.418734e-01
  2.859005e+00   2.492718e+01   4.435277e-01
  2.863693e+00   2.444253e+01   4.488278e-01
  2.868381e+00   2.430448e+01   4.534668e-01
  2.873069e+00   2.424780e+01   4.578484e-01
  2.877758e+00   2.483875e+01   4.674348e-01
  2.882446e+00   2.503777e+01   4.722297e-01
  2.887134e+00   2.447090e+01   4.684026e-01
  2.891822e+00   2.520391e+01   4.767535e-01
  2.896510e+00   2.460270e+01   4.723388e-01
  2.901199e+00   2.514127e+01   4.785989e-01
  2.905887e+00   2.528522e+01   4.811682e-01
  2.910575e+00   2.455672e+01   4.752319e-01
  2.915263e+00   2.483330e+01   4.788799e-01
  2.919952e+00   2.552593e+01   4.860595e-01
  2.924640e+00   2.522118e+01   4.700902e-01
  2.929328e+00   2.542323e+01   4.636273e-01
  2.934016e+00   2.477854e+01   4.524746e-01
  2.938704e+00   2.498025e+01   4.502103e-01
  2.943393e+00   2.485646e+01   4.458554e-01
  2.948081e+00   2.476756e+01   4.433234e-01
  2.952769e+00   2.433366e+01   4.383286e-01
  2.957457e+00   2.491117e+01   4.426037e-01
  2.962146e+00   2.478216e+01   4.405133e-01
  2.966834e+00   2.477651e+01   4.397810e-01
  2.971522e+00   2.440628e+01   4.356274e-01
  2.976210e+00   2.525721e+01   4.424669e-01
  2.980899e+00   2.529645e+01   4.420703e-01
  2.985587e+00   2.456307e+01   4.349549e-01
  2.990275e+00   2.507278e+01   4.388098e-01
  2.994963e+00   2.551038e+01   4.420889e-01
  2.999651e+00   2.573060e+01   4.433549e-01
  3.004340e+00   2.499040e+01   4.363424e-01
  3.009028e+00   2.501799e+01   4.360352e-01
  3.013716e+00   2.518075e+01   4.369701e-01
  3.018404e+00   2.485095e+01   4.335726e-01
  3.023093e+00   2.500963e+01   4.344034e-01
  3.027781e+00   2.485925e+01   4.325901e-01
  3.032469e+00   2.527017e+01   4.357100e-01
  3.037157e+00   2.566225e+01   4.386315e-01
  3.041846e+00   2.529814e+01   4.349571e-01
  3.046534e+00   2.495616e+01   4.315328e-01
  3.051222e+00   2.491049e+01   4.308234e-01
  3.055910e+00   2.505235e+01   4.316400e-01
  3.060598e+00   2.515328e+01   4.318774e-01
  3.065287e+00   2.526452e+01   4.324314e-01
  3.069975e+00   2.556113e+01   4.345500e-01
  3.074663e+00   2.448777e+01   4.249749e-01
  3.079351e+00   2.475211e+01   4.267791e-01
  3.084040e+00   2.496750e+01   4.281729e-01
  3.088728e+00   2.510360e+01   4.289790e-01
  3.093416e+00   2.441951e+01   4.228675e-01
  3.098104e+00   2.472751e+01   4.250637e-01
  3.102793e+00   2.496085e+01   4.266161e-01
  3.107481e+00   2.490800e+01   4.257970e-01
  3.112169e+00   2.501260e+01   4.262748e-01
  3.116857e+00   2.466705e+01   4.228956e-01
  3.121545e+00   2.440127e+01   4.201838e-01
  3.126234e+00   2.479477e+01   4.232072e-01
  3.130922e+00   2.497876e+01   4.244713e-01
  3.135610e+00   2.538781e+01   4.275419e-01
  3.140298e+00   2.540022e+01   4.274436e-01
  3.144987e+00   2.511289e+01   4.246715e-01
  3.149675e+00   2.482079e+01   4.216223e-01
  3.154363e+00   2.513887e+01   4.239904e-01
  3.159051e+00   2.504462e+01   4.227366e-01
  3.163739e+00   2.521637e+01   4.238252e-01
  3.168428e+00   2.515681e+01   4.230499e-01
  3.173116e+00   2.458430e+01   4.179285e-01
  3.177804e+00   2.442868e+01   4.161483e-01
  3.182492e+00   2.457854e+01   4.170643e-01
  3.187181e+00   2.455839e+01   4.165786e-01
  3.191869e+00   2.456673e+01   4.163187e-01
  3.196557e+00   2.467576e+01   4.168523e-01
  3.201245e+00   2.537357e+01   4.223529e-01
  3.205934e+00   2.501799e+01   4.190633e-01
  3.210622e+00   2.508969e+01   4.193935e-01
  3.215310e+00   2.461966e+01   4.150341e-01
  3.219998e+00   2.506269e+01   4.182634e-01
  3.224686e+00   2.532793e+01   4.197875e-01
  3.229375e+00   2.519724e+01   4.179195e-01
  3.234063e+00   2.495592e+01   4.153993e-01
  3.238751e+00   2.495449e+01   4.150303e-01
  3.243439e+00   2.505571e+01   4.155430e-01
  3.248128e+00   2.510944e+01   4.157123e-01
  3.252816e+00   2.466176e+01   4.116746e-01
  3.257504e+00   2.537553e+01   4.171943e-01
  3.262192e+00   2.436644e+01   4.085419e-01
  3.266881e+00   2.499364e+01   4.134589e-01
  3.271569e+00   2.491211e+01   4.124884e-01
  3.276257e+00   2.494351e+01   4.124466e-01
  3.280945e+00   2.422928e+01   4.065637e-01
  3.285633e+00   2.527115e+01   4.153570e-01
  3.290322e+00   2.437207e+01   4.078618e-01
  3.295010e+00   2.462987e+01   4.096699e-01
  3.299698e+00   2.429834e+01   4.065970e-01
  3.304386e+00   2.419544e+01   4.054191e-01
  3.309075e+00   2.510632e+01   4.127274e-01
  3.313763e+00   2.524875e+01   4.135547e-01
  3.318451e+00   2.543107e+01   4.146991e-01
  3.323139e+00   2.511759e+01   4.118711e-01
  3.327828e+00   2.471314e+01   4.082191e-01
  3.332516e+00   2.493574e+01   4.098010e-01
  3.337204e+00   2.458677e+01   4.065415e-01
  3.341892e+00   2.449660e+01   4.055973e-01
  3.346580e+00   2.555631e+01   4.139724e-01
  3.351269e+00   2.479320e+01   4.074049e-01
  3.355957e+00   2.516897e+01   4.109610e-01
  3.360645e+00   2.485150e+01   4.183570e-01
  3.365333e+00   2.416446e+01   4.190634e-01
  3.370022e+00   2.416752e+01   4.236853e-01
  3.374710e+00   2.438884e+01   4.277186e-01
  3.379398e+00   2.473616e+01   4.323612e-01
  3.384086e+00   2.467238e+01   4.332024e-01
  3.388774e+00   2.456422e+01   4.327387e-01
  3.393463e+00   2.486182e+01   4.349864e-01
  3.398151e+00   2.533279e+01   4.395148e-01
  3.402839e+00   2.527518e+01   4.399873e-01
  3.407527e+00   2.432120e+01   4.325617e-01
  3.412216e+00   2.441872e+01   4.342522e-01
  3.416904e+00   2.504912e+01   4.406444e-01
  3.421592e+00   2.393999e+01   4.316055e-01
  3.426280e+00   2.478075e+01   4.398434e-01
  3.430969e+00   2.471787e+01   4.400621e-01
  3.435657e+00   2.405301e+01   4.348302e-01
  3.440345e+00   2.429882e+01   4.376063e-01
  3.445033e+00   2.444218e+01   4.395688e-01
  3.449721e+00   2.457823e+01   4.415137e-01
  3.454410e+00   2.477377e+01   4.437675e-01
  3.459098e+00   2.472446e+01   4.439018e-01
  3.463786e+00   2.507673e+01   4.476216e-01
  3.468474e+00   2.490902e+01   4.466997e-01
  3.473163e+00   2.530935e+01   4.507573e-01
  3.477851e+00   2.499299e+01   4.484930e-01
  3.482539e+00   2.523841e+01   4.513931e-01
  3.487227e+00   2.462021e+01   4.461095e-01
  3.491916e+00   2.435870e+01   4.442604e-01
  3.496604e+00   2.436646e+01   4.447820e-01
  3.501292e+00   2.468181e+01   4.481064e-01
  3.505980e+00   2.458514e+01   4.477015e-01
  3.510668e+00   2.490814e+01   4.510804e-01
  3.515357e+00   2.447076e+01   4.474818e-01
  3.520045e+00   2.522704e+01   4.548487e-01
  3.524733e+00   2.473479e+01   4.507688e-01
  3.529421e+00   2.512318e+01   4.546751e-01
  3.534110e+00   2.509422e+01   4.548702e-01
  3.538798e+00   2.500848e+01   4.544450e-01
  3.543486e+00   2.448227e+01   4.500341e-01
  3.548174e+00   2.506540e+01   4.557649e-01
  3.552863e+00   2.496422e+01   4.551950e-01
  3.557551e+00   2.518255e+01   4.575267e-01
  3.562239e+00   2.498741e+01   4.561604e-01
  3.566927e+00   2.499309e+01   4.565622e-01
  3.571615e+00   2.519698e+01   4.587437e-01
  3.576304e+00   2.518552e+01   4.589664e-01
  3.580992e+00   2.499873e+01   4.575495e-01
  3.585680e+00   2.514590e+01   4.586270e-01
  3.590368e+00   2.519028e+01   4.585998e-01
  3.595057e+00   2.491628e+01   4.556926e-01
  3.599745e+00   2.489878e+01   4.551366e-01
  3.604433e+00   2.536295e+01   4.590828e-01
  3.609121e+00   2.478997e+01   4.543400e-01
  3.613809e+00   2.453282e+01   4.520406e-01
  3.618498e+00   2.443632e+01   4.513873e-01
  3.623186e+00   2.469285e+01   4.540734e-01
  3.627874e+00   2.513412e+01   4.583922e-01
  3.632562e+00   2.460339e+01   4.537655e-01
  3.637251e+00   2.476339e+01   4.555480e-01
  3.641939e+00   2.456632e+01   4.539903e-01
  3.646627e+00   2.529853e+01   4.610199e-01
  3.651315e+00   2.443268e+01   4.532829e-01
  3.656004e+00   2.450308e+01   4.543941e-01
  3.660692e+00   2.430495e+01   4.595430e-01
  3.665380e+00   2.459580e+01   4.788219e-01
  3.670068e+00   2.516650e+01   4.927155e-01
  3.674756e+00   2.466353e+01   4.954451e-01
  3.679445e+00   2.522127e+01   5.070081e-01
  3.684133e+00   2.402138e+01   4.981809e-01
  3.688821e+00   2.507684e+01   5.121510e-01
  3.693509e+00   2.457481e+01   5.099998e-01
  3.698198e+00   2.441782e+01   5.111480e-01
  3.702886e+00   2.430688e+01   5.127711e-01
  3.707574e+00   2.407989e+01   5.129260e-01
  3.712262e+00   2.460215e+01   5.210873e-01
  3.716951e+00   2.548609e+01   5.328857e-01
  3.721639e+00   2.495223e+01   5.297867e-01
  3.726327e+00   2.395213e+01   5.213978e-01
  3.731015e+00   2.516027e+01   5.368409e-01
  3.735703e+00   2.471522e+01   5.343817e-01
  3.740392e+00   2.421895e+01   5.313312e-01
  3.745080e+00   2.447521e+01   5.363557e-01
  3.749768e+00   2.436130e+01   5.373842e-01
  3.754456e+00   2.478815e+01   5.442950e-01
  3.759145e+00   2.420319e+01   5.400604e-01
  3.763833e+00   2.490279e+01   5.499959e-01
  3.768521e+00   2.480601e+01   5.511416e-01
  3.773209e+00   2.506283e+01   5.561479e-01
  3.777897e+00   2.492738e+01   5.568393e-01
  3.782586e+00   2.434316e+01   5.523902e-01
  3.787274e+00   2.378891e+01   5.481803e-01
  3.791962e+00   2.420819e+01   5.551070e-01
  3.796650e+00   2.461876e+01   5.619142e-01
  3.801339e+00   2.440333e+01   5.615532e-01
  3.806027e+00   2.515108e+01   5.722234e-01
  3.810715e+00   2.465216e+01   5.686301e-01
  3.815403e+00   2.488045e+01   5.733615e-01
  3.820092e+00   2.447971e+01   5.708229e-01
  3.824780e+00   2.462597e+01   5.746258e-01
  3.829468e+00   2.484246e+01   5.792781e-01
  3.834156e+00   2.582999e+01   5.927836e-01
  3.838844e+00   2.500541e+01   5.853795e-01
  3.843533e+00   2.502071e+01   5.876460e-01
  3.848221e+00   2.399051e+01   5.774689e-01
  3.852909e+00   2.437129e+01   5.841368e-01
  3.857597e+00   2.370392e+01   5.781435e-01
  3.862286e+00   2.504287e+01   5.963649e-01
  3.866974e+00   2.524586e+01   6.008877e-01
  3.871662e+00   2.437870e+01   5.926964e-01
  3.876350e+00   2.538419e+01   6.070268e-01
  3.881039e+00   2.478709e+01   6.017680e-01
  3.885727e+00   2.482461e+01   6.043419e-01
  3.890415e+00   2.449640e+01   6.023880e-01
  3.895103e+00   2.490350e+01   6.095722e-01
  3.899791e+00   2.459398e+01   6.078332e-01
  3.904480e+00   2.493040e+01   6.141605e-01
  3.909168e+00   2.469405e+01   6.133454e-01
  3.913856e+00   2.464380e+01   6.149502e-01
  3.918544e+00   2.486727e+01   6.197877e-01
  3.923233e+00   2.423523e+01   6.140668e-01
  3.927921e+00   2.470626e+01   6.220955e-01
  3.932609e+00   2.415764e+01   6.172321e-01
  3.937297e+00   2.505347e+01   6.297022e-01
  3.941986e+00   2.486760e+01   6.281509e-01
  3.946674e+00   2.491837e+01   6.294329e-01
  3.951362e+00   2.523800e+01   6.330910e-01
  3.956050e+00   2.416397e+01   6.184297e-01
  3.960738e+00   2.437121e+01   6.209137e-01
  3.965427e+00   2.471626e+01   6.260411e-01
  3.970115e+00   2.440827e+01   6.240519e-01
  3.974803e+00   2.483693e+01   6.315243e-01
  3.979491e+00   2.519200e+01   6.378031e-01
  3.984180e+00   2.511345e+01   6.389530e-01
  3.988868e+00   2.521494e+01   6.423745e-01
  3.993556e+00   2.511530e+01   6.432505e-01
  3.998244e+00   2.527754e+01   6.475279e-01
  4.002932e+00   2.489547e+01   6.448092e-01
  4.007621e+00   2.527730e+01   6.518837e-01
  4.012309e+00   2.453275e+01   6.443799e-01
  4.016997e+00   2.447907e+01   6.458609e-01
  4.021685e+00   2.446648e+01   6.479179e-01
  4.026374e+00   2.448271e+01   6.503268e-01
  4.031062e+00   2.417024e+01   6.483467e-01
  4.035750e+00   2.489546e+01   6.602308e-01
  4.040438e+00   2.399302e+01   6.503950e-01
  4.045127e+00   2.394354e+01   6.519498e-01
  4.049815e+00   2.462986e+01   6.634868e-01
  4.054503e+00   2.433846e+01   6.617988e-01
  4.059191e+00   2.406008e+01   6.603018e-01
  4.063879e+00   2.500677e+01   6.755016e-01
  4.068568e+00   2.536638e+01   6.826804e-01
  4.073256e+00   2.553849e+01   6.873477e-01
  4.077944e+00   2.458225e+01   6.767293e-01
  4.082632e+00   2.501555e+01   6.850400e-01
  4.087321e+00   2.587279e+01   6.991272e-01
  4.092009e+00   2.458874e+01   6.839411e-01
  4.096697e+00   2.457772e+01   6.861932e-01
  4.101385e+00   2.388434e+01   6.787962e-01
  4.106074e+00   2.422456e+01   6.860722e-01
  4.110762e+00   2.359697e+01   6.795517e-01
  4.115450e+00   2.418856e+01   6.904532e-01
  4.120138e+00   2.470952e+01   7.002902e-01
  4.124826e+00   2.455676e+01   7.006403e-01
  4.129515e+00   2.401974e+01   6.954696e-01
  4.134203e+00   2.563340e+01   7.209995e-01
  4.138891e+00   2.599194e+01   7.286661e-01
  4.143579e+00   2.543105e+01   7.233744e-01
  4.148268e+00   2.496962e+01   7.194378e-01
  4.152956e+00   2.445467e+01   7.145665e-01
  4.157644e+00   2.527144e+01   7.289824e-01
  4.162332e+00   2.491490e+01   7.265912e-01
  4.167021e+00   2.388141e+01   7.139876e-01
  4.171709e+00   2.476342e+01   7.296757e-01
  4.176397e+00   2.487155e+01   7.340403e-01
  4.181085e+00   2.410610e+01   7.253538e-01
  4.185773e+00   2.450430e+01   7.341324e-01
  4.190462e+00   2.464693e+01   7.391073e-01
  4.195150e+00   2.453737e+01   7.411342e-01
  4.199838e+00   2.539919e+01   7.561706e-01
  4.204526e+00   2.597674e+01   7.673651e-01
  4.209215e+00   2.530486e+01   7.603019e-01
  4.213903e+00   2.565225e+01   7.684499e-01
  4.218591e+00   2.533475e+01   7.666280e-01
  4.223279e+00   2.578809e+01   7.765076e-01
  4.227967e+00   2.576807e+01   7.791973e-01
  4.232656e+00   2.527894e+01   7.748140e-01
  4.237344e+00   2.464162e+01   7.680466e-01
  4.242032e+00   2.358092e+01   7.542877e-01
  4.246720e+00   2.456694e+01   7.729055e-01
  4.251409e+00   2.478057e+01   7.795134e-01
  4.256097e+00   2.438195e+01   7.762487e-01
  4.260785e+00   2.498947e+01   7.890316e-01
  4.265473e+00   2.416442e+01   7.798276e-01
  4.270162e+00   2.520045e+01   8.003737e-01
  4.274850e+00   2.508182e+01   8.042096e-01
  4.279538e+00   2.419645e+01   7.934367e-01
  4.284226e+00   2.474704e+01   8.023009e-01
  4.288914e+00   2.439657e+01   7.991077e-01
  4.293603e+00   2.426592e+01   8.003640e-01
  4.298291e+00   2.306815e+01   7.837940e-01
  4.302979e+00   2.366167e+01   7.970366e-01
  4.307667e+00   2.455751e+01   8.155158e-01
  4.312356e+00   2.454293e+01   8.188907e-01
  4.317044e+00   2.500604e+01   8.300278e-01
  4.321732e+00   2.488184e+01   8.316311e-01
  4.326420e+00   2.487275e+01   8.352110e-01
  4.331109e+00   2.506610e+01   8.420404e-01
  4.335797e+00   2.457563e+01   8.375130e-01
  4.340485e+00   2.518097e+01   8.523906e-01
  4.345173e+00   2.558415e+01   8.624701e-01
  4.349861e+00   2.401792e+01   8.392075e-01
  4.354550e+00   2.480490e+01   8.568034e-01
  4.359238e+00   2.508963e+01   8.656345e-01
  4.363926e+00   2.484053e+01   8.652998e-01
  4.368614e+00   2.534862e+01   8.781724e-01
  4.373303e+00   2.482108e+01   8.731500e-01
  4.377991e+00   2.416647e+01   8.655871e-01
  4.382679e+00   2.425810e+01   8.713374e-01
  4.387367e+00   2.563322e+01   9.001069e-01
  4.392056e+00   2.453353e+01   8.847884e-01
  4.396744e+00   2.432420e+01   8.852600e-01
  4.401432e+00   2.369998e+01   8.790509e-01
  4.406120e+00   2.409162e+01   8.887858e-01
  4.410808e+00   2.485934e+01   9.034638e-01
  4.415497e+00   2.411446e+01   8.904184e-01
  4.420185e+00   2.519312e+01   9.106777e-01
  4.424873e+00   2.528029e+01   9.129461e-01
  4.429561e+00   2.440102e+01   8.975419e-01
  4.434250e+00   2.538344e+01   9.160667e-01
  4.438938e+00   2.569485e+01   9.223649e-01
  4.443626e+00   2.609681e+01   9.300755e-01
  4.448314e+00   2.619885e+01   9.341213e-01
  4.453002e+00   2.598965e+01   9.348595e-01
  4.457691e+00   2.406935e+01   9.042364e-01
  4.462379e+00   2.543312e+01   9.341934e-01
  4.467067e+00   2.535970e+01   9.375985e-01
  4.471755e+00   2.533447e+01   9.419458e-01
  4.476444e+00   2.572017e+01   9.540725e-01
  4.481132e+00   2.429723e+01   9.321674e-01
  4.485820e+00   2.442892e+01   9.397041e-01
  4.490508e+00   2.456018e+01   9.472333e-01
  4.495197e+00   2.506179e+01   9.619961e-01
  4.499885e+00   2.472264e+01   9.606363e-01
  4.504573e+00   2.526850e+01   9.764884e-01
  4.509261e+00   2.513488e+01   9.793132e-01
  4.513949e+00   2.562499e+01   9.943910e-01
  4.518638e+00   2.526572e+01   9.929740e-01
  4.523326e+00   2.489590e+01   9.913208e-01
  4.528014e+00   2.481863e+01   9.954554e-01
  4.532702e+00   2.601724e+01   1.025109e+00
  4.537391e+00   2.563272e+01   1.023450e+00
  4.542079e+00   2.402526e+01   9.967749e-01
  4.546767e+00   2.442500e+01   1.011073e+00
  4.551455e+00   2.579875e+01   1.045376e+00
  4.556144e+00   2.428922e+01   1.020517e+00
  4.560832e+00   2.419558e+01   1.024816e+00
  4.565520e+00   2.486317e+01   1.045319e+00
  4.570208e+00   2.533144e+01   1.061882e+00
  4.574896e+00   2.592337e+01   1.081147e+00
  4.579585e+00   2.634982e+01   1.097011e+00
  4.584273e+00   2.523637e+01   1.080564e+00
  4.588961e+00   2.378459e+01   1.055928e+00
  4.593649e+00   2.396638e+01   1.067014e+00
  4.598338e+00   2.418878e+01   1.079352e+00
  4.603026e+00   2.445205e+01   1.092620e+00
  4.607714e+00   2.441078e+01   1.099233e+00
  4.612402e+00   2.452996e+01   1.109613e+00
  4.617091e+00   2.484146e+01   1.124532e+00
  4.621779e+00   2.414413e+01   1.116738e+00
  4.626467e+00   2.482676e+01   1.140711e+00
  4.631155e+00   2.496712e+01   1.152348e+00
  4.635843e+00   2.418820e+01   1.142682e+00
  4.640532e+00   2.411730e+01   1.149626e+00
  4.645220e+00   2.546338e+01   1.190506e+00
  4.649908e+00   2.458728e+01   1.179032e+00
  4.654596e+00   2.519629e+01   1.202943e+00
  4.659285e+00   2.491747e+01   1.205835e+00
  4.663973e+00   2.637096e+01   1.250567e+00
  4.668661e+00   2.517268e+01   1.232175e+00
  4.673349e+00   2.576731e+01   1.257103e+00
  4.678037e+00   2.515114e+01   1.252531e+00
  4.682726e+00   2.573400e+01   1.277880e+00
  4.687414e+00   2.490306e+01   1.268221e+00
  4.692102e+00   2.510189e+01   1.284878e+00
  4.696790e+00   2.431273e+01   1.275976e+00
  4.701479e+00   2.331412e+01   1.261009e+00
  4.706167e+00   2.342778e+01   1.275926e+00
  4.710855e+00   2.818939e+01   1.413363e+00
  4.715543e+00   2.425113e+01   1.323716e+00
  4.720232e+00   2.294449e+01   1.300294e+00
  4.724920e+00   2.518527e+01   1.376030e+00
  4.729608e+00   2.546070e+01   1.398070e+00
  4.734296e+00   2.435487e+01   1.381904e+00
  4.738984e+00   2.560274e+01   1.431996e+00
  4.743673e+00   2.411046e+01   1.404790e+00
  4.748361e+00   2.594434e+01   1.473760e+00
  4.753049e+00   2.451494e+01   1.449206e+00
  4.757737e+00   2.403067e+01   1.451500e+00
  4.762426e+00   2.546980e+01   1.512091e+00
  4.767114e+00   2.450050e+01   1.501458e+00
  4.771802e+00   2.546395e+01   1.550282e+00
  4.776490e+00   2.381777e+01   1.518473e+00
  4.781179e+00   2.497686e+01   1.575308e+00
  4.785867e+00   2.285208e+01   1.527475e+00
  4.790555e+00   2.416877e+01   1.592911e+00
  4.795243e+00   2.425187e+01   1.618214e+00
  4.799931e+00   2.302559e+01   1.599695e+00
  4.804620e+00   2.354529e+01   1.642574e+00
  4.809308e+00   2.570366e+01   1.742976e+00
  4.813996e+00   2.676934e+01   1.806987e+00
  4.818684e+00   2.726068e+01   1.853346e+00
  4.823373e+00   2.667590e+01   1.865711e+00
  4.828061e+00   2.389847e+01   1.797264e+00
  4.832749e+00   2.401587e+01   1.834377e+00
  4.837437e+00   2.705551e+01   1.984094e+00
  4.842125e+00   2.521720e+01   1.954047e+00
  4.846814e+00   2.604985e+01   2.026352e+00
  4.851502e+00   2.417992e+01   1.993492e+00
  4.856190e+00   2.433018e+01   2.045199e+00
  4.860878e+00   2.423067e+01   2.088677e+00
  4.865567e+00   2.426519e+01   2.140602e+00
  4.870255e+00   2.282260e+01   2.129634e+00
  4.874943e+00   2.196291e+01   2.147513e+00
  4.879631e+00   2.589620e+01   2.397664e+00
  4.884320e+00   2.563774e+01   2.456918e+00
  4.889008e+00   2.452263e+01   2.481950e+00
  4.893696e+00   2.417005e+01   2.548660e+00
  4.898384e+00   2.541692e+01   2.708575e+00
  4.903072e+00   2.540882e+01   2.816065e+00
  4.907761e+00   2.938787e+01   3.200457e+00
  4.912449e+00   2.559001e+01   4.126531e+00
  4.917137e+00   3.261095e+01   1.280621e+01
