# GI Buffer
# Sample c= 0.0 mg/ml
#
# Sample environment:
# Detector = Pilatus
# PixelSize_1 = 0.000172
# PixelSize_2 = 0.000172
#
# title = GI Buffer
# Frame 119 of 120
# Time per frame (s) = 1.0
# SampleDistance = 2.869
# WaveLength = 9.919e-11
# Normalization = 0.001062898
# DiodeCurr = 8.708537e-05
# MachCurr = 68.81833
# Mask = /data/bm29/archive/CALIBRATION/MASK/BM29/Pcon_19thNovember2015_7keV_v3.edf
#
# N 3
# L q*nm  I_GI Buffer  stddev
#
# Sample Information:
# Storage Temperature (degrees C): 20.0
# Measurement Temperature (degrees C): 20.08
# Concentration: 0.0
# Code: GIBuffer
  3.200246e-02   1.443610e+02   1.807101e+01
  3.669069e-02   4.682246e+02   1.477583e+01
  4.137892e-02   6.654279e+02   1.312172e+01
  4.606715e-02   5.731783e+02   1.008365e+01
  5.075538e-02   3.778725e+02   7.437141e+00
  5.544361e-02   2.810287e+02   5.925386e+00
  6.013183e-02   2.110446e+02   4.909309e+00
  6.482006e-02   1.624617e+02   4.132627e+00
  6.950829e-02   1.322676e+02   3.577920e+00
  7.419652e-02   1.042391e+02   3.048977e+00
  7.888475e-02   9.154401e+01   2.762154e+00
  8.357298e-02   8.180462e+01   2.533321e+00
  8.826121e-02   7.486786e+01   2.354896e+00
  9.294944e-02   6.522528e+01   2.133607e+00
  9.763767e-02   5.947931e+01   1.981271e+00
  1.023259e-01   5.347472e+01   1.833902e+00
  1.070141e-01   5.064856e+01   1.744003e+00
  1.117024e-01   4.614906e+01   1.627006e+00
  1.163906e-01   4.315586e+01   1.535263e+00
  1.210788e-01   4.160436e+01   1.477781e+00
  1.257670e-01   3.970758e+01   1.415967e+00
  1.304553e-01   3.799252e+01   1.360655e+00
  1.351435e-01   3.858212e+01   1.343549e+00
  1.398317e-01   3.804254e+01   1.311085e+00
  1.445200e-01   3.464725e+01   1.230532e+00
  1.492082e-01   3.414524e+01   1.202092e+00
  1.538964e-01   3.327744e+01   1.165827e+00
  1.585846e-01   3.294061e+01   1.141510e+00
  1.632729e-01   3.358361e+01   1.135857e+00
  1.679611e-01   3.329613e+01   1.115067e+00
  1.726493e-01   3.267027e+01   1.088170e+00
  1.773376e-01   2.984178e+01   1.024455e+00
  1.820258e-01   3.135100e+01   1.036557e+00
  1.867140e-01   3.055116e+01   1.010371e+00
  1.914022e-01   2.948941e+01   9.801267e-01
  1.960905e-01   2.959820e+01   9.682667e-01
  2.007787e-01   2.887190e+01   9.461125e-01
  2.054669e-01   3.015888e+01   9.559364e-01
  2.101552e-01   3.097819e+01   9.579808e-01
  2.148434e-01   3.009823e+01   9.321844e-01
  2.195316e-01   2.870654e+01   9.004361e-01
  2.242199e-01   2.855398e+01   8.887286e-01
  2.289081e-01   2.965361e+01   8.963937e-01
  2.335963e-01   2.868048e+01   8.716768e-01
  2.382845e-01   2.924517e+01   8.709491e-01
  2.429728e-01   2.838734e+01   8.498868e-01
  2.476610e-01   2.764603e+01   8.308146e-01
  2.523492e-01   2.753512e+01   8.209800e-01
  2.570375e-01   2.716656e+01   8.071078e-01
  2.617257e-01   2.664609e+01   7.922815e-01
  2.664139e-01   2.793927e+01   8.042057e-01
  2.711021e-01   2.810265e+01   7.995809e-01
  2.757904e-01   2.748082e+01   7.830998e-01
  2.804786e-01   2.735320e+01   7.751020e-01
  2.851668e-01   2.858467e+01   7.859356e-01
  2.898551e-01   2.810923e+01   7.726399e-01
  2.945433e-01   2.764212e+01   7.600203e-01
  2.992315e-01   2.793837e+01   7.750605e-01
  3.039197e-01   2.701669e+01   7.681898e-01
  3.086080e-01   2.657065e+01   7.640298e-01
  3.132962e-01   2.603679e+01   7.567096e-01
  3.179844e-01   2.626417e+01   7.598578e-01
  3.226727e-01   2.651871e+01   7.635096e-01
  3.273609e-01   2.745657e+01   7.760274e-01
  3.320491e-01   2.754935e+01   7.759411e-01
  3.367374e-01   2.745760e+01   7.726086e-01
  3.414256e-01   2.725552e+01   7.681962e-01
  3.461138e-01   2.717975e+01   7.655594e-01
  3.508020e-01   2.700442e+01   7.612516e-01
  3.554903e-01   2.716152e+01   7.606135e-01
  3.601785e-01   2.614210e+01   7.447788e-01
  3.648667e-01   2.691177e+01   7.611074e-01
  3.695550e-01   2.674263e+01   7.758961e-01
  3.742432e-01   2.684956e+01   7.862328e-01
  3.789314e-01   2.688878e+01   7.942370e-01
  3.836196e-01   2.662510e+01   7.953937e-01
  3.883079e-01   2.563709e+01   7.847362e-01
  3.929961e-01   2.622497e+01   8.009324e-01
  3.976843e-01   2.599684e+01   8.082778e-01
  4.023726e-01   2.587605e+01   8.143958e-01
  4.070608e-01   2.629421e+01   8.242952e-01
  4.117490e-01   2.695549e+01   8.362368e-01
  4.164372e-01   2.646294e+01   8.299531e-01
  4.211255e-01   2.674255e+01   8.359946e-01
  4.258137e-01   2.736526e+01   8.463858e-01
  4.305019e-01   2.704220e+01   8.405899e-01
  4.351902e-01   2.717918e+01   8.409787e-01
  4.398784e-01   2.697637e+01   8.368211e-01
  4.445666e-01   2.680900e+01   8.437778e-01
  4.492548e-01   2.613135e+01   8.614910e-01
  4.539431e-01   2.540278e+01   8.657444e-01
  4.586313e-01   2.515323e+01   8.744720e-01
  4.633195e-01   2.748335e+01   9.263043e-01
  4.680078e-01   2.678426e+01   9.252459e-01
  4.726960e-01   2.592404e+01   9.199971e-01
  4.773842e-01   2.626483e+01   9.352337e-01
  4.820725e-01   2.631396e+01   9.451036e-01
  4.867607e-01   2.623373e+01   9.526742e-01
  4.914489e-01   2.708118e+01   9.763893e-01
  4.961371e-01   2.669274e+01   9.773498e-01
  5.008254e-01   2.701815e+01   9.913704e-01
  5.055136e-01   2.694713e+01   9.983595e-01
  5.102018e-01   2.789176e+01   9.924138e-01
  5.148901e-01   2.667424e+01   9.366026e-01
  5.195783e-01   2.694840e+01   9.255814e-01
  5.242665e-01   2.650366e+01   9.071499e-01
  5.289547e-01   2.676499e+01   9.029458e-01
  5.336430e-01   2.607254e+01   8.834620e-01
  5.383312e-01   2.524107e+01   8.629393e-01
  5.430194e-01   2.673600e+01   8.827781e-01
  5.477077e-01   2.681819e+01   8.792256e-01
  5.523959e-01   2.685289e+01   8.748952e-01
  5.570841e-01   2.774009e+01   8.843743e-01
  5.617723e-01   2.705100e+01   8.696206e-01
  5.664606e-01   2.634512e+01   8.544323e-01
  5.711488e-01   2.704908e+01   8.623554e-01
  5.758370e-01   2.685589e+01   8.544741e-01
  5.805253e-01   2.536061e+01   8.252236e-01
  5.852135e-01   2.614840e+01   8.325765e-01
  5.899017e-01   2.597690e+01   8.240955e-01
  5.945900e-01   2.590173e+01   8.162982e-01
  5.992782e-01   2.579178e+01   8.093224e-01
  6.039664e-01   2.679984e+01   8.201420e-01
  6.086546e-01   2.640828e+01   8.092777e-01
  6.133429e-01   2.750127e+01   8.205251e-01
  6.180311e-01   2.567903e+01   7.881954e-01
  6.227193e-01   2.606520e+01   7.897262e-01
  6.274076e-01   2.493007e+01   7.691147e-01
  6.320958e-01   2.576247e+01   7.796724e-01
  6.367840e-01   2.679759e+01   7.928976e-01
  6.414722e-01   2.597096e+01   7.790030e-01
  6.461605e-01   2.605256e+01   7.784181e-01
  6.508487e-01   2.509384e+01   7.623254e-01
  6.555369e-01   2.529234e+01   7.630463e-01
  6.602252e-01   2.572071e+01   7.678514e-01
  6.649134e-01   2.635196e+01   7.755978e-01
  6.696016e-01   2.687103e+01   7.815732e-01
  6.742898e-01   2.653086e+01   7.744367e-01
  6.789781e-01   2.661716e+01   7.740086e-01
  6.836663e-01   2.619871e+01   7.662813e-01
  6.883545e-01   2.644413e+01   7.684339e-01
  6.930428e-01   2.665271e+01   7.693591e-01
  6.977310e-01   2.565359e+01   7.530866e-01
  7.024192e-01   2.648328e+01   7.636297e-01
  7.071074e-01   2.671330e+01   7.654709e-01
  7.117957e-01   2.633344e+01   7.582818e-01
  7.164839e-01   2.502461e+01   7.372829e-01
  7.211721e-01   2.639702e+01   7.557979e-01
  7.258604e-01   2.639734e+01   7.542607e-01
  7.305486e-01   2.711457e+01   7.631439e-01
  7.352368e-01   2.581517e+01   7.423396e-01
  7.399251e-01   2.649217e+01   7.507939e-01
  7.446133e-01   2.685080e+01   7.545059e-01
  7.493015e-01   2.719562e+01   7.584553e-01
  7.539897e-01   2.573537e+01   7.356719e-01
  7.586780e-01   2.576024e+01   7.341290e-01
  7.633662e-01   2.600020e+01   7.360902e-01
  7.680544e-01   2.601203e+01   7.349753e-01
  7.727427e-01   2.574686e+01   7.295605e-01
  7.774309e-01   2.538993e+01   7.228022e-01
  7.821191e-01   2.579409e+01   7.272615e-01
  7.868073e-01   2.608374e+01   7.300254e-01
  7.914956e-01   2.625654e+01   7.308723e-01
  7.961838e-01   2.679579e+01   7.366623e-01
  8.008720e-01   2.684747e+01   7.360191e-01
  8.055603e-01   2.591615e+01   7.217850e-01
  8.102485e-01   2.630992e+01   7.260331e-01
  8.149367e-01   2.574133e+01   7.163103e-01
  8.196249e-01   2.623696e+01   7.218000e-01
  8.243132e-01   2.556774e+01   7.113999e-01
  8.290014e-01   2.564747e+01   7.111869e-01
  8.336896e-01   2.622474e+01   7.174833e-01
  8.383779e-01   2.585192e+01   7.110068e-01
  8.430661e-01   2.643647e+01   7.177786e-01
  8.477543e-01   2.655482e+01   7.180657e-01
  8.524425e-01   2.587982e+01   7.074962e-01
  8.571308e-01   2.573547e+01   7.043823e-01
  8.618190e-01   2.676715e+01   7.168980e-01
  8.665072e-01   2.711618e+01   7.201321e-01
  8.711955e-01   2.625637e+01   7.073563e-01
  8.758837e-01   2.579612e+01   6.995398e-01
  8.805719e-01   2.601283e+01   7.012407e-01
  8.852602e-01   2.627123e+01   7.035882e-01
  8.899484e-01   2.554250e+01   6.926295e-01
  8.946366e-01   2.465880e+01   6.788111e-01
  8.993248e-01   2.561528e+01   6.908485e-01
  9.040131e-01   2.667249e+01   7.036731e-01
  9.087013e-01   2.717848e+01   7.092081e-01
  9.133895e-01   2.672497e+01   7.017094e-01
  9.180778e-01   2.517271e+01   6.798851e-01
  9.227660e-01   2.553171e+01   6.834350e-01
  9.274542e-01   2.536952e+01   6.802508e-01
  9.321424e-01   2.562986e+01   6.824452e-01
  9.368307e-01   2.658795e+01   6.936011e-01
  9.415189e-01   2.631869e+01   6.890113e-01
  9.462071e-01   2.573369e+01   6.802847e-01
  9.508954e-01   2.625560e+01   6.858618e-01
  9.555836e-01   2.710354e+01   6.954157e-01
  9.602718e-01   2.573764e+01   6.765811e-01
  9.649600e-01   2.541310e+01   6.712236e-01
  9.696483e-01   2.597648e+01   6.776034e-01
  9.743365e-01   2.583291e+01   6.741556e-01
  9.790247e-01   2.686983e+01   6.865636e-01
  9.837130e-01   2.629555e+01   6.780411e-01
  9.884012e-01   2.571183e+01   6.694517e-01
  9.930894e-01   2.530735e+01   6.628549e-01
  9.977777e-01   2.612470e+01   6.722813e-01
  1.002466e+00   2.602949e+01   6.700465e-01
  1.007154e+00   2.624859e+01   6.717639e-01
  1.011842e+00   2.519135e+01   6.570135e-01
  1.016531e+00   2.585729e+01   6.643074e-01
  1.021219e+00   2.593794e+01   6.642915e-01
  1.025907e+00   2.620614e+01   6.667902e-01
  1.030595e+00   2.669939e+01   6.719698e-01
  1.035283e+00   2.668869e+01   6.703377e-01
  1.039972e+00   2.615342e+01   6.626819e-01
  1.044660e+00   2.601943e+01   6.600485e-01
  1.049348e+00   2.563915e+01   6.540743e-01
  1.054036e+00   2.546846e+01   6.506535e-01
  1.058725e+00   2.471092e+01   6.399466e-01
  1.063413e+00   2.625561e+01   6.586013e-01
  1.068101e+00   2.628440e+01   6.580263e-01
  1.072789e+00   2.531213e+01   6.445297e-01
  1.077478e+00   2.587445e+01   6.505856e-01
  1.082166e+00   2.558555e+01   6.459372e-01
  1.086854e+00   2.602812e+01   6.505664e-01
  1.091542e+00   2.543633e+01   6.421575e-01
  1.096230e+00   2.599413e+01   6.478376e-01
  1.100919e+00   2.558605e+01   6.418369e-01
  1.105607e+00   2.660683e+01   6.536418e-01
  1.110295e+00   2.644584e+01   6.506408e-01
  1.114983e+00   2.608549e+01   6.451249e-01
  1.119672e+00   2.552724e+01   6.372781e-01
  1.124360e+00   2.598917e+01   6.419412e-01
  1.129048e+00   2.588671e+01   6.397120e-01
  1.133736e+00   2.553415e+01   6.341693e-01
  1.138425e+00   2.561938e+01   6.342732e-01
  1.143113e+00   2.548845e+01   6.317134e-01
  1.147801e+00   2.632391e+01   6.411778e-01
  1.152489e+00   2.562414e+01   6.314490e-01
  1.157177e+00   2.612015e+01   6.364459e-01
  1.161866e+00   2.531615e+01   6.258110e-01
  1.166554e+00   2.586329e+01   6.316160e-01
  1.171242e+00   2.527483e+01   6.233443e-01
  1.175930e+00   2.569783e+01   6.275470e-01
  1.180619e+00   2.592975e+01   6.294686e-01
  1.185307e+00   2.640248e+01   6.342601e-01
  1.189995e+00   2.578828e+01   6.260452e-01
  1.194683e+00   2.558399e+01   6.223478e-01
  1.199372e+00   2.587394e+01   6.250055e-01
  1.204060e+00   2.527567e+01   6.170645e-01
  1.208748e+00   2.479796e+01   6.107055e-01
  1.213436e+00   2.571621e+01   6.204770e-01
  1.218124e+00   2.662722e+01   6.303074e-01
  1.222813e+00   2.624366e+01   6.248670e-01
  1.227501e+00   2.601317e+01   6.213805e-01
  1.232189e+00   2.615091e+01   6.219780e-01
  1.236877e+00   2.623151e+01   6.218888e-01
  1.241566e+00   2.673656e+01   6.270980e-01
  1.246254e+00   2.644665e+01   6.228874e-01
  1.250942e+00   2.547980e+01   6.247979e-01
  1.255630e+00   2.540702e+01   6.407911e-01
  1.260318e+00   2.593212e+01   6.581912e-01
  1.265007e+00   2.578823e+01   6.650535e-01
  1.269695e+00   2.633287e+01   6.797218e-01
  1.274383e+00   2.636698e+01   6.870609e-01
  1.279071e+00   2.570941e+01   6.849830e-01
  1.283760e+00   2.499368e+01   6.813371e-01
  1.288448e+00   2.597029e+01   7.003174e-01
  1.293136e+00   2.634756e+01   7.109614e-01
  1.297824e+00   2.711252e+01   7.266200e-01
  1.302513e+00   2.698690e+01   7.292501e-01
  1.307201e+00   2.624707e+01   7.212551e-01
  1.311889e+00   2.564455e+01   7.135791e-01
  1.316577e+00   2.497830e+01   6.771829e-01
  1.321265e+00   2.605514e+01   6.744721e-01
  1.325954e+00   2.639722e+01   6.679480e-01
  1.330642e+00   2.593478e+01   6.536484e-01
  1.335330e+00   2.533354e+01   6.389719e-01
  1.340018e+00   2.600368e+01   6.413528e-01
  1.344707e+00   2.618880e+01   6.382406e-01
  1.349395e+00   2.559523e+01   6.262862e-01
  1.354083e+00   2.636421e+01   6.308051e-01
  1.358771e+00   2.618248e+01   6.244555e-01
  1.363460e+00   2.666919e+01   6.267886e-01
  1.368148e+00   2.700303e+01   6.289209e-01
  1.372836e+00   2.636110e+01   6.197159e-01
  1.377524e+00   2.573619e+01   6.109296e-01
  1.382212e+00   2.608212e+01   6.138076e-01
  1.386901e+00   2.616165e+01   6.134583e-01
  1.391589e+00   2.601280e+01   6.103550e-01
  1.396277e+00   2.560470e+01   6.042733e-01
  1.400965e+00   2.643044e+01   6.128088e-01
  1.405654e+00   2.564299e+01   6.025124e-01
  1.410342e+00   2.531455e+01   5.975328e-01
  1.415030e+00   2.609384e+01   6.053283e-01
  1.419718e+00   2.572097e+01   5.999789e-01
  1.424406e+00   2.567253e+01   5.984885e-01
  1.429095e+00   2.644908e+01   6.064053e-01
  1.433783e+00   2.714046e+01   6.129798e-01
  1.438471e+00   2.664540e+01   6.064243e-01
  1.443159e+00   2.623610e+01   6.008281e-01
  1.447848e+00   2.564966e+01   5.931025e-01
  1.452536e+00   2.618938e+01   5.981825e-01
  1.457224e+00   2.641266e+01   5.997648e-01
  1.461912e+00   2.565358e+01   5.902179e-01
  1.466601e+00   2.530195e+01   5.852677e-01
  1.471289e+00   2.493986e+01   5.800766e-01
  1.475977e+00   2.488393e+01   5.787541e-01
  1.480665e+00   2.560949e+01   5.859984e-01
  1.485353e+00   2.604704e+01   5.994002e-01
  1.490042e+00   2.605326e+01   6.178689e-01
  1.494730e+00   2.590557e+01   6.269885e-01
  1.499418e+00   2.517425e+01   6.260248e-01
  1.504106e+00   2.599213e+01   6.434683e-01
  1.508795e+00   2.563204e+01   6.457776e-01
  1.513483e+00   2.656870e+01   6.408103e-01
  1.518171e+00   2.592598e+01   6.188694e-01
  1.522859e+00   2.553526e+01   6.057541e-01
  1.527548e+00   2.578402e+01   6.021904e-01
  1.532236e+00   2.679853e+01   6.080431e-01
  1.536924e+00   2.604500e+01   5.946673e-01
  1.541612e+00   2.624536e+01   5.937989e-01
  1.546300e+00   2.654825e+01   5.957733e-01
  1.550989e+00   2.585096e+01   5.858032e-01
  1.555677e+00   2.572630e+01   5.814072e-01
  1.560365e+00   2.556843e+01   5.769118e-01
  1.565053e+00   2.576376e+01   5.764439e-01
  1.569742e+00   2.636919e+01   5.808170e-01
  1.574430e+00   2.665023e+01   5.826762e-01
  1.579118e+00   2.607321e+01   5.767642e-01
  1.583806e+00   2.609699e+01   5.776865e-01
  1.588495e+00   2.638153e+01   5.815090e-01
  1.593183e+00   2.631667e+01   5.810681e-01
  1.597871e+00   2.548764e+01   5.714895e-01
  1.602559e+00   2.510730e+01   5.663787e-01
  1.607247e+00   2.601539e+01   5.756177e-01
  1.611936e+00   2.663343e+01   5.813010e-01
  1.616624e+00   2.622392e+01   5.760036e-01
  1.621312e+00   2.592095e+01   5.718394e-01
  1.626000e+00   2.555770e+01   5.669591e-01
  1.630689e+00   2.553275e+01   5.657724e-01
  1.635377e+00   2.596922e+01   5.697430e-01
  1.640065e+00   2.548860e+01   5.636234e-01
  1.644753e+00   2.533830e+01   5.611927e-01
  1.649441e+00   2.505876e+01   5.572971e-01
  1.654130e+00   2.575059e+01   5.640348e-01
  1.658818e+00   2.559966e+01   5.615892e-01
  1.663506e+00   2.569529e+01   5.619008e-01
  1.668194e+00   2.571611e+01   5.614229e-01
  1.672883e+00   2.550857e+01   5.581859e-01
  1.677571e+00   2.640077e+01   5.671225e-01
  1.682259e+00   2.578275e+01   5.597736e-01
  1.686947e+00   2.537214e+01   5.545940e-01
  1.691636e+00   2.520400e+01   5.518505e-01
  1.696324e+00   2.588682e+01   5.585273e-01
  1.701012e+00   2.601228e+01   5.591989e-01
  1.705700e+00   2.541686e+01   5.521091e-01
  1.710388e+00   2.640041e+01   5.618560e-01
  1.715077e+00   2.602768e+01   5.570945e-01
  1.719765e+00   2.608913e+01   5.570613e-01
  1.724453e+00   2.576440e+01   5.529542e-01
  1.729141e+00   2.624693e+01   5.573699e-01
  1.733830e+00   2.610645e+01   5.550224e-01
  1.738518e+00   2.556483e+01   5.486137e-01
  1.743206e+00   2.607674e+01   5.534138e-01
  1.747894e+00   2.587948e+01   5.507335e-01
  1.752583e+00   2.539053e+01   5.449175e-01
  1.757271e+00   2.546802e+01   5.449091e-01
  1.761959e+00   2.583554e+01   5.480950e-01
  1.766647e+00   2.637125e+01   5.530576e-01
  1.771335e+00   2.633064e+01   5.518796e-01
  1.776024e+00   2.616986e+01   5.494985e-01
  1.780712e+00   2.618510e+01   5.490047e-01
  1.785400e+00   2.558385e+01   5.420685e-01
  1.790088e+00   2.513761e+01   5.366602e-01
  1.794777e+00   2.504371e+01   5.349071e-01
  1.799465e+00   2.578592e+01   5.421084e-01
  1.804153e+00   2.616429e+01   5.455585e-01
  1.808841e+00   2.595786e+01   5.427505e-01
  1.813530e+00   2.539579e+01   5.360201e-01
  1.818218e+00   2.516016e+01   5.329542e-01
  1.822906e+00   2.494108e+01   5.301076e-01
  1.827594e+00   2.588070e+01   5.393927e-01
  1.832282e+00   2.630637e+01   5.429170e-01
  1.836971e+00   2.552735e+01   5.343192e-01
  1.841659e+00   2.497609e+01   5.279826e-01
  1.846347e+00   2.529975e+01   5.307707e-01
  1.851035e+00   2.584230e+01   5.356495e-01
  1.855724e+00   2.630022e+01   5.398248e-01
  1.860412e+00   2.559493e+01   5.319887e-01
  1.865100e+00   2.508645e+01   5.260698e-01
  1.869788e+00   2.612925e+01   5.361697e-01
  1.874476e+00   2.559257e+01   5.300407e-01
  1.879165e+00   2.574675e+01   5.311061e-01
  1.883853e+00   2.488961e+01   5.215871e-01
  1.888541e+00   2.592058e+01   5.316472e-01
  1.893229e+00   2.550737e+01   5.270243e-01
  1.897918e+00   2.561528e+01   5.275205e-01
  1.902606e+00   2.630423e+01   5.337749e-01
  1.907294e+00   2.597259e+01   5.298735e-01
  1.911982e+00   2.567077e+01   5.260305e-01
  1.916671e+00   2.589174e+01   5.277637e-01
  1.921359e+00   2.624166e+01   5.307740e-01
  1.926047e+00   2.563257e+01   5.240484e-01
  1.930735e+00   2.569079e+01   5.239135e-01
  1.935423e+00   2.574236e+01   5.239034e-01
  1.940112e+00   2.523061e+01   5.180373e-01
  1.944800e+00   2.546951e+01   5.193194e-01
  1.949488e+00   2.622237e+01   5.255871e-01
  1.954176e+00   2.519283e+01   5.140275e-01
  1.958865e+00   2.523651e+01   5.133356e-01
  1.963553e+00   2.574436e+01   5.175650e-01
  1.968241e+00   2.569417e+01   5.165382e-01
  1.972929e+00   2.519823e+01   5.108876e-01
  1.977618e+00   2.488228e+01   5.072668e-01
  1.982306e+00   2.467366e+01   5.048556e-01
  1.986994e+00   2.554434e+01   5.136097e-01
  1.991682e+00   2.527923e+01   5.109774e-01
  1.996370e+00   2.476002e+01   5.058399e-01
  2.001059e+00   2.547828e+01   5.132816e-01
  2.005747e+00   2.541740e+01   5.125047e-01
  2.010435e+00   2.542092e+01   5.117117e-01
  2.015123e+00   2.596905e+01   5.166500e-01
  2.019812e+00   2.527851e+01   5.092350e-01
  2.024500e+00   2.499195e+01   5.058961e-01
  2.029188e+00   2.450066e+01   5.002837e-01
  2.033876e+00   2.467605e+01   5.015129e-01
  2.038565e+00   2.583635e+01   5.126291e-01
  2.043253e+00   2.540535e+01   5.079548e-01
  2.047941e+00   2.516660e+01   5.049805e-01
  2.052629e+00   2.501960e+01   5.047233e-01
  2.057317e+00   2.590657e+01   5.286003e-01
  2.062006e+00   2.529036e+01   5.317594e-01
  2.066694e+00   2.514682e+01   5.372978e-01
  2.071382e+00   2.565471e+01   5.485231e-01
  2.076070e+00   2.536591e+01   5.507465e-01
  2.080759e+00   2.510030e+01   5.527291e-01
  2.085447e+00   2.506609e+01   5.565989e-01
  2.090135e+00   2.537552e+01   5.621344e-01
  2.094823e+00   2.569777e+01   5.673102e-01
  2.099511e+00   2.519542e+01   5.633211e-01
  2.104200e+00   2.538339e+01   5.668855e-01
  2.108888e+00   2.592431e+01   5.741687e-01
  2.113576e+00   2.470889e+01   5.617844e-01
  2.118264e+00   2.498554e+01   5.594136e-01
  2.122953e+00   2.531335e+01   5.452420e-01
  2.127641e+00   2.532253e+01   5.363140e-01
  2.132329e+00   2.487407e+01   5.250874e-01
  2.137017e+00   2.532143e+01   5.247886e-01
  2.141706e+00   2.594166e+01   5.267787e-01
  2.146394e+00   2.539555e+01   5.173918e-01
  2.151082e+00   2.511912e+01   5.117356e-01
  2.155770e+00   2.499590e+01   5.093666e-01
  2.160458e+00   2.511466e+01   5.093919e-01
  2.165147e+00   2.492983e+01   5.064543e-01
  2.169835e+00   2.492836e+01   5.052574e-01
  2.174523e+00   2.606868e+01   5.157833e-01
  2.179211e+00   2.583184e+01   5.125221e-01
  2.183900e+00   2.474905e+01   5.007819e-01
  2.188588e+00   2.468176e+01   4.991852e-01
  2.193276e+00   2.444874e+01   4.959938e-01
  2.197964e+00   2.540796e+01   5.048912e-01
  2.202653e+00   2.528490e+01   5.028700e-01
  2.207341e+00   2.507919e+01   5.000330e-01
  2.212029e+00   2.628941e+01   5.111637e-01
  2.216717e+00   2.518114e+01   4.996180e-01
  2.221405e+00   2.581217e+01   5.050933e-01
  2.226094e+00   2.605729e+01   5.067897e-01
  2.230782e+00   2.474327e+01   4.931400e-01
  2.235470e+00   2.492830e+01   4.943238e-01
  2.240158e+00   2.557679e+01   5.000622e-01
  2.244847e+00   2.493123e+01   4.931298e-01
  2.249535e+00   2.530176e+01   4.960369e-01
  2.254223e+00   2.535490e+01   4.959150e-01
  2.258911e+00   2.445565e+01   4.865004e-01
  2.263600e+00   2.500830e+01   4.913950e-01
  2.268288e+00   2.524123e+01   4.929947e-01
  2.272976e+00   2.521070e+01   4.920536e-01
  2.277664e+00   2.521597e+01   4.915856e-01
  2.282352e+00   2.529297e+01   4.917966e-01
  2.287041e+00   2.560026e+01   4.941633e-01
  2.291729e+00   2.580280e+01   4.954220e-01
  2.296417e+00   2.522608e+01   4.893964e-01
  2.301105e+00   2.512160e+01   4.878394e-01
  2.305794e+00   2.552847e+01   4.912153e-01
  2.310482e+00   2.533867e+01   4.887109e-01
  2.315170e+00   2.527430e+01   4.876393e-01
  2.319858e+00   2.537174e+01   4.880704e-01
  2.324546e+00   2.507264e+01   4.846408e-01
  2.329235e+00   2.507429e+01   4.840086e-01
  2.333923e+00   2.556488e+01   4.882654e-01
  2.338611e+00   2.544046e+01   4.865797e-01
  2.343299e+00   2.544668e+01   4.861392e-01
  2.347988e+00   2.541593e+01   4.851976e-01
  2.352676e+00   2.514394e+01   4.821514e-01
  2.357364e+00   2.598511e+01   4.896592e-01
  2.362052e+00   2.555758e+01   4.851035e-01
  2.366741e+00   2.582878e+01   4.871172e-01
  2.371429e+00   2.565729e+01   4.849748e-01
  2.376117e+00   2.535750e+01   4.816950e-01
  2.380805e+00   2.550097e+01   4.825456e-01
  2.385493e+00   2.583085e+01   4.851396e-01
  2.390182e+00   2.491862e+01   4.760042e-01
  2.394870e+00   2.558884e+01   4.818421e-01
  2.399558e+00   2.519928e+01   4.777616e-01
  2.404246e+00   2.504231e+01   4.757644e-01
  2.408935e+00   2.556753e+01   4.801996e-01
  2.413623e+00   2.547200e+01   4.788226e-01
  2.418311e+00   2.566464e+01   4.801823e-01
  2.422999e+00   2.534291e+01   4.767710e-01
  2.427688e+00   2.524190e+01   4.751965e-01
  2.432376e+00   2.526346e+01   4.749933e-01
  2.437064e+00   2.434991e+01   4.658422e-01
  2.441752e+00   2.511283e+01   4.727598e-01
  2.446440e+00   2.533862e+01   4.742584e-01
  2.451129e+00   2.490842e+01   4.697967e-01
  2.455817e+00   2.571552e+01   4.769889e-01
  2.460505e+00   2.612265e+01   4.803504e-01
  2.465193e+00   2.538905e+01   4.729444e-01
  2.469882e+00   2.487122e+01   4.676132e-01
  2.474570e+00   2.565578e+01   4.745132e-01
  2.479258e+00   2.536795e+01   4.714618e-01
  2.483946e+00   2.530179e+01   4.703808e-01
  2.488634e+00   2.543519e+01   4.710816e-01
  2.493323e+00   2.515833e+01   4.681267e-01
  2.498011e+00   2.516854e+01   4.678340e-01
  2.502699e+00   2.506566e+01   4.664215e-01
  2.507387e+00   2.496530e+01   4.649840e-01
  2.512076e+00   2.455076e+01   4.606955e-01
  2.516764e+00   2.527033e+01   4.670277e-01
  2.521452e+00   2.558728e+01   4.695104e-01
  2.526140e+00   2.582240e+01   4.711626e-01
  2.530829e+00   2.571830e+01   4.697749e-01
  2.535517e+00   2.595311e+01   4.712809e-01
  2.540205e+00   2.536492e+01   4.650042e-01
  2.544893e+00   2.483253e+01   4.590994e-01
  2.549581e+00   2.522482e+01   4.618929e-01
  2.554270e+00   2.540622e+01   4.631108e-01
  2.558958e+00   2.487566e+01   4.578535e-01
  2.563646e+00   2.458707e+01   4.547896e-01
  2.568334e+00   2.472836e+01   4.556272e-01
  2.573023e+00   2.464639e+01   4.544992e-01
  2.577711e+00   2.461627e+01   4.538404e-01
  2.582399e+00   2.476491e+01   4.548340e-01
  2.587087e+00   2.500407e+01   4.567162e-01
  2.591776e+00   2.494059e+01   4.562000e-01
  2.596464e+00   2.518244e+01   4.585786e-01
  2.601152e+00   2.501148e+01   4.570820e-01
  2.605840e+00   2.515449e+01   4.579699e-01
  2.610528e+00   2.519030e+01   4.578908e-01
  2.615217e+00   2.509319e+01   4.566450e-01
  2.619905e+00   2.529158e+01   4.581271e-01
  2.624593e+00   2.431330e+01   4.486655e-01
  2.629281e+00   2.459204e+01   4.508635e-01
  2.633970e+00   2.479718e+01   4.523515e-01
  2.638658e+00   2.487606e+01   4.527580e-01
  2.643346e+00   2.506530e+01   4.540213e-01
  2.648034e+00   2.523571e+01   4.552115e-01
  2.652723e+00   2.572067e+01   4.591834e-01
  2.657411e+00   2.569180e+01   4.585148e-01
  2.662099e+00   2.438102e+01   4.462668e-01
  2.666787e+00   2.542232e+01   4.552268e-01
  2.671475e+00   2.515248e+01   4.524395e-01
  2.676164e+00   2.551212e+01   4.553766e-01
  2.680852e+00   2.512330e+01   4.515780e-01
  2.685540e+00   2.469760e+01   4.472184e-01
  2.690228e+00   2.486241e+01   4.482884e-01
  2.694917e+00   2.527116e+01   4.517412e-01
  2.699605e+00   2.507595e+01   4.496230e-01
  2.704293e+00   2.520829e+01   4.502575e-01
  2.708981e+00   2.539478e+01   4.515521e-01
  2.713669e+00   2.453815e+01   4.435714e-01
  2.718358e+00   2.559567e+01   4.526478e-01
  2.723046e+00   2.543657e+01   4.508064e-01
  2.727734e+00   2.504607e+01   4.469360e-01
  2.732422e+00   2.475589e+01   4.440406e-01
  2.737111e+00   2.576212e+01   4.526130e-01
  2.741799e+00   2.556687e+01   4.504813e-01
  2.746487e+00   2.436154e+01   4.393294e-01
  2.751175e+00   2.448718e+01   4.401534e-01
  2.755864e+00   2.512865e+01   4.455405e-01
  2.760552e+00   2.468688e+01   4.412206e-01
  2.765240e+00   2.445578e+01   4.387381e-01
  2.769928e+00   2.496231e+01   4.429228e-01
  2.774616e+00   2.508900e+01   4.437562e-01
  2.779305e+00   2.485191e+01   4.412569e-01
  2.783993e+00   2.496809e+01   4.418786e-01
  2.788681e+00   2.512625e+01   4.429585e-01
  2.793369e+00   2.585305e+01   4.490915e-01
  2.798058e+00   2.539009e+01   4.445862e-01
  2.802746e+00   2.508750e+01   4.417261e-01
  2.807434e+00   2.528687e+01   4.432274e-01
  2.812122e+00   2.499364e+01   4.400533e-01
  2.816811e+00   2.494770e+01   4.393544e-01
  2.821499e+00   2.510050e+01   4.402670e-01
  2.826187e+00   2.505066e+01   4.394337e-01
  2.830875e+00   2.448451e+01   4.341148e-01
  2.835563e+00   2.522330e+01   4.403138e-01
  2.840252e+00   2.480559e+01   4.362072e-01
  2.844940e+00   2.507260e+01   4.382390e-01
  2.849628e+00   2.558071e+01   4.423149e-01
  2.854316e+00   2.533837e+01   4.398983e-01
  2.859005e+00   2.577426e+01   4.511312e-01
  2.863693e+00   2.549641e+01   4.585344e-01
  2.868381e+00   2.503779e+01   4.603900e-01
  2.873069e+00   2.517430e+01   4.666485e-01
  2.877758e+00   2.510598e+01   4.700785e-01
  2.882446e+00   2.516682e+01   4.735821e-01
  2.887134e+00   2.489610e+01   4.725911e-01
  2.891822e+00   2.444632e+01   4.696695e-01
  2.896510e+00   2.545992e+01   4.806361e-01
  2.901199e+00   2.537497e+01   4.809572e-01
  2.905887e+00   2.470081e+01   4.757127e-01
  2.910575e+00   2.520910e+01   4.816423e-01
  2.915263e+00   2.479278e+01   4.786276e-01
  2.919952e+00   2.520709e+01   4.831539e-01
  2.924640e+00   2.579763e+01   4.755696e-01
  2.929328e+00   2.514872e+01   4.612508e-01
  2.934016e+00   2.489433e+01   4.536618e-01
  2.938704e+00   2.410421e+01   4.423735e-01
  2.943393e+00   2.523175e+01   4.493385e-01
  2.948081e+00   2.540162e+01   4.490921e-01
  2.952769e+00   2.498145e+01   4.442531e-01
  2.957457e+00   2.483960e+01   4.420953e-01
  2.962146e+00   2.506859e+01   4.431799e-01
  2.966834e+00   2.483831e+01   4.404566e-01
  2.971522e+00   2.514289e+01   4.422802e-01
  2.976210e+00   2.540646e+01   4.439007e-01
  2.980899e+00   2.550268e+01   4.439971e-01
  2.985587e+00   2.470731e+01   4.363563e-01
  2.990275e+00   2.454765e+01   4.343158e-01
  2.994963e+00   2.522476e+01   4.397343e-01
  2.999651e+00   2.464631e+01   4.340383e-01
  3.004340e+00   2.477940e+01   4.346221e-01
  3.009028e+00   2.464462e+01   4.328945e-01
  3.013716e+00   2.507470e+01   4.361751e-01
  3.018404e+00   2.489646e+01   4.340949e-01
  3.023093e+00   2.502829e+01   4.346912e-01
  3.027781e+00   2.469945e+01   4.313222e-01
  3.032469e+00   2.506991e+01   4.341056e-01
  3.037157e+00   2.472721e+01   4.306908e-01
  3.041846e+00   2.450386e+01   4.281984e-01
  3.046534e+00   2.484876e+01   4.307278e-01
  3.051222e+00   2.466327e+01   4.288041e-01
  3.055910e+00   2.509898e+01   4.321665e-01
  3.060598e+00   2.513926e+01   4.318819e-01
  3.065287e+00   2.558797e+01   4.353167e-01
  3.069975e+00   2.501140e+01   4.299761e-01
  3.074663e+00   2.470756e+01   4.270014e-01
  3.079351e+00   2.466486e+01   4.261495e-01
  3.084040e+00   2.440969e+01   4.234855e-01
  3.088728e+00   2.490136e+01   4.273712e-01
  3.093416e+00   2.522688e+01   4.299256e-01
  3.098104e+00   2.562112e+01   4.328013e-01
  3.102793e+00   2.547836e+01   4.311406e-01
  3.107481e+00   2.524108e+01   4.287584e-01
  3.112169e+00   2.453431e+01   4.223017e-01
  3.116857e+00   2.490035e+01   4.250136e-01
  3.121545e+00   2.512120e+01   4.264606e-01
  3.126234e+00   2.470075e+01   4.225263e-01
  3.130922e+00   2.442515e+01   4.198626e-01
  3.135610e+00   2.478833e+01   4.225861e-01
  3.140298e+00   2.482869e+01   4.227296e-01
  3.144987e+00   2.464071e+01   4.207819e-01
  3.149675e+00   2.553115e+01   4.277367e-01
  3.154363e+00   2.462988e+01   4.197976e-01
  3.159051e+00   2.474836e+01   4.203504e-01
  3.163739e+00   2.497749e+01   4.219350e-01
  3.168428e+00   2.475041e+01   4.197403e-01
  3.173116e+00   2.480031e+01   4.198820e-01
  3.177804e+00   2.503769e+01   4.214256e-01
  3.182492e+00   2.457573e+01   4.171611e-01
  3.187181e+00   2.481669e+01   4.188847e-01
  3.191869e+00   2.508419e+01   4.208019e-01
  3.196557e+00   2.524559e+01   4.217600e-01
  3.201245e+00   2.529937e+01   4.218569e-01
  3.205934e+00   2.456151e+01   4.153428e-01
  3.210622e+00   2.451900e+01   4.147163e-01
  3.215310e+00   2.461032e+01   4.150754e-01
  3.219998e+00   2.546240e+01   4.217075e-01
  3.224686e+00   2.501338e+01   4.172933e-01
  3.229375e+00   2.507170e+01   4.169977e-01
  3.234063e+00   2.454117e+01   4.120521e-01
  3.238751e+00   2.485985e+01   4.143624e-01
  3.243439e+00   2.498008e+01   4.150355e-01
  3.248128e+00   2.456502e+01   4.112998e-01
  3.252816e+00   2.532197e+01   4.172693e-01
  3.257504e+00   2.489574e+01   4.133509e-01
  3.262192e+00   2.518587e+01   4.154747e-01
  3.266881e+00   2.472919e+01   4.113848e-01
  3.271569e+00   2.506768e+01   4.138941e-01
  3.276257e+00   2.459955e+01   4.097115e-01
  3.280945e+00   2.512775e+01   4.141529e-01
  3.285633e+00   2.488543e+01   4.122942e-01
  3.290322e+00   2.477231e+01   4.113160e-01
  3.295010e+00   2.483705e+01   4.115084e-01
  3.299698e+00   2.449572e+01   4.083632e-01
  3.304386e+00   2.489051e+01   4.113202e-01
  3.309075e+00   2.497942e+01   4.118021e-01
  3.313763e+00   2.472072e+01   4.093258e-01
  3.318451e+00   2.505589e+01   4.117479e-01
  3.323139e+00   2.479095e+01   4.093026e-01
  3.327828e+00   2.519005e+01   4.122584e-01
  3.332516e+00   2.502200e+01   4.106280e-01
  3.337204e+00   2.558693e+01   4.148478e-01
  3.341892e+00   2.474089e+01   4.077325e-01
  3.346580e+00   2.461892e+01   4.064269e-01
  3.351269e+00   2.426206e+01   4.031339e-01
  3.355957e+00   2.505459e+01   4.101447e-01
  3.360645e+00   2.559865e+01   4.247221e-01
  3.365333e+00   2.517941e+01   4.278973e-01
  3.370022e+00   2.482282e+01   4.295153e-01
  3.374710e+00   2.429398e+01   4.270095e-01
  3.379398e+00   2.522287e+01   4.367202e-01
  3.384086e+00   2.506186e+01   4.367346e-01
  3.388774e+00   2.494146e+01   4.361750e-01
  3.393463e+00   2.517460e+01   4.378407e-01
  3.398151e+00   2.455330e+01   4.328251e-01
  3.402839e+00   2.515367e+01   4.390553e-01
  3.407527e+00   2.456866e+01   4.348825e-01
  3.412216e+00   2.480193e+01   4.377730e-01
  3.416904e+00   2.470699e+01   4.377514e-01
  3.421592e+00   2.452099e+01   4.369377e-01
  3.426280e+00   2.476187e+01   4.398031e-01
  3.430969e+00   2.497757e+01   4.424957e-01
  3.435657e+00   2.534349e+01   4.464715e-01
  3.440345e+00   2.538783e+01   4.474345e-01
  3.445033e+00   2.473359e+01   4.423094e-01
  3.449721e+00   2.494827e+01   4.449535e-01
  3.454410e+00   2.522808e+01   4.479476e-01
  3.459098e+00   2.498912e+01   4.464004e-01
  3.463786e+00   2.516978e+01   4.485812e-01
  3.468474e+00   2.483337e+01   4.461499e-01
  3.473163e+00   2.505022e+01   4.485735e-01
  3.477851e+00   2.493274e+01   4.480818e-01
  3.482539e+00   2.520074e+01   4.511866e-01
  3.487227e+00   2.426780e+01   4.430333e-01
  3.491916e+00   2.489472e+01   4.492516e-01
  3.496604e+00   2.548685e+01   4.550245e-01
  3.501292e+00   2.513732e+01   4.523533e-01
  3.505980e+00   2.497948e+01   4.514082e-01
  3.510668e+00   2.551842e+01   4.567049e-01
  3.515357e+00   2.523299e+01   4.545290e-01
  3.520045e+00   2.563796e+01   4.586710e-01
  3.524733e+00   2.469228e+01   4.505115e-01
  3.529421e+00   2.449520e+01   4.490865e-01
  3.534110e+00   2.469201e+01   4.513406e-01
  3.538798e+00   2.484089e+01   4.530508e-01
  3.543486e+00   2.443685e+01   4.497464e-01
  3.548174e+00   2.516768e+01   4.568259e-01
  3.552863e+00   2.482923e+01   4.540940e-01
  3.557551e+00   2.475995e+01   4.538028e-01
  3.562239e+00   2.487579e+01   4.552721e-01
  3.566927e+00   2.439272e+01   4.511757e-01
  3.571615e+00   2.488090e+01   4.559892e-01
  3.576304e+00   2.488634e+01   4.563642e-01
  3.580992e+00   2.429454e+01   4.511896e-01
  3.585680e+00   2.485980e+01   4.561424e-01
  3.590368e+00   2.510681e+01   4.579718e-01
  3.595057e+00   2.474183e+01   4.542258e-01
  3.599745e+00   2.472194e+01   4.536487e-01
  3.604433e+00   2.529088e+01   4.585627e-01
  3.609121e+00   2.488500e+01   4.553415e-01
  3.613809e+00   2.487100e+01   4.552773e-01
  3.618498e+00   2.473623e+01   4.542803e-01
  3.623186e+00   2.469743e+01   4.542468e-01
  3.627874e+00   2.542809e+01   4.611984e-01
  3.632562e+00   2.527857e+01   4.600825e-01
  3.637251e+00   2.503609e+01   4.581819e-01
  3.641939e+00   2.508325e+01   4.588747e-01
  3.646627e+00   2.446395e+01   4.534830e-01
  3.651315e+00   2.373901e+01   4.469313e-01
  3.656004e+00   2.431532e+01   4.527806e-01
  3.660692e+00   2.535203e+01   4.694732e-01
  3.665380e+00   2.520809e+01   4.848854e-01
  3.670068e+00   2.442639e+01   4.855568e-01
  3.674756e+00   2.451502e+01   4.940941e-01
  3.679445e+00   2.403079e+01   4.950408e-01
  3.684133e+00   2.463082e+01   5.046068e-01
  3.688821e+00   2.434033e+01   5.047200e-01
  3.693509e+00   2.549622e+01   5.196230e-01
  3.698198e+00   2.500934e+01   5.174518e-01
  3.702886e+00   2.440289e+01   5.139314e-01
  3.707574e+00   2.439357e+01   5.164053e-01
  3.712262e+00   2.489740e+01   5.243565e-01
  3.716951e+00   2.458495e+01   5.235315e-01
  3.721639e+00   2.485989e+01   5.289584e-01
  3.726327e+00   2.509447e+01   5.338409e-01
  3.731015e+00   2.495085e+01   5.347567e-01
  3.735703e+00   2.474245e+01   5.348307e-01
  3.740392e+00   2.406946e+01   5.298423e-01
  3.745080e+00   2.423022e+01   5.338190e-01
  3.749768e+00   2.459312e+01   5.400912e-01
  3.754456e+00   2.429384e+01   5.389966e-01
  3.759145e+00   2.410360e+01   5.391041e-01
  3.763833e+00   2.425712e+01   5.429760e-01
  3.768521e+00   2.531076e+01   5.568817e-01
  3.773209e+00   2.534222e+01   5.594009e-01
  3.777897e+00   2.484961e+01   5.561308e-01
  3.782586e+00   2.538377e+01   5.642365e-01
  3.787274e+00   2.451751e+01   5.566727e-01
  3.791962e+00   2.507911e+01   5.651674e-01
  3.796650e+00   2.458269e+01   5.616649e-01
  3.801339e+00   2.498371e+01   5.683559e-01
  3.806027e+00   2.551195e+01   5.764806e-01
  3.810715e+00   2.467579e+01   5.690673e-01
  3.815403e+00   2.416984e+01   5.652778e-01
  3.820092e+00   2.484798e+01   5.752668e-01
  3.824780e+00   2.505408e+01   5.797668e-01
  3.829468e+00   2.527547e+01   5.844738e-01
  3.834156e+00   2.373223e+01   5.683672e-01
  3.838844e+00   2.433643e+01   5.776630e-01
  3.843533e+00   2.453134e+01   5.820391e-01
  3.848221e+00   2.493016e+01   5.888395e-01
  3.852909e+00   2.490401e+01   5.906574e-01
  3.857597e+00   2.518522e+01   5.961069e-01
  3.862286e+00   2.509769e+01   5.971901e-01
  3.866974e+00   2.481095e+01   5.958617e-01
  3.871662e+00   2.488511e+01   5.989940e-01
  3.876350e+00   2.441935e+01   5.955511e-01
  3.881039e+00   2.439408e+01   5.971509e-01
  3.885727e+00   2.533202e+01   6.106635e-01
  3.890415e+00   2.450219e+01   6.026334e-01
  3.895103e+00   2.456944e+01   6.056451e-01
  3.899791e+00   2.475329e+01   6.099751e-01
  3.904480e+00   2.492218e+01   6.142368e-01
  3.909168e+00   2.472196e+01   6.138694e-01
  3.913856e+00   2.518166e+01   6.218045e-01
  3.918544e+00   2.471426e+01   6.180567e-01
  3.923233e+00   2.483450e+01   6.217923e-01
  3.927921e+00   2.417709e+01   6.155751e-01
  3.932609e+00   2.421357e+01   6.181249e-01
  3.937297e+00   2.479551e+01   6.266332e-01
  3.941986e+00   2.524868e+01   6.331286e-01
  3.946674e+00   2.418333e+01   6.202593e-01
  3.951362e+00   2.375650e+01   6.144062e-01
  3.956050e+00   2.399294e+01   6.164154e-01
  3.960738e+00   2.519111e+01   6.314544e-01
  3.965427e+00   2.481632e+01   6.274885e-01
  3.970115e+00   2.422413e+01   6.218732e-01
  3.974803e+00   2.405169e+01   6.216407e-01
  3.979491e+00   2.484432e+01   6.335697e-01
  3.984180e+00   2.454668e+01   6.318846e-01
  3.988868e+00   2.473867e+01   6.364629e-01
  3.993556e+00   2.483027e+01   6.397751e-01
  3.998244e+00   2.468018e+01   6.400160e-01
  4.002932e+00   2.417951e+01   6.356536e-01
  4.007621e+00   2.447273e+01   6.416107e-01
  4.012309e+00   2.525534e+01   6.539900e-01
  4.016997e+00   2.472316e+01   6.492609e-01
  4.021685e+00   2.435510e+01   6.466284e-01
  4.026374e+00   2.485980e+01   6.555054e-01
  4.031062e+00   2.527508e+01   6.631911e-01
  4.035750e+00   2.493729e+01   6.609762e-01
  4.040438e+00   2.382983e+01   6.483667e-01
  4.045127e+00   2.474001e+01   6.628962e-01
  4.049815e+00   2.423474e+01   6.583339e-01
  4.054503e+00   2.506500e+01   6.717983e-01
  4.059191e+00   2.484647e+01   6.712002e-01
  4.063879e+00   2.454479e+01   6.694266e-01
  4.068568e+00   2.489080e+01   6.764461e-01
  4.073256e+00   2.479941e+01   6.775245e-01
  4.077944e+00   2.520601e+01   6.854594e-01
  4.082632e+00   2.474727e+01   6.815540e-01
  4.087321e+00   2.532494e+01   6.918857e-01
  4.092009e+00   2.530014e+01   6.939651e-01
  4.096697e+00   2.449079e+01   6.851768e-01
  4.101385e+00   2.532924e+01   6.992291e-01
  4.106074e+00   2.490318e+01   6.958167e-01
  4.110762e+00   2.473113e+01   6.958922e-01
  4.115450e+00   2.525368e+01   7.056951e-01
  4.120138e+00   2.564982e+01   7.136966e-01
  4.124826e+00   2.532505e+01   7.117217e-01
  4.129515e+00   2.570447e+01   7.196545e-01
  4.134203e+00   2.497280e+01   7.118543e-01
  4.138891e+00   2.484254e+01   7.125788e-01
  4.143579e+00   2.431993e+01   7.076001e-01
  4.148268e+00   2.538635e+01   7.256262e-01
  4.152956e+00   2.471403e+01   7.185535e-01
  4.157644e+00   2.453719e+01   7.185221e-01
  4.162332e+00   2.500334e+01   7.280900e-01
  4.167021e+00   2.527069e+01   7.346743e-01
  4.171709e+00   2.380818e+01   7.156708e-01
  4.176397e+00   2.456388e+01   7.296968e-01
  4.181085e+00   2.471378e+01   7.346520e-01
  4.185773e+00   2.444414e+01   7.334428e-01
  4.190462e+00   2.481430e+01   7.418269e-01
  4.195150e+00   2.489571e+01   7.467425e-01
  4.199838e+00   2.485603e+01   7.482581e-01
  4.204526e+00   2.483676e+01   7.505555e-01
  4.209215e+00   2.552399e+01   7.638078e-01
  4.213903e+00   2.477804e+01   7.554609e-01
  4.218591e+00   2.459148e+01   7.555171e-01
  4.223279e+00   2.385257e+01   7.470150e-01
  4.227967e+00   2.427699e+01   7.565358e-01
  4.232656e+00   2.584424e+01   7.836561e-01
  4.237344e+00   2.464561e+01   7.683308e-01
  4.242032e+00   2.470295e+01   7.722478e-01
  4.246720e+00   2.431566e+01   7.691650e-01
  4.251409e+00   2.501623e+01   7.834376e-01
  4.256097e+00   2.579177e+01   7.986066e-01
  4.260785e+00   2.450953e+01   7.816443e-01
  4.265473e+00   2.367545e+01   7.721204e-01
  4.270162e+00   2.461323e+01   7.912225e-01
  4.274850e+00   2.485113e+01   8.007343e-01
  4.279538e+00   2.363329e+01   7.843758e-01
  4.284226e+00   2.456113e+01   7.995128e-01
  4.288914e+00   2.497726e+01   8.087960e-01
  4.293603e+00   2.431930e+01   8.014755e-01
  4.298291e+00   2.537928e+01   8.223578e-01
  4.302979e+00   2.506861e+01   8.206282e-01
  4.307667e+00   2.410707e+01   8.082357e-01
  4.312356e+00   2.423927e+01   8.140445e-01
  4.317044e+00   2.402848e+01   8.138773e-01
  4.321732e+00   2.353148e+01   8.089836e-01
  4.326420e+00   2.394715e+01   8.197601e-01
  4.331109e+00   2.494457e+01   8.402396e-01
  4.335797e+00   2.415346e+01   8.305287e-01
  4.340485e+00   2.504659e+01   8.503590e-01
  4.345173e+00   2.464872e+01   8.468009e-01
  4.349861e+00   2.492388e+01   8.551356e-01
  4.354550e+00   2.458772e+01   8.532910e-01
  4.359238e+00   2.388017e+01   8.447569e-01
  4.363926e+00   2.505319e+01   8.692469e-01
  4.368614e+00   2.563356e+01   8.833498e-01
  4.373303e+00   2.557883e+01   8.866343e-01
  4.377991e+00   2.519356e+01   8.840451e-01
  4.382679e+00   2.569210e+01   8.969815e-01
  4.387367e+00   2.388455e+01   8.691139e-01
  4.392056e+00   2.419563e+01   8.789284e-01
  4.396744e+00   2.467674e+01   8.919102e-01
  4.401432e+00   2.304926e+01   8.671500e-01
  4.406120e+00   2.492161e+01   9.042274e-01
  4.410808e+00   2.462173e+01   8.993960e-01
  4.415497e+00   2.434345e+01   8.948947e-01
  4.420185e+00   2.460110e+01   9.001745e-01
  4.424873e+00   2.527897e+01   9.131863e-01
  4.429561e+00   2.461899e+01   9.018026e-01
  4.434250e+00   2.501294e+01   9.096197e-01
  4.438938e+00   2.407612e+01   8.930971e-01
  4.443626e+00   2.370833e+01   8.867487e-01
  4.448314e+00   2.391962e+01   8.928222e-01
  4.453002e+00   2.401389e+01   8.988826e-01
  4.457691e+00   2.445859e+01   9.117821e-01
  4.462379e+00   2.459407e+01   9.189203e-01
  4.467067e+00   2.430564e+01   9.181718e-01
  4.471755e+00   2.583443e+01   9.514697e-01
  4.476444e+00   2.599883e+01   9.595045e-01
  4.481132e+00   2.587623e+01   9.622582e-01
  4.485820e+00   2.671030e+01   9.828879e-01
  4.490508e+00   2.661009e+01   9.862567e-01
  4.495197e+00   2.383028e+01   9.383341e-01
  4.499885e+00   2.419680e+01   9.506403e-01
  4.504573e+00   2.403580e+01   9.526471e-01
  4.509261e+00   2.643198e+01   1.004555e+00
  4.513949e+00   2.438873e+01   9.703883e-01
  4.518638e+00   2.420448e+01   9.721779e-01
  4.523326e+00   2.497246e+01   9.931306e-01
  4.528014e+00   2.554598e+01   1.010229e+00
  4.532702e+00   2.434019e+01   9.918067e-01
  4.537391e+00   2.484741e+01   1.007942e+00
  4.542079e+00   2.264425e+01   9.679831e-01
  4.546767e+00   2.314191e+01   9.844424e-01
  4.551455e+00   2.555541e+01   1.040736e+00
  4.556144e+00   2.501705e+01   1.035993e+00
  4.560832e+00   2.510005e+01   1.044097e+00
  4.565520e+00   2.586350e+01   1.066448e+00
  4.570208e+00   2.538031e+01   1.063214e+00
  4.574896e+00   2.382113e+01   1.036683e+00
  4.579585e+00   2.481793e+01   1.064953e+00
  4.584273e+00   2.473317e+01   1.070046e+00
  4.588961e+00   2.536941e+01   1.090855e+00
  4.593649e+00   2.465316e+01   1.082508e+00
  4.598338e+00   2.503640e+01   1.098419e+00
  4.603026e+00   2.506651e+01   1.106583e+00
  4.607714e+00   2.588374e+01   1.132239e+00
  4.612402e+00   2.662775e+01   1.156421e+00
  4.617091e+00   2.412415e+01   1.108497e+00
  4.621779e+00   2.546842e+01   1.147287e+00
  4.626467e+00   2.612176e+01   1.170421e+00
  4.631155e+00   2.470633e+01   1.146646e+00
  4.635843e+00   2.357350e+01   1.128395e+00
  4.640532e+00   2.439736e+01   1.156615e+00
  4.645220e+00   2.403491e+01   1.156966e+00
  4.649908e+00   2.536438e+01   1.197866e+00
  4.654596e+00   2.423406e+01   1.180091e+00
  4.659285e+00   2.464841e+01   1.199654e+00
  4.663973e+00   2.608051e+01   1.244021e+00
  4.668661e+00   2.423769e+01   1.209425e+00
  4.673349e+00   2.251827e+01   1.175519e+00
  4.678037e+00   2.508413e+01   1.251223e+00
  4.682726e+00   2.411440e+01   1.237372e+00
  4.687414e+00   2.425345e+01   1.251932e+00
  4.692102e+00   2.559787e+01   1.297884e+00
  4.696790e+00   2.509317e+01   1.296669e+00
  4.701479e+00   2.481626e+01   1.301374e+00
  4.706167e+00   2.456494e+01   1.306903e+00
  4.710855e+00   2.580037e+01   1.352538e+00
  4.715543e+00   2.395974e+01   1.316120e+00
  4.720232e+00   2.478172e+01   1.351742e+00
  4.724920e+00   2.681765e+01   1.420335e+00
  4.729608e+00   2.589033e+01   1.410225e+00
  4.734296e+00   2.429277e+01   1.380540e+00
  4.738984e+00   2.684620e+01   1.466783e+00
  4.743673e+00   2.517221e+01   1.435803e+00
  4.748361e+00   2.596009e+01   1.474633e+00
  4.753049e+00   2.688148e+01   1.517982e+00
  4.757737e+00   2.648865e+01   1.524368e+00
  4.762426e+00   2.567110e+01   1.518494e+00
  4.767114e+00   2.641333e+01   1.559419e+00
  4.771802e+00   2.544649e+01   1.550199e+00
  4.776490e+00   2.631522e+01   1.596562e+00
  4.781179e+00   2.498965e+01   1.576167e+00
  4.785867e+00   2.505761e+01   1.599951e+00
  4.790555e+00   2.442714e+01   1.601866e+00
  4.795243e+00   2.548509e+01   1.659326e+00
  4.799931e+00   2.544640e+01   1.682173e+00
  4.804620e+00   2.676100e+01   1.751660e+00
  4.809308e+00   2.418201e+01   1.691087e+00
  4.813996e+00   2.504502e+01   1.748326e+00
  4.818684e+00   2.430512e+01   1.750501e+00
  4.823373e+00   2.683474e+01   1.871798e+00
  4.828061e+00   2.649815e+01   1.893042e+00
  4.832749e+00   2.846973e+01   1.997823e+00
  4.837437e+00   2.524153e+01   1.916982e+00
  4.842125e+00   2.673741e+01   2.012666e+00
  4.846814e+00   3.013300e+01   2.180013e+00
  4.851502e+00   2.493196e+01   2.024841e+00
  4.856190e+00   2.576287e+01   2.105162e+00
  4.860878e+00   2.689191e+01   2.201026e+00
  4.865567e+00   2.276141e+01   2.073811e+00
  4.870255e+00   2.452404e+01   2.208229e+00
  4.874943e+00   2.324459e+01   2.209925e+00
  4.879631e+00   2.364577e+01   2.291779e+00
  4.884320e+00   2.405553e+01   2.380585e+00
  4.889008e+00   2.510952e+01   2.512201e+00
  4.893696e+00   2.565794e+01   2.626695e+00
  4.898384e+00   2.572232e+01   2.725587e+00
  4.903072e+00   2.546162e+01   2.819804e+00
  4.907761e+00   2.709691e+01   3.074068e+00
  4.912449e+00   2.916602e+01   4.406703e+00
  4.917137e+00   2.469842e+01   1.114807e+01
