# [1] GI
# Sample c= 1.06 mg/ml
#
# Sample environment:
# Detector = Pilatus
# PixelSize_1 = 0.000172
# PixelSize_2 = 0.000172
#
# title = [1] GI
# Frame 47 of 120
# Time per frame (s) = 1.0
# SampleDistance = 2.869
# WaveLength = 9.919e-11
# Normalization = 0.001062898
# DiodeCurr = 8.656727e-05
# MachCurr = 68.7078
# Mask = /data/bm29/archive/CALIBRATION/MASK/BM29/Pcon_19thNovember2015_7keV_v3.edf
#
# N 3
# L q*nm  I_[1] GI  stddev
#
# Sample Information:
# Storage Temperature (degrees C): 20.0
# Measurement Temperature (degrees C): 20.08
# Concentration: 1.06
# Code: GI
  3.200246e-02   1.709458e+02   1.972343e+01
  3.669069e-02   5.462859e+02   1.600776e+01
  4.137892e-02   8.591926e+02   1.495483e+01
  4.606715e-02   8.189462e+02   1.208917e+01
  5.075538e-02   6.290502e+02   9.624359e+00
  5.544361e-02   5.006524e+02   7.932412e+00
  6.013183e-02   4.119676e+02   6.879558e+00
  6.482006e-02   3.722441e+02   6.274230e+00
  6.950829e-02   3.338544e+02   5.701355e+00
  7.419652e-02   2.962589e+02   5.155492e+00
  7.888475e-02   2.752870e+02   4.804204e+00
  8.357298e-02   2.629107e+02   4.555135e+00
  8.826121e-02   2.565700e+02   4.372429e+00
  9.294944e-02   2.477924e+02   4.171059e+00
  9.763767e-02   2.387365e+02   3.981218e+00
  1.023259e-01   2.305684e+02   3.819419e+00
  1.070141e-01   2.204032e+02   3.648954e+00
  1.117024e-01   2.205669e+02   3.567580e+00
  1.163906e-01   2.174074e+02   3.456177e+00
  1.210788e-01   2.130715e+02   3.354278e+00
  1.257670e-01   2.114464e+02   3.277271e+00
  1.304553e-01   2.105855e+02   3.212988e+00
  1.351435e-01   2.058558e+02   3.112702e+00
  1.398317e-01   2.023062e+02   3.032470e+00
  1.445200e-01   1.994085e+02   2.960917e+00
  1.492082e-01   1.998411e+02   2.916828e+00
  1.538964e-01   1.947344e+02   2.828631e+00
  1.585846e-01   1.950907e+02   2.786299e+00
  1.632729e-01   1.920813e+02   2.724572e+00
  1.679611e-01   1.916581e+02   2.683264e+00
  1.726493e-01   1.899659e+02   2.631807e+00
  1.773376e-01   1.895494e+02   2.589629e+00
  1.820258e-01   1.897993e+02   2.558058e+00
  1.867140e-01   1.885897e+02   2.517803e+00
  1.914022e-01   1.839162e+02   2.455019e+00
  1.960905e-01   1.809083e+02   2.400973e+00
  2.007787e-01   1.846828e+02   2.400016e+00
  2.054669e-01   1.814924e+02   2.352049e+00
  2.101552e-01   1.832536e+02   2.336958e+00
  2.148434e-01   1.765533e+02   2.264462e+00
  2.195316e-01   1.787447e+02   2.253590e+00
  2.242199e-01   1.741470e+02   2.201352e+00
  2.289081e-01   1.731116e+02   2.172295e+00
  2.335963e-01   1.760267e+02   2.165945e+00
  2.382845e-01   1.744777e+02   2.133690e+00
  2.429728e-01   1.692021e+02   2.081121e+00
  2.476610e-01   1.704432e+02   2.069061e+00
  2.523492e-01   1.721854e+02   2.059127e+00
  2.570375e-01   1.680833e+02   2.013596e+00
  2.617257e-01   1.641442e+02   1.972293e+00
  2.664139e-01   1.636090e+02   1.951906e+00
  2.711021e-01   1.610680e+02   1.919946e+00
  2.757904e-01   1.594987e+02   1.892241e+00
  2.804786e-01   1.569003e+02   1.861926e+00
  2.851668e-01   1.564384e+02   1.844114e+00
  2.898551e-01   1.563509e+02   1.827674e+00
  2.945433e-01   1.557834e+02   1.809656e+00
  2.992315e-01   1.526154e+02   1.816896e+00
  3.039197e-01   1.528340e+02   1.832560e+00
  3.086080e-01   1.495791e+02   1.818195e+00
  3.132962e-01   1.488221e+02   1.814534e+00
  3.179844e-01   1.468618e+02   1.802190e+00
  3.226727e-01   1.435372e+02   1.781625e+00
  3.273609e-01   1.419001e+02   1.769461e+00
  3.320491e-01   1.420561e+02   1.767253e+00
  3.367374e-01   1.401597e+02   1.750796e+00
  3.414256e-01   1.407854e+02   1.751134e+00
  3.461138e-01   1.395995e+02   1.740179e+00
  3.508020e-01   1.364641e+02   1.716389e+00
  3.554903e-01   1.323876e+02   1.684250e+00
  3.601785e-01   1.320654e+02   1.678987e+00
  3.648667e-01   1.309335e+02   1.683821e+00
  3.695550e-01   1.302298e+02   1.717325e+00
  3.742432e-01   1.273469e+02   1.717404e+00
  3.789314e-01   1.264077e+02   1.727218e+00
  3.836196e-01   1.248348e+02   1.727429e+00
  3.883079e-01   1.238094e+02   1.729665e+00
  3.929961e-01   1.225642e+02   1.736665e+00
  3.976843e-01   1.201762e+02   1.743032e+00
  4.023726e-01   1.180499e+02   1.744677e+00
  4.070608e-01   1.154715e+02   1.732550e+00
  4.117490e-01   1.171423e+02   1.748471e+00
  4.164372e-01   1.149063e+02   1.734611e+00
  4.211255e-01   1.135391e+02   1.727709e+00
  4.258137e-01   1.138152e+02   1.731269e+00
  4.305019e-01   1.112388e+02   1.709965e+00
  4.351902e-01   1.098239e+02   1.695551e+00
  4.398784e-01   1.067493e+02   1.669626e+00
  4.445666e-01   1.046528e+02   1.672088e+00
  4.492548e-01   1.051355e+02   1.733167e+00
  4.539431e-01   1.022532e+02   1.742140e+00
  4.586313e-01   1.010610e+02   1.758071e+00
  4.633195e-01   1.023880e+02   1.793243e+00
  4.680078e-01   1.035508e+02   1.824693e+00
  4.726960e-01   1.005027e+02   1.816852e+00
  4.773842e-01   9.943513e+01   1.825150e+00
  4.820725e-01   9.803730e+01   1.829691e+00
  4.867607e-01   9.376050e+01   1.806426e+00
  4.914489e-01   9.195740e+01   1.804589e+00
  4.961371e-01   9.364526e+01   1.836082e+00
  5.008254e-01   9.395349e+01   1.854216e+00
  5.055136e-01   9.043524e+01   1.834406e+00
  5.102018e-01   8.912353e+01   1.779290e+00
  5.148901e-01   8.959441e+01   1.721653e+00
  5.195783e-01   8.518805e+01   1.650567e+00
  5.242665e-01   8.395600e+01   1.619376e+00
  5.289547e-01   8.413066e+01   1.605650e+00
  5.336430e-01   8.278695e+01   1.578966e+00
  5.383312e-01   8.031909e+01   1.543944e+00
  5.430194e-01   8.087730e+01   1.539971e+00
  5.477077e-01   7.886413e+01   1.512241e+00
  5.523959e-01   7.538660e+01   1.470291e+00
  5.570841e-01   7.506154e+01   1.459105e+00
  5.617723e-01   7.617213e+01   1.463632e+00
  5.664606e-01   7.555412e+01   1.451284e+00
  5.711488e-01   7.475652e+01   1.437905e+00
  5.758370e-01   7.064977e+01   1.390049e+00
  5.805253e-01   7.040697e+01   1.379099e+00
  5.852135e-01   6.958426e+01   1.362238e+00
  5.899017e-01   7.019999e+01   1.358777e+00
  5.945900e-01   6.853597e+01   1.331802e+00
  5.992782e-01   6.558767e+01   1.294457e+00
  6.039664e-01   6.579019e+01   1.288841e+00
  6.086546e-01   6.658253e+01   1.288853e+00
  6.133429e-01   6.501255e+01   1.265348e+00
  6.180311e-01   6.340573e+01   1.242237e+00
  6.227193e-01   6.310014e+01   1.232415e+00
  6.274076e-01   6.104276e+01   1.207097e+00
  6.320958e-01   5.946381e+01   1.188066e+00
  6.367840e-01   6.013357e+01   1.191306e+00
  6.414722e-01   5.903505e+01   1.178001e+00
  6.461605e-01   5.914523e+01   1.176368e+00
  6.508487e-01   5.855744e+01   1.168002e+00
  6.555369e-01   5.762198e+01   1.155171e+00
  6.602252e-01   5.628146e+01   1.139237e+00
  6.649134e-01   5.430292e+01   1.116702e+00
  6.696016e-01   5.677514e+01   1.139469e+00
  6.742898e-01   5.506670e+01   1.119053e+00
  6.789781e-01   5.327443e+01   1.098298e+00
  6.836663e-01   5.233603e+01   1.086287e+00
  6.883545e-01   5.244258e+01   1.085375e+00
  6.930428e-01   5.143655e+01   1.071988e+00
  6.977310e-01   5.087901e+01   1.063741e+00
  7.024192e-01   5.104120e+01   1.063293e+00
  7.071074e-01   5.038816e+01   1.054447e+00
  7.117957e-01   4.970295e+01   1.044873e+00
  7.164839e-01   4.815518e+01   1.025812e+00
  7.211721e-01   4.721830e+01   1.013863e+00
  7.258604e-01   4.673983e+01   1.006655e+00
  7.305486e-01   4.593531e+01   9.962632e-01
  7.352368e-01   4.557520e+01   9.892936e-01
  7.399251e-01   4.654826e+01   9.981813e-01
  7.446133e-01   4.633807e+01   9.941427e-01
  7.493015e-01   4.444465e+01   9.724919e-01
  7.539897e-01   4.354429e+01   9.597992e-01
  7.586780e-01   4.401524e+01   9.624866e-01
  7.633662e-01   4.246096e+01   9.434815e-01
  7.680544e-01   4.464838e+01   9.657933e-01
  7.727427e-01   4.207518e+01   9.354225e-01
  7.774309e-01   4.097138e+01   9.209259e-01
  7.821191e-01   4.025342e+01   9.112292e-01
  7.868073e-01   3.948300e+01   9.008529e-01
  7.914956e-01   3.936940e+01   8.976312e-01
  7.961838e-01   3.985612e+01   9.011112e-01
  8.008720e-01   4.037897e+01   9.053381e-01
  8.055603e-01   4.037801e+01   9.036303e-01
  8.102485e-01   3.925142e+01   8.894472e-01
  8.149367e-01   3.903345e+01   8.847079e-01
  8.196249e-01   3.776334e+01   8.685424e-01
  8.243132e-01   3.752551e+01   8.644237e-01
  8.290014e-01   3.685489e+01   8.550761e-01
  8.336896e-01   3.617316e+01   8.451722e-01
  8.383779e-01   3.649138e+01   8.472630e-01
  8.430661e-01   3.745635e+01   8.569338e-01
  8.477543e-01   3.544616e+01   8.320950e-01
  8.524425e-01   3.586252e+01   8.353329e-01
  8.571308e-01   3.532710e+01   8.277365e-01
  8.618190e-01   3.376238e+01   8.075484e-01
  8.665072e-01   3.404143e+01   8.092777e-01
  8.711955e-01   3.435956e+01   8.115969e-01
  8.758837e-01   3.462176e+01   8.128406e-01
  8.805719e-01   3.356773e+01   7.989692e-01
  8.852602e-01   3.392984e+01   8.019828e-01
  8.899484e-01   3.354363e+01   7.961045e-01
  8.946366e-01   3.318248e+01   7.897928e-01
  8.993248e-01   3.210647e+01   7.757562e-01
  9.040131e-01   3.157664e+01   7.679234e-01
  9.087013e-01   3.291180e+01   7.827672e-01
  9.133895e-01   3.298187e+01   7.818656e-01
  9.180778e-01   3.251550e+01   7.750176e-01
  9.227660e-01   3.197698e+01   7.671350e-01
  9.274542e-01   3.172475e+01   7.629706e-01
  9.321424e-01   3.214605e+01   7.665742e-01
  9.368307e-01   3.140131e+01   7.560264e-01
  9.415189e-01   3.026470e+01   7.410681e-01
  9.462071e-01   2.999014e+01   7.365879e-01
  9.508954e-01   3.065522e+01   7.433162e-01
  9.555836e-01   3.079193e+01   7.434395e-01
  9.602718e-01   3.093206e+01   7.439362e-01
  9.649600e-01   3.093484e+01   7.427765e-01
  9.696483e-01   3.081003e+01   7.401627e-01
  9.743365e-01   2.960632e+01   7.238715e-01
  9.790247e-01   2.985914e+01   7.259097e-01
  9.837130e-01   2.994606e+01   7.257390e-01
  9.884012e-01   2.974348e+01   7.221782e-01
  9.930894e-01   2.900411e+01   7.117388e-01
  9.977777e-01   2.959025e+01   7.176213e-01
  1.002466e+00   2.945588e+01   7.149141e-01
  1.007154e+00   2.918273e+01   7.104319e-01
  1.011842e+00   3.028320e+01   7.225123e-01
  1.016531e+00   2.950895e+01   7.117873e-01
  1.021219e+00   2.914454e+01   7.062612e-01
  1.025907e+00   2.847878e+01   6.971786e-01
  1.030595e+00   2.907078e+01   7.032716e-01
  1.035283e+00   2.874791e+01   6.977966e-01
  1.039972e+00   2.804841e+01   6.883206e-01
  1.044660e+00   2.885753e+01   6.971918e-01
  1.049348e+00   2.980043e+01   7.072651e-01
  1.054036e+00   2.830860e+01   6.880236e-01
  1.058725e+00   2.808336e+01   6.842574e-01
  1.063413e+00   2.805264e+01   6.828011e-01
  1.068101e+00   2.903665e+01   6.936864e-01
  1.072789e+00   2.892721e+01   6.910788e-01
  1.077478e+00   2.907504e+01   6.917111e-01
  1.082166e+00   2.911743e+01   6.911387e-01
  1.086854e+00   2.908978e+01   6.898206e-01
  1.091542e+00   2.801033e+01   6.758794e-01
  1.096230e+00   2.723886e+01   6.651486e-01
  1.100919e+00   2.744147e+01   6.666877e-01
  1.105607e+00   2.820037e+01   6.749418e-01
  1.110295e+00   2.887930e+01   6.819488e-01
  1.114983e+00   2.838010e+01   6.749118e-01
  1.119672e+00   2.767319e+01   6.655068e-01
  1.124360e+00   2.808252e+01   6.692877e-01
  1.129048e+00   2.844346e+01   6.725631e-01
  1.133736e+00   2.823921e+01   6.689082e-01
  1.138425e+00   2.860590e+01   6.722265e-01
  1.143113e+00   2.768857e+01   6.603808e-01
  1.147801e+00   2.819402e+01   6.655450e-01
  1.152489e+00   2.847902e+01   6.676855e-01
  1.157177e+00   2.820726e+01   6.633610e-01
  1.161866e+00   2.730155e+01   6.518291e-01
  1.166554e+00   2.734004e+01   6.513381e-01
  1.171242e+00   2.736610e+01   6.505580e-01
  1.175930e+00   2.727197e+01   6.484134e-01
  1.180619e+00   2.851370e+01   6.620601e-01
  1.185307e+00   2.689651e+01   6.420794e-01
  1.189995e+00   2.835520e+01   6.584255e-01
  1.194683e+00   2.862279e+01   6.602383e-01
  1.199372e+00   2.732726e+01   6.442379e-01
  1.204060e+00   2.722806e+01   6.423671e-01
  1.208748e+00   2.802343e+01   6.511489e-01
  1.213436e+00   2.773014e+01   6.462402e-01
  1.218124e+00   2.796690e+01   6.478992e-01
  1.222813e+00   2.774483e+01   6.444098e-01
  1.227501e+00   2.764797e+01   6.425225e-01
  1.232189e+00   2.807511e+01   6.463803e-01
  1.236877e+00   2.778496e+01   6.419508e-01
  1.241566e+00   2.861894e+01   6.507366e-01
  1.246254e+00   2.714497e+01   6.329432e-01
  1.250942e+00   2.846941e+01   6.624094e-01
  1.255630e+00   2.807922e+01   6.756595e-01
  1.260318e+00   2.763391e+01   6.814751e-01
  1.265007e+00   2.720722e+01   6.851467e-01
  1.269695e+00   2.838667e+01   7.078399e-01
  1.274383e+00   2.746215e+01   7.032796e-01
  1.279071e+00   2.729202e+01   7.078598e-01
  1.283760e+00   2.800035e+01   7.233101e-01
  1.288448e+00   2.781576e+01   7.269386e-01
  1.293136e+00   2.700300e+01   7.219008e-01
  1.297824e+00   2.700980e+01   7.274094e-01
  1.302513e+00   2.842761e+01   7.506991e-01
  1.307201e+00   2.882155e+01   7.580587e-01
  1.311889e+00   2.821543e+01   7.507297e-01
  1.316577e+00   2.793861e+01   7.183278e-01
  1.321265e+00   2.782102e+01   6.990360e-01
  1.325954e+00   2.740365e+01   6.825956e-01
  1.330642e+00   2.827119e+01   6.844956e-01
  1.335330e+00   2.778515e+01   6.711753e-01
  1.340018e+00   2.779538e+01   6.650611e-01
  1.344707e+00   2.720797e+01   6.524847e-01
  1.349395e+00   2.817729e+01   6.590809e-01
  1.354083e+00   2.796298e+01   6.515914e-01
  1.358771e+00   2.769409e+01   6.441476e-01
  1.363460e+00   2.734631e+01   6.365922e-01
  1.368148e+00   2.835090e+01   6.463518e-01
  1.372836e+00   2.700127e+01   6.290696e-01
  1.377524e+00   2.727604e+01   6.308199e-01
  1.382212e+00   2.772461e+01   6.347303e-01
  1.386901e+00   2.731468e+01   6.287041e-01
  1.391589e+00   2.687141e+01   6.222000e-01
  1.396277e+00   2.678262e+01   6.198632e-01
  1.400965e+00   2.727358e+01   6.243665e-01
  1.405654e+00   2.690038e+01   6.189514e-01
  1.410342e+00   2.756750e+01   6.254190e-01
  1.415030e+00   2.773325e+01   6.259190e-01
  1.419718e+00   2.641735e+01   6.098636e-01
  1.424406e+00   2.745816e+01   6.208018e-01
  1.429095e+00   2.800789e+01   6.258838e-01
  1.433783e+00   2.780854e+01   6.223323e-01
  1.438471e+00   2.603983e+01   6.012849e-01
  1.443159e+00   2.654723e+01   6.061860e-01
  1.447848e+00   2.667099e+01   6.066025e-01
  1.452536e+00   2.780294e+01   6.181760e-01
  1.457224e+00   2.740672e+01   6.127723e-01
  1.461912e+00   2.762812e+01   6.143414e-01
  1.466601e+00   2.652735e+01   6.010633e-01
  1.471289e+00   2.643352e+01   5.989789e-01
  1.475977e+00   2.696298e+01   6.042466e-01
  1.480665e+00   2.736141e+01   6.075205e-01
  1.485353e+00   2.775161e+01   6.205510e-01
  1.490042e+00   2.745210e+01   6.361344e-01
  1.494730e+00   2.746937e+01   6.475647e-01
  1.499418e+00   2.592039e+01   6.371325e-01
  1.504106e+00   2.737135e+01   6.622928e-01
  1.508795e+00   2.717124e+01   6.668712e-01
  1.513483e+00   2.639995e+01   6.406807e-01
  1.518171e+00   2.713734e+01   6.350542e-01
  1.522859e+00   2.730833e+01   6.283035e-01
  1.527548e+00   2.752929e+01   6.240966e-01
  1.532236e+00   2.744658e+01   6.171896e-01
  1.536924e+00   2.650430e+01   6.016802e-01
  1.541612e+00   2.702688e+01   6.043755e-01
  1.546300e+00   2.716678e+01   6.044744e-01
  1.550989e+00   2.777976e+01   6.090786e-01
  1.555677e+00   2.714945e+01   5.990568e-01
  1.560365e+00   2.638749e+01   5.878305e-01
  1.565053e+00   2.728988e+01   5.950438e-01
  1.569742e+00   2.693192e+01   5.887356e-01
  1.574430e+00   2.631820e+01   5.807652e-01
  1.579118e+00   2.662542e+01   5.845814e-01
  1.583806e+00   2.795458e+01   5.996796e-01
  1.588495e+00   2.712362e+01   5.913929e-01
  1.593183e+00   2.658416e+01   5.857589e-01
  1.597871e+00   2.623932e+01   5.815881e-01
  1.602559e+00   2.704146e+01   5.895460e-01
  1.607247e+00   2.649306e+01   5.826138e-01
  1.611936e+00   2.647335e+01   5.812831e-01
  1.616624e+00   2.738556e+01   5.903817e-01
  1.621312e+00   2.674984e+01   5.826464e-01
  1.626000e+00   2.627710e+01   5.766007e-01
  1.630689e+00   2.644617e+01   5.775241e-01
  1.635377e+00   2.618772e+01   5.738444e-01
  1.640065e+00   2.747746e+01   5.869485e-01
  1.644753e+00   2.788311e+01   5.904588e-01
  1.649441e+00   2.744591e+01   5.849806e-01
  1.654130e+00   2.716777e+01   5.810789e-01
  1.658818e+00   2.634533e+01   5.714117e-01
  1.663506e+00   2.633030e+01   5.705013e-01
  1.668194e+00   2.654303e+01   5.720823e-01
  1.672883e+00   2.679597e+01   5.738077e-01
  1.677571e+00   2.602986e+01   5.648072e-01
  1.682259e+00   2.669580e+01   5.713011e-01
  1.686947e+00   2.634983e+01   5.668673e-01
  1.691636e+00   2.743131e+01   5.774385e-01
  1.696324e+00   2.692781e+01   5.713487e-01
  1.701012e+00   2.655828e+01   5.667256e-01
  1.705700e+00   2.625009e+01   5.627624e-01
  1.710388e+00   2.608385e+01   5.601460e-01
  1.715077e+00   2.670746e+01   5.660087e-01
  1.719765e+00   2.698580e+01   5.682462e-01
  1.724453e+00   2.621648e+01   5.594510e-01
  1.729141e+00   2.562487e+01   5.523710e-01
  1.733830e+00   2.579353e+01   5.533344e-01
  1.738518e+00   2.587133e+01   5.535415e-01
  1.743206e+00   2.626682e+01   5.570868e-01
  1.747894e+00   2.605207e+01   5.542180e-01
  1.752583e+00   2.616885e+01   5.548594e-01
  1.757271e+00   2.513707e+01   5.429747e-01
  1.761959e+00   2.627662e+01   5.544055e-01
  1.766647e+00   2.619120e+01   5.528133e-01
  1.771335e+00   2.566049e+01   5.464392e-01
  1.776024e+00   2.586363e+01   5.479063e-01
  1.780712e+00   2.617075e+01   5.504942e-01
  1.785400e+00   2.592490e+01   5.473001e-01
  1.790088e+00   2.569102e+01   5.441565e-01
  1.794777e+00   2.567388e+01   5.432135e-01
  1.799465e+00   2.637383e+01   5.498916e-01
  1.804153e+00   2.605362e+01   5.460302e-01
  1.808841e+00   2.581428e+01   5.428647e-01
  1.813530e+00   2.586338e+01   5.425485e-01
  1.818218e+00   2.630745e+01   5.465983e-01
  1.822906e+00   2.524945e+01   5.349684e-01
  1.827594e+00   2.552297e+01   5.372524e-01
  1.832282e+00   2.597104e+01   5.410575e-01
  1.836971e+00   2.622967e+01   5.432379e-01
  1.841659e+00   2.548507e+01   5.349289e-01
  1.846347e+00   2.576984e+01   5.372797e-01
  1.851035e+00   2.608289e+01   5.397452e-01
  1.855724e+00   2.613852e+01   5.397708e-01
  1.860412e+00   2.619956e+01   5.398439e-01
  1.865100e+00   2.582185e+01   5.353195e-01
  1.869788e+00   2.642910e+01   5.408486e-01
  1.874476e+00   2.622133e+01   5.381153e-01
  1.879165e+00   2.612496e+01   5.365912e-01
  1.883853e+00   2.681502e+01   5.430034e-01
  1.888541e+00   2.652677e+01   5.394350e-01
  1.893229e+00   2.552578e+01   5.287898e-01
  1.897918e+00   2.539088e+01   5.267741e-01
  1.902606e+00   2.582781e+01   5.304994e-01
  1.907294e+00   2.637465e+01   5.355545e-01
  1.911982e+00   2.570238e+01   5.279272e-01
  1.916671e+00   2.606673e+01   5.311264e-01
  1.921359e+00   2.602022e+01   5.301090e-01
  1.926047e+00   2.615139e+01   5.309070e-01
  1.930735e+00   2.595367e+01   5.281605e-01
  1.935423e+00   2.547212e+01   5.227034e-01
  1.940112e+00   2.616655e+01   5.291346e-01
  1.944800e+00   2.687709e+01   5.350707e-01
  1.949488e+00   2.643190e+01   5.292596e-01
  1.954176e+00   2.496734e+01   5.132510e-01
  1.958865e+00   2.575001e+01   5.200813e-01
  1.963553e+00   2.591704e+01   5.208495e-01
  1.968241e+00   2.629725e+01   5.241265e-01
  1.972929e+00   2.551538e+01   5.156288e-01
  1.977618e+00   2.621964e+01   5.222765e-01
  1.982306e+00   2.616960e+01   5.214884e-01
  1.986994e+00   2.604621e+01   5.201803e-01
  1.991682e+00   2.570644e+01   5.168166e-01
  1.996370e+00   2.581187e+01   5.180160e-01
  2.001059e+00   2.544372e+01   5.144660e-01
  2.005747e+00   2.570576e+01   5.169437e-01
  2.010435e+00   2.628335e+01   5.218741e-01
  2.015123e+00   2.578886e+01   5.163928e-01
  2.019812e+00   2.539036e+01   5.118853e-01
  2.024500e+00   2.580451e+01   5.155904e-01
  2.029188e+00   2.597723e+01   5.166776e-01
  2.033876e+00   2.594756e+01   5.158082e-01
  2.038565e+00   2.558482e+01   5.116520e-01
  2.043253e+00   2.527166e+01   5.081304e-01
  2.047941e+00   2.540597e+01   5.088924e-01
  2.052629e+00   2.560315e+01   5.121009e-01
  2.057317e+00   2.566188e+01   5.276700e-01
  2.062006e+00   2.534622e+01   5.339371e-01
  2.066694e+00   2.591335e+01   5.470551e-01
  2.071382e+00   2.537729e+01   5.471794e-01
  2.076070e+00   2.577559e+01   5.568349e-01
  2.080759e+00   2.607170e+01   5.650064e-01
  2.085447e+00   2.566693e+01   5.649132e-01
  2.090135e+00   2.549355e+01   5.651238e-01
  2.094823e+00   2.520428e+01   5.635155e-01
  2.099511e+00   2.530428e+01   5.662235e-01
  2.104200e+00   2.598414e+01   5.752683e-01
  2.108888e+00   2.613113e+01   5.781769e-01
  2.113576e+00   2.588997e+01   5.767725e-01
  2.118264e+00   2.566171e+01   5.686266e-01
  2.122953e+00   2.615235e+01   5.558602e-01
  2.127641e+00   2.520466e+01   5.366631e-01
  2.132329e+00   2.626570e+01   5.411882e-01
  2.137017e+00   2.619832e+01   5.353931e-01
  2.141706e+00   2.595021e+01   5.284398e-01
  2.146394e+00   2.572260e+01   5.222687e-01
  2.151082e+00   2.600077e+01   5.221945e-01
  2.155770e+00   2.621158e+01   5.231647e-01
  2.160458e+00   2.521737e+01   5.119578e-01
  2.165147e+00   2.559162e+01   5.146657e-01
  2.169835e+00   2.534327e+01   5.109670e-01
  2.174523e+00   2.552341e+01   5.118855e-01
  2.179211e+00   2.539981e+01   5.097368e-01
  2.183900e+00   2.538869e+01   5.087274e-01
  2.188588e+00   2.572527e+01   5.111511e-01
  2.193276e+00   2.540284e+01   5.070898e-01
  2.197964e+00   2.533828e+01   5.057049e-01
  2.202653e+00   2.549428e+01   5.064567e-01
  2.207341e+00   2.553616e+01   5.060756e-01
  2.212029e+00   2.571299e+01   5.070393e-01
  2.216717e+00   2.471388e+01   4.964398e-01
  2.221405e+00   2.496021e+01   4.981719e-01
  2.226094e+00   2.621635e+01   5.098529e-01
  2.230782e+00   2.561998e+01   5.032999e-01
  2.235470e+00   2.554616e+01   5.019075e-01
  2.240158e+00   2.547190e+01   5.005270e-01
  2.244847e+00   2.479310e+01   4.932312e-01
  2.249535e+00   2.455985e+01   4.901705e-01
  2.254223e+00   2.575658e+01   5.013212e-01
  2.258911e+00   2.611210e+01   5.042086e-01
  2.263600e+00   2.643779e+01   5.067538e-01
  2.268288e+00   2.628238e+01   5.045627e-01
  2.272976e+00   2.583216e+01   4.995697e-01
  2.277664e+00   2.545500e+01   4.953858e-01
  2.282352e+00   2.588653e+01   4.990203e-01
  2.287041e+00   2.550037e+01   4.946720e-01
  2.291729e+00   2.533609e+01   4.923880e-01
  2.296417e+00   2.536739e+01   4.922317e-01
  2.301105e+00   2.564775e+01   4.943946e-01
  2.305794e+00   2.613082e+01   4.984617e-01
  2.310482e+00   2.597697e+01   4.963067e-01
  2.315170e+00   2.525011e+01   4.888623e-01
  2.319858e+00   2.511942e+01   4.870884e-01
  2.324546e+00   2.572658e+01   4.923872e-01
  2.329235e+00   2.473376e+01   4.821472e-01
  2.333923e+00   2.555088e+01   4.895902e-01
  2.338611e+00   2.519656e+01   4.856884e-01
  2.343299e+00   2.552267e+01   4.883192e-01
  2.347988e+00   2.576632e+01   4.899905e-01
  2.352676e+00   2.624316e+01   4.940496e-01
  2.357364e+00   2.519116e+01   4.835612e-01
  2.362052e+00   2.539137e+01   4.849682e-01
  2.366741e+00   2.603409e+01   4.905108e-01
  2.371429e+00   2.613009e+01   4.908852e-01
  2.376117e+00   2.623961e+01   4.914660e-01
  2.380805e+00   2.486109e+01   4.778768e-01
  2.385493e+00   2.522710e+01   4.808690e-01
  2.390182e+00   2.546495e+01   4.826318e-01
  2.394870e+00   2.612252e+01   4.882955e-01
  2.399558e+00   2.567257e+01   4.836683e-01
  2.404246e+00   2.528504e+01   4.794930e-01
  2.408935e+00   2.569866e+01   4.828679e-01
  2.413623e+00   2.546523e+01   4.801895e-01
  2.418311e+00   2.497896e+01   4.751399e-01
  2.422999e+00   2.501539e+01   4.750955e-01
  2.427688e+00   2.614725e+01   4.850884e-01
  2.432376e+00   2.567149e+01   4.802444e-01
  2.437064e+00   2.586962e+01   4.815938e-01
  2.441752e+00   2.567082e+01   4.794114e-01
  2.446440e+00   2.540401e+01   4.762889e-01
  2.451129e+00   2.595329e+01   4.809821e-01
  2.455817e+00   2.488039e+01   4.705816e-01
  2.460505e+00   2.534323e+01   4.745438e-01
  2.465193e+00   2.553883e+01   4.757547e-01
  2.469882e+00   2.461138e+01   4.665541e-01
  2.474570e+00   2.537234e+01   4.732948e-01
  2.479258e+00   2.548100e+01   4.739231e-01
  2.483946e+00   2.582562e+01   4.766451e-01
  2.488634e+00   2.530589e+01   4.712867e-01
  2.493323e+00   2.527377e+01   4.706016e-01
  2.498011e+00   2.460889e+01   4.639857e-01
  2.502699e+00   2.464369e+01   4.638607e-01
  2.507387e+00   2.513455e+01   4.679515e-01
  2.512076e+00   2.511324e+01   4.673355e-01
  2.516764e+00   2.514456e+01   4.672561e-01
  2.521452e+00   2.505172e+01   4.659591e-01
  2.526140e+00   2.553827e+01   4.699634e-01
  2.530829e+00   2.527556e+01   4.671054e-01
  2.535517e+00   2.497928e+01   4.637360e-01
  2.540205e+00   2.516932e+01   4.645919e-01
  2.544893e+00   2.516265e+01   4.635218e-01
  2.549581e+00   2.462658e+01   4.577465e-01
  2.554270e+00   2.511589e+01   4.618329e-01
  2.558958e+00   2.573639e+01   4.670988e-01
  2.563646e+00   2.592855e+01   4.684272e-01
  2.568334e+00   2.561347e+01   4.650952e-01
  2.573023e+00   2.508030e+01   4.598525e-01
  2.577711e+00   2.469451e+01   4.559194e-01
  2.582399e+00   2.497673e+01   4.581399e-01
  2.587087e+00   2.535465e+01   4.612811e-01
  2.591776e+00   2.549478e+01   4.626188e-01
  2.596464e+00   2.500850e+01   4.583576e-01
  2.601152e+00   2.538934e+01   4.618978e-01
  2.605840e+00   2.548132e+01   4.623126e-01
  2.610528e+00   2.586495e+01   4.653684e-01
  2.615217e+00   2.575913e+01   4.640472e-01
  2.619905e+00   2.513228e+01   4.580466e-01
  2.624593e+00   2.603923e+01   4.657046e-01
  2.629281e+00   2.544446e+01   4.599813e-01
  2.633970e+00   2.529026e+01   4.581918e-01
  2.638658e+00   2.517037e+01   4.567894e-01
  2.643346e+00   2.539619e+01   4.583738e-01
  2.648034e+00   2.579657e+01   4.616175e-01
  2.652723e+00   2.548289e+01   4.584216e-01
  2.657411e+00   2.542259e+01   4.574690e-01
  2.662099e+00   2.601481e+01   4.623540e-01
  2.666787e+00   2.555260e+01   4.577554e-01
  2.671475e+00   2.546617e+01   4.566122e-01
  2.676164e+00   2.525430e+01   4.544235e-01
  2.680852e+00   2.521033e+01   4.537111e-01
  2.685540e+00   2.555481e+01   4.562725e-01
  2.690228e+00   2.566703e+01   4.568456e-01
  2.694917e+00   2.522388e+01   4.526670e-01
  2.699605e+00   2.519677e+01   4.520516e-01
  2.704293e+00   2.520224e+01   4.515487e-01
  2.708981e+00   2.598448e+01   4.581297e-01
  2.713669e+00   2.502340e+01   4.492742e-01
  2.718358e+00   2.473378e+01   4.462911e-01
  2.723046e+00   2.480956e+01   4.465458e-01
  2.727734e+00   2.515647e+01   4.492582e-01
  2.732422e+00   2.525270e+01   4.498141e-01
  2.737111e+00   2.532062e+01   4.500587e-01
  2.741799e+00   2.530006e+01   4.494635e-01
  2.746487e+00   2.573412e+01   4.528853e-01
  2.751175e+00   2.590378e+01   4.540587e-01
  2.755864e+00   2.564175e+01   4.514112e-01
  2.760552e+00   2.491545e+01   4.445830e-01
  2.765240e+00   2.544813e+01   4.488883e-01
  2.769928e+00   2.511350e+01   4.455897e-01
  2.774616e+00   2.545219e+01   4.482920e-01
  2.779305e+00   2.472647e+01   4.414570e-01
  2.783993e+00   2.534623e+01   4.465424e-01
  2.788681e+00   2.546864e+01   4.472989e-01
  2.793369e+00   2.511267e+01   4.439368e-01
  2.798058e+00   2.531837e+01   4.452844e-01
  2.802746e+00   2.535338e+01   4.453875e-01
  2.807434e+00   2.561252e+01   4.474051e-01
  2.812122e+00   2.564086e+01   4.470465e-01
  2.816811e+00   2.544192e+01   4.450106e-01
  2.821499e+00   2.574531e+01   4.472185e-01
  2.826187e+00   2.556149e+01   4.452179e-01
  2.830875e+00   2.571074e+01   4.461819e-01
  2.835563e+00   2.489182e+01   4.387179e-01
  2.840252e+00   2.489963e+01   4.383391e-01
  2.844940e+00   2.569836e+01   4.449998e-01
  2.849628e+00   2.584263e+01   4.459019e-01
  2.854316e+00   2.566079e+01   4.440109e-01
  2.859005e+00   2.526922e+01   4.480242e-01
  2.863693e+00   2.545380e+01   4.595200e-01
  2.868381e+00   2.518719e+01   4.631413e-01
  2.873069e+00   2.452607e+01   4.619776e-01
  2.877758e+00   2.515495e+01   4.719427e-01
  2.882446e+00   2.524317e+01   4.757170e-01
  2.887134e+00   2.479749e+01   4.730636e-01
  2.891822e+00   2.544367e+01   4.805861e-01
  2.896510e+00   2.497507e+01   4.774599e-01
  2.901199e+00   2.479826e+01   4.768809e-01
  2.905887e+00   2.499938e+01   4.800091e-01
  2.910575e+00   2.482709e+01   4.794073e-01
  2.915263e+00   2.533327e+01   4.852621e-01
  2.919952e+00   2.611269e+01   4.932258e-01
  2.924640e+00   2.556659e+01   4.748498e-01
  2.929328e+00   2.601713e+01   4.705487e-01
  2.934016e+00   2.539519e+01   4.595719e-01
  2.938704e+00   2.498293e+01   4.517103e-01
  2.943393e+00   2.537602e+01   4.519678e-01
  2.948081e+00   2.482287e+01   4.452731e-01
  2.952769e+00   2.500912e+01   4.458272e-01
  2.957457e+00   2.495884e+01   4.444793e-01
  2.962146e+00   2.520211e+01   4.456864e-01
  2.966834e+00   2.524199e+01   4.453480e-01
  2.971522e+00   2.520364e+01   4.441375e-01
  2.976210e+00   2.491683e+01   4.409160e-01
  2.980899e+00   2.517969e+01   4.424947e-01
  2.985587e+00   2.535333e+01   4.433450e-01
  2.990275e+00   2.477671e+01   4.376413e-01
  2.994963e+00   2.466730e+01   4.361474e-01
  2.999651e+00   2.539443e+01   4.418930e-01
  3.004340e+00   2.551962e+01   4.423839e-01
  3.009028e+00   2.507718e+01   4.379819e-01
  3.013716e+00   2.540714e+01   4.403689e-01
  3.018404e+00   2.614628e+01   4.461867e-01
  3.023093e+00   2.624619e+01   4.464719e-01
  3.027781e+00   2.568985e+01   4.411992e-01
  3.032469e+00   2.472132e+01   4.323651e-01
  3.037157e+00   2.524672e+01   4.364919e-01
  3.041846e+00   2.514808e+01   4.350868e-01
  3.046534e+00   2.524844e+01   4.354754e-01
  3.051222e+00   2.526217e+01   4.352760e-01
  3.055910e+00   2.484907e+01   4.312944e-01
  3.060598e+00   2.485582e+01   4.307234e-01
  3.065287e+00   2.476056e+01   4.295003e-01
  3.069975e+00   2.537145e+01   4.343538e-01
  3.074663e+00   2.558826e+01   4.358434e-01
  3.079351e+00   2.589894e+01   4.379851e-01
  3.084040e+00   2.515461e+01   4.311833e-01
  3.088728e+00   2.559752e+01   4.345987e-01
  3.093416e+00   2.540077e+01   4.326938e-01
  3.098104e+00   2.519815e+01   4.304965e-01
  3.102793e+00   2.523563e+01   4.303640e-01
  3.107481e+00   2.474096e+01   4.257579e-01
  3.112169e+00   2.525676e+01   4.297545e-01
  3.116857e+00   2.554936e+01   4.318033e-01
  3.121545e+00   2.469348e+01   4.240778e-01
  3.126234e+00   2.471741e+01   4.239316e-01
  3.130922e+00   2.467135e+01   4.232342e-01
  3.135610e+00   2.505783e+01   4.261467e-01
  3.140298e+00   2.508348e+01   4.261626e-01
  3.144987e+00   2.562174e+01   4.303586e-01
  3.149675e+00   2.516304e+01   4.259108e-01
  3.154363e+00   2.494746e+01   4.237578e-01
  3.159051e+00   2.550562e+01   4.280081e-01
  3.163739e+00   2.501706e+01   4.235309e-01
  3.168428e+00   2.486421e+01   4.219612e-01
  3.173116e+00   2.517265e+01   4.242862e-01
  3.177804e+00   2.547069e+01   4.263241e-01
  3.182492e+00   2.497917e+01   4.218280e-01
  3.187181e+00   2.495524e+01   4.213075e-01
  3.191869e+00   2.499079e+01   4.212728e-01
  3.196557e+00   2.430367e+01   4.150537e-01
  3.201245e+00   2.487515e+01   4.195550e-01
  3.205934e+00   2.552600e+01   4.246843e-01
  3.210622e+00   2.502173e+01   4.201981e-01
  3.215310e+00   2.487435e+01   4.185429e-01
  3.219998e+00   2.573096e+01   4.251923e-01
  3.224686e+00   2.536666e+01   4.214855e-01
  3.229375e+00   2.475321e+01   4.155787e-01
  3.234063e+00   2.438916e+01   4.120014e-01
  3.238751e+00   2.471047e+01   4.143500e-01
  3.243439e+00   2.439446e+01   4.113672e-01
  3.248128e+00   2.454726e+01   4.123796e-01
  3.252816e+00   2.482661e+01   4.144023e-01
  3.257504e+00   2.523891e+01   4.174336e-01
  3.262192e+00   2.555142e+01   4.197294e-01
  3.266881e+00   2.488251e+01   4.138911e-01
  3.271569e+00   2.544168e+01   4.182161e-01
  3.276257e+00   2.494023e+01   4.137714e-01
  3.280945e+00   2.529103e+01   4.167379e-01
  3.285633e+00   2.455479e+01   4.107698e-01
  3.290322e+00   2.489205e+01   4.135408e-01
  3.295010e+00   2.495397e+01   4.137083e-01
  3.299698e+00   2.493787e+01   4.132634e-01
  3.304386e+00   2.512642e+01   4.144996e-01
  3.309075e+00   2.458051e+01   4.097213e-01
  3.313763e+00   2.461924e+01   4.097054e-01
  3.318451e+00   2.542602e+01   4.160173e-01
  3.323139e+00   2.470370e+01   4.098026e-01
  3.327828e+00   2.453019e+01   4.080385e-01
  3.332516e+00   2.438857e+01   4.066085e-01
  3.337204e+00   2.511508e+01   4.122330e-01
  3.341892e+00   2.526633e+01   4.132706e-01
  3.346580e+00   2.511340e+01   4.117148e-01
  3.351269e+00   2.529455e+01   4.128524e-01
  3.355957e+00   2.506382e+01   4.114460e-01
  3.360645e+00   2.534459e+01   4.238720e-01
  3.365333e+00   2.545959e+01   4.315570e-01
  3.370022e+00   2.512092e+01   4.333777e-01
  3.374710e+00   2.483849e+01   4.330585e-01
  3.379398e+00   2.477853e+01   4.341498e-01
  3.384086e+00   2.562279e+01   4.429145e-01
  3.388774e+00   2.498061e+01   4.378216e-01
  3.393463e+00   2.579804e+01   4.445534e-01
  3.398151e+00   2.577029e+01   4.447469e-01
  3.402839e+00   2.577446e+01   4.457682e-01
  3.407527e+00   2.479117e+01   4.381526e-01
  3.412216e+00   2.520754e+01   4.426568e-01
  3.416904e+00   2.543539e+01   4.454845e-01
  3.421592e+00   2.447250e+01   4.378098e-01
  3.426280e+00   2.521514e+01   4.451362e-01
  3.430969e+00   2.535719e+01   4.471779e-01
  3.435657e+00   2.546165e+01   4.488483e-01
  3.440345e+00   2.534123e+01   4.483593e-01
  3.445033e+00   2.493776e+01   4.454583e-01
  3.449721e+00   2.448431e+01   4.421139e-01
  3.454410e+00   2.471735e+01   4.447150e-01
  3.459098e+00   2.489908e+01   4.469268e-01
  3.463786e+00   2.468118e+01   4.455330e-01
  3.468474e+00   2.494503e+01   4.484879e-01
  3.473163e+00   2.436485e+01   4.437164e-01
  3.477851e+00   2.499478e+01   4.499794e-01
  3.482539e+00   2.456528e+01   4.467927e-01
  3.487227e+00   2.510427e+01   4.519503e-01
  3.491916e+00   2.487143e+01   4.503832e-01
  3.496604e+00   2.495701e+01   4.516154e-01
  3.501292e+00   2.526327e+01   4.548403e-01
  3.505980e+00   2.500157e+01   4.529572e-01
  3.510668e+00   2.500598e+01   4.534470e-01
  3.515357e+00   2.523724e+01   4.559255e-01
  3.520045e+00   2.489821e+01   4.533559e-01
  3.524733e+00   2.542771e+01   4.585373e-01
  3.529421e+00   2.448730e+01   4.503558e-01
  3.534110e+00   2.457215e+01   4.515891e-01
  3.538798e+00   2.424762e+01   4.489455e-01
  3.543486e+00   2.477649e+01   4.542143e-01
  3.548174e+00   2.447015e+01   4.517968e-01
  3.552863e+00   2.481065e+01   4.552804e-01
  3.557551e+00   2.462312e+01   4.538993e-01
  3.562239e+00   2.498815e+01   4.576627e-01
  3.566927e+00   2.427689e+01   4.514481e-01
  3.571615e+00   2.423293e+01   4.513569e-01
  3.576304e+00   2.463375e+01   4.553990e-01
  3.580992e+00   2.526764e+01   4.615118e-01
  3.585680e+00   2.508274e+01   4.595522e-01
  3.590368e+00   2.473346e+01   4.559122e-01
  3.595057e+00   2.453277e+01   4.536542e-01
  3.599745e+00   2.551206e+01   4.622179e-01
  3.604433e+00   2.534312e+01   4.604077e-01
  3.609121e+00   2.495525e+01   4.573463e-01
  3.613809e+00   2.456107e+01   4.537835e-01
  3.618498e+00   2.464695e+01   4.548146e-01
  3.623186e+00   2.476538e+01   4.562304e-01
  3.627874e+00   2.476489e+01   4.565045e-01
  3.632562e+00   2.402035e+01   4.498264e-01
  3.637251e+00   2.504817e+01   4.596619e-01
  3.641939e+00   2.502619e+01   4.597221e-01
  3.646627e+00   2.445537e+01   4.547582e-01
  3.651315e+00   2.504974e+01   4.604757e-01
  3.656004e+00   2.537594e+01   4.639325e-01
  3.660692e+00   2.462465e+01   4.640719e-01
  3.665380e+00   2.526109e+01   4.868451e-01
  3.670068e+00   2.500026e+01   4.926953e-01
  3.674756e+00   2.416330e+01   4.920026e-01
  3.679445e+00   2.444238e+01   5.007541e-01
  3.684133e+00   2.469193e+01   5.067421e-01
  3.688821e+00   2.510721e+01   5.141410e-01
  3.693509e+00   2.453498e+01   5.112568e-01
  3.698198e+00   2.454876e+01   5.141967e-01
  3.702886e+00   2.499076e+01   5.216390e-01
  3.707574e+00   2.484797e+01   5.227503e-01
  3.712262e+00   2.505861e+01   5.276232e-01
  3.716951e+00   2.439749e+01   5.230901e-01
  3.721639e+00   2.456883e+01   5.274241e-01
  3.726327e+00   2.407530e+01   5.244505e-01
  3.731015e+00   2.455278e+01   5.320588e-01
  3.735703e+00   2.538352e+01   5.433337e-01
  3.740392e+00   2.539014e+01   5.458102e-01
  3.745080e+00   2.486305e+01   5.423607e-01
  3.749768e+00   2.528567e+01   5.492794e-01
  3.754456e+00   2.449589e+01   5.428505e-01
  3.759145e+00   2.477187e+01   5.481593e-01
  3.763833e+00   2.510189e+01   5.540003e-01
  3.768521e+00   2.432325e+01   5.475413e-01
  3.773209e+00   2.420504e+01   5.483394e-01
  3.777897e+00   2.488167e+01   5.581522e-01
  3.782586e+00   2.461539e+01   5.572911e-01
  3.787274e+00   2.499244e+01   5.637180e-01
  3.791962e+00   2.521088e+01   5.683435e-01
  3.796650e+00   2.508394e+01   5.690575e-01
  3.801339e+00   2.443419e+01   5.637502e-01
  3.806027e+00   2.416824e+01   5.627702e-01
  3.810715e+00   2.523854e+01   5.772393e-01
  3.815403e+00   2.489472e+01   5.754061e-01
  3.820092e+00   2.437974e+01   5.715236e-01
  3.824780e+00   2.487918e+01   5.794659e-01
  3.829468e+00   2.468100e+01   5.792853e-01
  3.834156e+00   2.491555e+01   5.841047e-01
  3.838844e+00   2.534632e+01   5.912884e-01
  3.843533e+00   2.519239e+01   5.915917e-01
  3.848221e+00   2.490087e+01   5.902520e-01
  3.852909e+00   2.472484e+01   5.902873e-01
  3.857597e+00   2.511312e+01   5.970316e-01
  3.862286e+00   2.558956e+01   6.048154e-01
  3.866974e+00   2.502346e+01   6.001962e-01
  3.871662e+00   2.507701e+01   6.030956e-01
  3.876350e+00   2.472537e+01   6.010617e-01
  3.881039e+00   2.516040e+01   6.082700e-01
  3.885727e+00   2.490437e+01   6.072962e-01
  3.890415e+00   2.495964e+01   6.100502e-01
  3.895103e+00   2.500656e+01   6.128345e-01
  3.899791e+00   2.499967e+01   6.148349e-01
  3.904480e+00   2.522538e+01   6.198084e-01
  3.909168e+00   2.464989e+01   6.148055e-01
  3.913856e+00   2.459385e+01   6.163405e-01
  3.918544e+00   2.417016e+01   6.130416e-01
  3.923233e+00   2.393503e+01   6.122521e-01
  3.927921e+00   2.520312e+01   6.303794e-01
  3.932609e+00   2.520269e+01   6.325079e-01
  3.937297e+00   2.484600e+01   6.291451e-01
  3.941986e+00   2.442475e+01   6.245734e-01
  3.946674e+00   2.490745e+01   6.313580e-01
  3.951362e+00   2.492904e+01   6.312667e-01
  3.956050e+00   2.517175e+01   6.332631e-01
  3.960738e+00   2.501468e+01   6.311194e-01
  3.965427e+00   2.410660e+01   6.202986e-01
  3.970115e+00   2.495895e+01   6.331208e-01
  3.974803e+00   2.563859e+01   6.437385e-01
  3.979491e+00   2.515210e+01   6.393870e-01
  3.984180e+00   2.570432e+01   6.485451e-01
  3.988868e+00   2.536611e+01   6.464093e-01
  3.993556e+00   2.608176e+01   6.576589e-01
  3.998244e+00   2.608334e+01   6.599243e-01
  4.002932e+00   2.462770e+01   6.434345e-01
  4.007621e+00   2.506670e+01   6.512905e-01
  4.012309e+00   2.503277e+01   6.530472e-01
  4.016997e+00   2.481834e+01   6.524531e-01
  4.021685e+00   2.584411e+01   6.680921e-01
  4.026374e+00   2.492032e+01   6.582638e-01
  4.031062e+00   2.501184e+01   6.616998e-01
  4.035750e+00   2.535306e+01   6.684548e-01
  4.040438e+00   2.479256e+01   6.633103e-01
  4.045127e+00   2.510199e+01   6.697233e-01
  4.049815e+00   2.450117e+01   6.639206e-01
  4.054503e+00   2.513960e+01   6.748076e-01
  4.059191e+00   2.403635e+01   6.621398e-01
  4.063879e+00   2.433449e+01   6.685441e-01
  4.068568e+00   2.461469e+01   6.746936e-01
  4.073256e+00   2.489654e+01   6.808785e-01
  4.077944e+00   2.479890e+01   6.819330e-01
  4.082632e+00   2.510416e+01   6.885020e-01
  4.087321e+00   2.431964e+01   6.800399e-01
  4.092009e+00   2.490463e+01   6.905768e-01
  4.096697e+00   2.628140e+01   7.119036e-01
  4.101385e+00   2.468242e+01   6.923060e-01
  4.106074e+00   2.442954e+01   6.912274e-01
  4.110762e+00   2.383029e+01   6.851416e-01
  4.115450e+00   2.423552e+01   6.933886e-01
  4.120138e+00   2.544859e+01   7.130157e-01
  4.124826e+00   2.512643e+01   7.110435e-01
  4.129515e+00   2.503199e+01   7.123002e-01
  4.134203e+00   2.480426e+01   7.115679e-01
  4.138891e+00   2.511934e+01   7.186784e-01
  4.143579e+00   2.520726e+01   7.225456e-01
  4.148268e+00   2.451849e+01   7.152460e-01
  4.152956e+00   2.398172e+01   7.099428e-01
  4.157644e+00   2.407075e+01   7.137863e-01
  4.162332e+00   2.607305e+01   7.457235e-01
  4.167021e+00   2.498261e+01   7.326575e-01
  4.171709e+00   2.369600e+01   7.161160e-01
  4.176397e+00   2.476181e+01   7.348201e-01
  4.181085e+00   2.466617e+01   7.361369e-01
  4.185773e+00   2.483278e+01   7.414593e-01
  4.190462e+00   2.546132e+01   7.536815e-01
  4.195150e+00   2.434858e+01   7.406978e-01
  4.199838e+00   2.519129e+01   7.555383e-01
  4.204526e+00   2.410287e+01   7.415927e-01
  4.209215e+00   2.442883e+01   7.494746e-01
  4.213903e+00   2.481106e+01   7.582227e-01
  4.218591e+00   2.498881e+01   7.638718e-01
  4.223279e+00   2.492138e+01   7.658496e-01
  4.227967e+00   2.459738e+01   7.637872e-01
  4.232656e+00   2.389690e+01   7.558056e-01
  4.237344e+00   2.535315e+01   7.816099e-01
  4.242032e+00   2.581120e+01   7.917390e-01
  4.246720e+00   2.634897e+01   8.030712e-01
  4.251409e+00   2.481571e+01   7.826231e-01
  4.256097e+00   2.366515e+01   7.672602e-01
  4.260785e+00   2.482385e+01   7.889906e-01
  4.265473e+00   2.502101e+01   7.961302e-01
  4.270162e+00   2.472357e+01   7.953634e-01
  4.274850e+00   2.485907e+01   8.032551e-01
  4.279538e+00   2.573381e+01   8.209370e-01
  4.284226e+00   2.476127e+01   8.051624e-01
  4.288914e+00   2.564344e+01   8.219594e-01
  4.293603e+00   2.478426e+01   8.115186e-01
  4.298291e+00   2.400105e+01   8.021066e-01
  4.302979e+00   2.414890e+01   8.078405e-01
  4.307667e+00   2.482344e+01   8.226072e-01
  4.312356e+00   2.586945e+01   8.434858e-01
  4.317044e+00   2.564779e+01   8.433669e-01
  4.321732e+00   2.538505e+01   8.427519e-01
  4.326420e+00   2.578337e+01   8.531502e-01
  4.331109e+00   2.444210e+01   8.342193e-01
  4.335797e+00   2.424887e+01   8.346537e-01
  4.340485e+00   2.517102e+01   8.550159e-01
  4.345173e+00   2.539353e+01   8.620678e-01
  4.349861e+00   2.519489e+01   8.623413e-01
  4.354550e+00   2.543238e+01   8.704169e-01
  4.359238e+00   2.457302e+01   8.594845e-01
  4.363926e+00   2.499860e+01   8.708940e-01
  4.368614e+00   2.476300e+01   8.708146e-01
  4.373303e+00   2.597048e+01   8.960658e-01
  4.377991e+00   2.493895e+01   8.821949e-01
  4.382679e+00   2.467295e+01   8.816374e-01
  4.387367e+00   2.454590e+01   8.836968e-01
  4.392056e+00   2.463366e+01   8.894984e-01
  4.396744e+00   2.533678e+01   9.064600e-01
  4.401432e+00   2.428597e+01   8.927690e-01
  4.406120e+00   2.740206e+01   9.509922e-01
  4.410808e+00   2.557367e+01   9.193566e-01
  4.415497e+00   2.476259e+01   9.052628e-01
  4.420185e+00   2.587897e+01   9.260164e-01
  4.424873e+00   2.528577e+01   9.160382e-01
  4.429561e+00   2.483668e+01   9.084873e-01
  4.434250e+00   2.506958e+01   9.133698e-01
  4.438938e+00   2.481307e+01   9.093716e-01
  4.443626e+00   2.397613e+01   8.944075e-01
  4.448314e+00   2.415545e+01   8.998936e-01
  4.453002e+00   2.481384e+01   9.164618e-01
  4.457691e+00   2.552523e+01   9.342349e-01
  4.462379e+00   2.575370e+01   9.431440e-01
  4.467067e+00   2.553783e+01   9.439702e-01
  4.471755e+00   2.457977e+01   9.308512e-01
  4.476444e+00   2.496479e+01   9.430393e-01
  4.481132e+00   2.550244e+01   9.581372e-01
  4.485820e+00   2.623106e+01   9.769408e-01
  4.490508e+00   2.541489e+01   9.667333e-01
  4.495197e+00   2.497721e+01   9.635196e-01
  4.499885e+00   2.552766e+01   9.793512e-01
  4.504573e+00   2.525376e+01   9.794036e-01
  4.509261e+00   2.543769e+01   9.884244e-01
  4.513949e+00   2.393897e+01   9.642716e-01
  4.518638e+00   2.549108e+01   1.000662e+00
  4.523326e+00   2.629637e+01   1.022161e+00
  4.528014e+00   2.543272e+01   1.010999e+00
  4.532702e+00   2.543910e+01   1.016978e+00
  4.537391e+00   2.488735e+01   1.011766e+00
  4.542079e+00   2.555815e+01   1.031452e+00
  4.546767e+00   2.555880e+01   1.037664e+00
  4.551455e+00   2.408494e+01   1.013369e+00
  4.556144e+00   2.459252e+01   1.030235e+00
  4.560832e+00   2.525274e+01   1.050397e+00
  4.565520e+00   2.511176e+01   1.053975e+00
  4.570208e+00   2.572626e+01   1.073634e+00
  4.574896e+00   2.614789e+01   1.089378e+00
  4.579585e+00   2.498821e+01   1.071793e+00
  4.584273e+00   2.448086e+01   1.067755e+00
  4.588961e+00   2.441315e+01   1.073296e+00
  4.593649e+00   2.543631e+01   1.102852e+00
  4.598338e+00   2.473699e+01   1.095093e+00
  4.603026e+00   2.588361e+01   1.127834e+00
  4.607714e+00   2.545681e+01   1.126217e+00
  4.612402e+00   2.624962e+01   1.151611e+00
  4.617091e+00   2.746605e+01   1.186321e+00
  4.621779e+00   2.457399e+01   1.130329e+00
  4.626467e+00   2.466120e+01   1.140628e+00
  4.631155e+00   2.642305e+01   1.189357e+00
  4.635843e+00   2.435938e+01   1.150477e+00
  4.640532e+00   2.456159e+01   1.163970e+00
  4.645220e+00   2.345921e+01   1.146441e+00
  4.649908e+00   2.314790e+01   1.147750e+00
  4.654596e+00   2.547615e+01   1.213570e+00
  4.659285e+00   2.612872e+01   1.238843e+00
  4.663973e+00   2.450931e+01   1.209570e+00
  4.668661e+00   2.523752e+01   1.237805e+00
  4.673349e+00   2.488184e+01   1.239365e+00
  4.678037e+00   2.466840e+01   1.244519e+00
  4.682726e+00   2.672834e+01   1.306604e+00
  4.687414e+00   2.439911e+01   1.259439e+00
  4.692102e+00   2.427408e+01   1.267655e+00
  4.696790e+00   2.502349e+01   1.298736e+00
  4.701479e+00   2.513789e+01   1.313694e+00
  4.706167e+00   2.392130e+01   1.293522e+00
  4.710855e+00   2.342160e+01   1.292530e+00
  4.715543e+00   2.482084e+01   1.343563e+00
  4.720232e+00   2.684963e+01   1.411214e+00
  4.724920e+00   2.598250e+01   1.402221e+00
  4.729608e+00   2.721293e+01   1.450116e+00
  4.734296e+00   2.585765e+01   1.428569e+00
  4.738984e+00   2.561559e+01   1.437051e+00
  4.743673e+00   2.371775e+01   1.397870e+00
  4.748361e+00   2.414746e+01   1.426469e+00
  4.753049e+00   2.494919e+01   1.466778e+00
  4.757737e+00   2.471955e+01   1.476984e+00
  4.762426e+00   2.589087e+01   1.529537e+00
  4.767114e+00   2.392600e+01   1.488614e+00
  4.771802e+00   2.416043e+01   1.515031e+00
  4.776490e+00   2.469878e+01   1.551370e+00
  4.781179e+00   2.596252e+01   1.611356e+00
  4.785867e+00   2.415393e+01   1.575529e+00
  4.790555e+00   2.542203e+01   1.639044e+00
  4.795243e+00   2.427146e+01   1.624174e+00
  4.799931e+00   2.492746e+01   1.669907e+00
  4.804620e+00   2.354118e+01   1.647815e+00
  4.809308e+00   2.469576e+01   1.714063e+00
  4.813996e+00   2.524043e+01   1.760377e+00
  4.818684e+00   2.653908e+01   1.834647e+00
  4.823373e+00   2.375882e+01   1.766519e+00
  4.828061e+00   2.377281e+01   1.798409e+00
  4.832749e+00   2.432255e+01   1.852104e+00
  4.837437e+00   2.369390e+01   1.862833e+00
  4.842125e+00   2.286306e+01   1.866702e+00
  4.846814e+00   2.497579e+01   1.990642e+00
  4.851502e+00   2.528232e+01   2.045111e+00
  4.856190e+00   2.516911e+01   2.086979e+00
  4.860878e+00   2.594445e+01   2.168364e+00
  4.865567e+00   2.799727e+01   2.306871e+00
  4.870255e+00   2.663588e+01   2.308221e+00
  4.874943e+00   2.422533e+01   2.262806e+00
  4.879631e+00   2.359334e+01   2.296076e+00
  4.884320e+00   2.804687e+01   2.578185e+00
  4.889008e+00   2.801117e+01   2.661317e+00
  4.893696e+00   2.249471e+01   2.466805e+00
  4.898384e+00   2.421467e+01   2.652406e+00
  4.903072e+00   2.576246e+01   2.844889e+00
  4.907761e+00   2.641186e+01   3.044030e+00
  4.912449e+00   2.595698e+01   4.169635e+00
  4.917137e+00   3.482038e+01   1.327629e+01
