# [1] GI
# Sample c= 1.06 mg/ml
#
# Sample environment:
# Detector = Pilatus
# PixelSize_1 = 0.000172
# PixelSize_2 = 0.000172
#
# title = [1] GI
# Frame 89 of 120
# Time per frame (s) = 1.0
# SampleDistance = 2.869
# WaveLength = 9.919e-11
# Normalization = 0.001062898
# DiodeCurr = 8.643033e-05
# MachCurr = 68.66954
# Mask = /data/bm29/archive/CALIBRATION/MASK/BM29/Pcon_19thNovember2015_7keV_v3.edf
#
# N 3
# L q*nm  I_[1] GI  stddev
#
# Sample Information:
# Storage Temperature (degrees C): 20.0
# Measurement Temperature (degrees C): 20.08
# Concentration: 1.06
# Code: GI
  3.200246e-02   1.646391e+02   1.937151e+01
  3.669069e-02   5.465580e+02   1.602443e+01
  4.137892e-02   8.411774e+02   1.480893e+01
  4.606715e-02   7.840203e+02   1.183794e+01
  5.075538e-02   5.980439e+02   9.391596e+00
  5.544361e-02   4.909262e+02   7.861201e+00
  6.013183e-02   3.987948e+02   6.774036e+00
  6.482006e-02   3.493522e+02   6.083059e+00
  6.950829e-02   3.084098e+02   5.484126e+00
  7.419652e-02   2.828006e+02   5.041020e+00
  7.888475e-02   2.685246e+02   4.748587e+00
  8.357298e-02   2.516532e+02   4.460074e+00
  8.826121e-02   2.288406e+02   4.132664e+00
  9.294944e-02   2.243592e+02   3.972080e+00
  9.763767e-02   2.216930e+02   3.839515e+00
  1.023259e-01   2.112197e+02   3.658545e+00
  1.070141e-01   2.041865e+02   3.514930e+00
  1.117024e-01   2.048457e+02   3.440810e+00
  1.163906e-01   1.979110e+02   3.300179e+00
  1.210788e-01   1.923444e+02   3.189480e+00
  1.257670e-01   1.887452e+02   3.098803e+00
  1.304553e-01   1.835370e+02   3.001929e+00
  1.351435e-01   1.829219e+02   2.936518e+00
  1.398317e-01   1.809041e+02   2.869853e+00
  1.445200e-01   1.783604e+02   2.802511e+00
  1.492082e-01   1.714817e+02   2.704090e+00
  1.538964e-01   1.739424e+02   2.675478e+00
  1.585846e-01   1.760695e+02   2.649082e+00
  1.632729e-01   1.768141e+02   2.616122e+00
  1.679611e-01   1.751729e+02   2.567302e+00
  1.726493e-01   1.704411e+02   2.494866e+00
  1.773376e-01   1.722886e+02   2.470861e+00
  1.820258e-01   1.697516e+02   2.421106e+00
  1.867140e-01   1.643095e+02   2.352003e+00
  1.914022e-01   1.646129e+02   2.324452e+00
  1.960905e-01   1.615615e+02   2.270758e+00
  2.007787e-01   1.625369e+02   2.253308e+00
  2.054669e-01   1.627637e+02   2.229151e+00
  2.101552e-01   1.606311e+02   2.189692e+00
  2.148434e-01   1.597239e+02   2.155538e+00
  2.195316e-01   1.537855e+02   2.091990e+00
  2.242199e-01   1.543646e+02   2.074193e+00
  2.289081e-01   1.533154e+02   2.045938e+00
  2.335963e-01   1.506442e+02   2.005294e+00
  2.382845e-01   1.518225e+02   1.991926e+00
  2.429728e-01   1.503371e+02   1.963231e+00
  2.476610e-01   1.481116e+02   1.930286e+00
  2.523492e-01   1.478470e+02   1.909567e+00
  2.570375e-01   1.458817e+02   1.877389e+00
  2.617257e-01   1.435134e+02   1.845647e+00
  2.664139e-01   1.440517e+02   1.832983e+00
  2.711021e-01   1.388669e+02   1.784135e+00
  2.757904e-01   1.413243e+02   1.782585e+00
  2.804786e-01   1.384072e+02   1.750144e+00
  2.851668e-01   1.381125e+02   1.734108e+00
  2.898551e-01   1.351228e+02   1.700421e+00
  2.945433e-01   1.339128e+02   1.679153e+00
  2.992315e-01   1.335285e+02   1.700833e+00
  3.039197e-01   1.317991e+02   1.703132e+00
  3.086080e-01   1.300495e+02   1.696692e+00
  3.132962e-01   1.305196e+02   1.700642e+00
  3.179844e-01   1.303918e+02   1.699477e+00
  3.226727e-01   1.278661e+02   1.682889e+00
  3.273609e-01   1.270826e+02   1.675855e+00
  3.320491e-01   1.260418e+02   1.665980e+00
  3.367374e-01   1.224638e+02   1.637841e+00
  3.414256e-01   1.202295e+02   1.619534e+00
  3.461138e-01   1.215792e+02   1.625270e+00
  3.508020e-01   1.194225e+02   1.606917e+00
  3.554903e-01   1.164960e+02   1.581183e+00
  3.601785e-01   1.152426e+02   1.569651e+00
  3.648667e-01   1.146874e+02   1.577147e+00
  3.695550e-01   1.139444e+02   1.607635e+00
  3.742432e-01   1.131119e+02   1.619856e+00
  3.789314e-01   1.117924e+02   1.625587e+00
  3.836196e-01   1.117326e+02   1.635558e+00
  3.883079e-01   1.075506e+02   1.613375e+00
  3.929961e-01   1.070973e+02   1.624678e+00
  3.976843e-01   1.077335e+02   1.651640e+00
  4.023726e-01   1.039789e+02   1.638698e+00
  4.070608e-01   1.039321e+02   1.645004e+00
  4.117490e-01   1.007141e+02   1.622521e+00
  4.164372e-01   9.996477e+01   1.619189e+00
  4.211255e-01   9.818134e+01   1.607889e+00
  4.258137e-01   9.834776e+01   1.610610e+00
  4.305019e-01   9.767667e+01   1.603607e+00
  4.351902e-01   9.866640e+01   1.608389e+00
  4.398784e-01   9.684870e+01   1.591576e+00
  4.445666e-01   9.486488e+01   1.593236e+00
  4.492548e-01   9.308530e+01   1.632112e+00
  4.539431e-01   9.387589e+01   1.670573e+00
  4.586313e-01   9.036464e+01   1.663749e+00
  4.633195e-01   8.679359e+01   1.652351e+00
  4.680078e-01   8.782034e+01   1.681723e+00
  4.726960e-01   8.878204e+01   1.708981e+00
  4.773842e-01   8.960561e+01   1.733964e+00
  4.820725e-01   8.602606e+01   1.715303e+00
  4.867607e-01   8.458305e+01   1.717100e+00
  4.914489e-01   8.303014e+01   1.716116e+00
  4.961371e-01   8.313071e+01   1.731306e+00
  5.008254e-01   8.220242e+01   1.735761e+00
  5.055136e-01   8.192326e+01   1.747326e+00
  5.102018e-01   8.070295e+01   1.694490e+00
  5.148901e-01   7.767415e+01   1.604306e+00
  5.195783e-01   7.703596e+01   1.570849e+00
  5.242665e-01   7.532104e+01   1.535055e+00
  5.289547e-01   7.606987e+01   1.528002e+00
  5.336430e-01   7.542047e+01   1.508274e+00
  5.383312e-01   7.237802e+01   1.466794e+00
  5.430194e-01   7.128393e+01   1.446901e+00
  5.477077e-01   7.205139e+01   1.446593e+00
  5.523959e-01   7.199530e+01   1.437978e+00
  5.570841e-01   7.147902e+01   1.424987e+00
  5.617723e-01   6.856427e+01   1.389718e+00
  5.664606e-01   6.812984e+01   1.379227e+00
  5.711488e-01   6.824313e+01   1.374925e+00
  5.758370e-01   6.736035e+01   1.358378e+00
  5.805253e-01   6.685139e+01   1.344889e+00
  5.852135e-01   6.330573e+01   1.300357e+00
  5.899017e-01   6.267216e+01   1.284874e+00
  5.945900e-01   6.371760e+01   1.285150e+00
  5.992782e-01   6.210741e+01   1.260643e+00
  6.039664e-01   6.262700e+01   1.258471e+00
  6.086546e-01   6.020683e+01   1.226563e+00
  6.133429e-01   5.911720e+01   1.207569e+00
  6.180311e-01   6.110720e+01   1.220479e+00
  6.227193e-01   5.740553e+01   1.176420e+00
  6.274076e-01   5.778477e+01   1.175373e+00
  6.320958e-01   5.798206e+01   1.174099e+00
  6.367840e-01   5.479284e+01   1.138075e+00
  6.414722e-01   5.508073e+01   1.138766e+00
  6.461605e-01   5.399557e+01   1.124880e+00
  6.508487e-01   5.303453e+01   1.112438e+00
  6.555369e-01   5.370689e+01   1.116120e+00
  6.602252e-01   5.243177e+01   1.100456e+00
  6.649134e-01   5.166681e+01   1.090123e+00
  6.696016e-01   5.177350e+01   1.088982e+00
  6.742898e-01   5.095693e+01   1.077337e+00
  6.789781e-01   5.007002e+01   1.065598e+00
  6.836663e-01   5.043454e+01   1.067215e+00
  6.883545e-01   4.913910e+01   1.051466e+00
  6.930428e-01   4.872731e+01   1.044201e+00
  6.977310e-01   4.969782e+01   1.052153e+00
  7.024192e-01   4.882950e+01   1.040824e+00
  7.071074e-01   4.672896e+01   1.016243e+00
  7.117957e-01   4.720192e+01   1.019052e+00
  7.164839e-01   4.669874e+01   1.010980e+00
  7.211721e-01   4.595187e+01   1.000966e+00
  7.258604e-01   4.493286e+01   9.877861e-01
  7.305486e-01   4.416995e+01   9.777054e-01
  7.352368e-01   4.386786e+01   9.713548e-01
  7.399251e-01   4.450101e+01   9.767566e-01
  7.446133e-01   4.449253e+01   9.749159e-01
  7.493015e-01   4.380227e+01   9.662029e-01
  7.539897e-01   4.369344e+01   9.622028e-01
  7.586780e-01   4.271115e+01   9.488719e-01
  7.633662e-01   4.118985e+01   9.299881e-01
  7.680544e-01   4.132682e+01   9.299104e-01
  7.727427e-01   4.195615e+01   9.348381e-01
  7.774309e-01   3.912898e+01   9.006944e-01
  7.821191e-01   4.045845e+01   9.142703e-01
  7.868073e-01   3.884776e+01   8.942841e-01
  7.914956e-01   3.927912e+01   8.973113e-01
  7.961838e-01   3.910333e+01   8.932676e-01
  8.008720e-01   3.882533e+01   8.884532e-01
  8.055603e-01   3.848042e+01   8.828400e-01
  8.102485e-01   3.722110e+01   8.668237e-01
  8.149367e-01   3.633699e+01   8.542789e-01
  8.196249e-01   3.715440e+01   8.621935e-01
  8.243132e-01   3.912761e+01   8.833825e-01
  8.290014e-01   3.749791e+01   8.631863e-01
  8.336896e-01   3.730898e+01   8.590183e-01
  8.383779e-01   3.827120e+01   8.683661e-01
  8.430661e-01   3.621939e+01   8.433326e-01
  8.477543e-01   3.568948e+01   8.356072e-01
  8.524425e-01   3.555981e+01   8.324587e-01
  8.571308e-01   3.480323e+01   8.222269e-01
  8.618190e-01   3.601961e+01   8.347669e-01
  8.665072e-01   3.539211e+01   8.258300e-01
  8.711955e-01   3.522842e+01   8.224452e-01
  8.758837e-01   3.528678e+01   8.212600e-01
  8.805719e-01   3.433274e+01   8.086620e-01
  8.852602e-01   3.425444e+01   8.064478e-01
  8.899484e-01   3.440401e+01   8.068882e-01
  8.946366e-01   3.460719e+01   8.072084e-01
  8.993248e-01   3.485035e+01   8.088656e-01
  9.040131e-01   3.421163e+01   7.999551e-01
  9.087013e-01   3.345455e+01   7.898201e-01
  9.133895e-01   3.309376e+01   7.838109e-01
  9.180778e-01   3.353297e+01   7.876733e-01
  9.227660e-01   3.269422e+01   7.763048e-01
  9.274542e-01   3.204848e+01   7.674608e-01
  9.321424e-01   3.230046e+01   7.690216e-01
  9.368307e-01   3.263977e+01   7.714013e-01
  9.415189e-01   3.272302e+01   7.711882e-01
  9.462071e-01   3.131447e+01   7.532717e-01
  9.508954e-01   3.256504e+01   7.667273e-01
  9.555836e-01   3.222633e+01   7.611607e-01
  9.602718e-01   3.281504e+01   7.668518e-01
  9.649600e-01   3.075260e+01   7.411718e-01
  9.696483e-01   3.133335e+01   7.470133e-01
  9.743365e-01   3.165290e+01   7.490652e-01
  9.790247e-01   3.086340e+01   7.386006e-01
  9.837130e-01   2.997157e+01   7.266230e-01
  9.884012e-01   3.123894e+01   7.406966e-01
  9.930894e-01   3.130056e+01   7.399642e-01
  9.977777e-01   3.047888e+01   7.288938e-01
  1.002466e+00   3.033618e+01   7.260926e-01
  1.007154e+00   3.104879e+01   7.333741e-01
  1.011842e+00   3.045698e+01   7.251562e-01
  1.016531e+00   3.015339e+01   7.200873e-01
  1.021219e+00   2.977002e+01   7.143648e-01
  1.025907e+00   3.097952e+01   7.277203e-01
  1.030595e+00   2.936392e+01   7.073683e-01
  1.035283e+00   3.011096e+01   7.147132e-01
  1.039972e+00   2.953282e+01   7.068590e-01
  1.044660e+00   3.068419e+01   7.194884e-01
  1.049348e+00   2.953863e+01   7.047092e-01
  1.054036e+00   2.938078e+01   7.014869e-01
  1.058725e+00   2.894628e+01   6.952407e-01
  1.063413e+00   2.917704e+01   6.969019e-01
  1.068101e+00   2.953608e+01   7.001807e-01
  1.072789e+00   3.044298e+01   7.095150e-01
  1.077478e+00   3.038323e+01   7.076610e-01
  1.082166e+00   2.884089e+01   6.883935e-01
  1.086854e+00   2.900396e+01   6.893477e-01
  1.091542e+00   2.995793e+01   6.995355e-01
  1.096230e+00   2.947399e+01   6.924484e-01
  1.100919e+00   2.948333e+01   6.915933e-01
  1.105607e+00   2.867319e+01   6.811154e-01
  1.110295e+00   2.862157e+01   6.794364e-01
  1.114983e+00   2.837845e+01   6.754265e-01
  1.119672e+00   2.874712e+01   6.788341e-01
  1.124360e+00   2.826153e+01   6.719492e-01
  1.129048e+00   2.791543e+01   6.668187e-01
  1.133736e+00   2.875878e+01   6.755682e-01
  1.138425e+00   2.910898e+01   6.786488e-01
  1.143113e+00   2.896444e+01   6.759592e-01
  1.147801e+00   2.840821e+01   6.685974e-01
  1.152489e+00   2.794389e+01   6.619064e-01
  1.157177e+00   2.816809e+01   6.634250e-01
  1.161866e+00   2.881491e+01   6.701816e-01
  1.166554e+00   2.847021e+01   6.651904e-01
  1.171242e+00   2.891442e+01   6.692380e-01
  1.175930e+00   2.782406e+01   6.554624e-01
  1.180619e+00   2.807766e+01   6.574987e-01
  1.185307e+00   2.815269e+01   6.574223e-01
  1.189995e+00   2.895772e+01   6.659109e-01
  1.194683e+00   2.897836e+01   6.648527e-01
  1.199372e+00   2.866470e+01   6.603372e-01
  1.204060e+00   2.831644e+01   6.555988e-01
  1.208748e+00   2.865419e+01   6.589575e-01
  1.213436e+00   2.796998e+01   6.495428e-01
  1.218124e+00   2.754336e+01   6.434836e-01
  1.222813e+00   2.802861e+01   6.482099e-01
  1.227501e+00   2.834415e+01   6.510768e-01
  1.232189e+00   2.730573e+01   6.379668e-01
  1.236877e+00   2.774932e+01   6.420468e-01
  1.241566e+00   2.801144e+01   6.443028e-01
  1.246254e+00   2.839522e+01   6.478678e-01
  1.250942e+00   2.885164e+01   6.673693e-01
  1.255630e+00   2.799857e+01   6.752228e-01
  1.260318e+00   2.720374e+01   6.766854e-01
  1.265007e+00   2.873552e+01   7.046846e-01
  1.269695e+00   2.852347e+01   7.101052e-01
  1.274383e+00   2.802204e+01   7.109751e-01
  1.279071e+00   2.762792e+01   7.127666e-01
  1.283760e+00   2.751351e+01   7.175621e-01
  1.288448e+00   2.700825e+01   7.168763e-01
  1.293136e+00   2.889810e+01   7.473946e-01
  1.297824e+00   2.845342e+01   7.471867e-01
  1.302513e+00   2.752307e+01   7.392442e-01
  1.307201e+00   2.704799e+01   7.349461e-01
  1.311889e+00   2.764069e+01   7.436329e-01
  1.316577e+00   2.811903e+01   7.212140e-01
  1.321265e+00   2.794798e+01   7.011842e-01
  1.325954e+00   2.778722e+01   6.879003e-01
  1.330642e+00   2.701036e+01   6.695879e-01
  1.335330e+00   2.767872e+01   6.704191e-01
  1.340018e+00   2.814801e+01   6.697965e-01
  1.344707e+00   2.788674e+01   6.610967e-01
  1.349395e+00   2.798444e+01   6.573418e-01
  1.354083e+00   2.758364e+01   6.476692e-01
  1.358771e+00   2.835849e+01   6.523448e-01
  1.363460e+00   2.792450e+01   6.437961e-01
  1.368148e+00   2.768047e+01   6.391696e-01
  1.372836e+00   2.794509e+01   6.404764e-01
  1.377524e+00   2.759246e+01   6.349708e-01
  1.382212e+00   2.800863e+01   6.384785e-01
  1.386901e+00   2.785106e+01   6.353497e-01
  1.391589e+00   2.839020e+01   6.400483e-01
  1.396277e+00   2.799842e+01   6.342782e-01
  1.400965e+00   2.752383e+01   6.277211e-01
  1.405654e+00   2.815660e+01   6.337401e-01
  1.410342e+00   2.737381e+01   6.237116e-01
  1.415030e+00   2.765665e+01   6.255490e-01
  1.419718e+00   2.817130e+01   6.302824e-01
  1.424406e+00   2.766030e+01   6.235762e-01
  1.429095e+00   2.786592e+01   6.247898e-01
  1.433783e+00   2.818221e+01   6.269956e-01
  1.438471e+00   2.846869e+01   6.292000e-01
  1.443159e+00   2.716559e+01   6.136909e-01
  1.447848e+00   2.798697e+01   6.218798e-01
  1.452536e+00   2.686291e+01   6.081169e-01
  1.457224e+00   2.725383e+01   6.115445e-01
  1.461912e+00   2.712246e+01   6.091754e-01
  1.466601e+00   2.738832e+01   6.112230e-01
  1.471289e+00   2.696165e+01   6.054121e-01
  1.475977e+00   2.680527e+01   6.029540e-01
  1.480665e+00   2.736765e+01   6.080709e-01
  1.485353e+00   2.780880e+01   6.216819e-01
  1.490042e+00   2.706009e+01   6.320762e-01
  1.494730e+00   2.707407e+01   6.433975e-01
  1.499418e+00   2.785936e+01   6.610562e-01
  1.504106e+00   2.724046e+01   6.612305e-01
  1.508795e+00   2.731340e+01   6.691428e-01
  1.513483e+00   2.790343e+01   6.591932e-01
  1.518171e+00   2.757762e+01   6.406920e-01
  1.522859e+00   2.656146e+01   6.201426e-01
  1.527548e+00   2.702057e+01   6.187929e-01
  1.532236e+00   2.739529e+01   6.171010e-01
  1.536924e+00   2.667587e+01   6.041025e-01
  1.541612e+00   2.779840e+01   6.134266e-01
  1.546300e+00   2.724854e+01   6.058627e-01
  1.550989e+00   2.783272e+01   6.101416e-01
  1.555677e+00   2.699701e+01   5.978457e-01
  1.560365e+00   2.710183e+01   5.962058e-01
  1.565053e+00   2.669682e+01   5.890087e-01
  1.569742e+00   2.629881e+01   5.822352e-01
  1.574430e+00   2.701093e+01   5.888246e-01
  1.579118e+00   2.735381e+01   5.929928e-01
  1.583806e+00   2.730619e+01   5.931537e-01
  1.588495e+00   2.695360e+01   5.900030e-01
  1.593183e+00   2.627821e+01   5.828396e-01
  1.597871e+00   2.695848e+01   5.899709e-01
  1.602559e+00   2.652812e+01   5.843859e-01
  1.607247e+00   2.677394e+01   5.861579e-01
  1.611936e+00   2.677880e+01   5.850898e-01
  1.616624e+00   2.772489e+01   5.944985e-01
  1.621312e+00   2.677765e+01   5.834107e-01
  1.626000e+00   2.639950e+01   5.783998e-01
  1.630689e+00   2.719209e+01   5.860758e-01
  1.635377e+00   2.620897e+01   5.745319e-01
  1.640065e+00   2.686246e+01   5.808023e-01
  1.644753e+00   2.701381e+01   5.816419e-01
  1.649441e+00   2.620196e+01   5.720227e-01
  1.654130e+00   2.609773e+01   5.699717e-01
  1.658818e+00   2.643501e+01   5.728367e-01
  1.663506e+00   2.609490e+01   5.683951e-01
  1.668194e+00   2.622144e+01   5.690563e-01
  1.672883e+00   2.722778e+01   5.788706e-01
  1.677571e+00   2.720238e+01   5.778453e-01
  1.682259e+00   2.678592e+01   5.727177e-01
  1.686947e+00   2.723275e+01   5.767425e-01
  1.691636e+00   2.681388e+01   5.713551e-01
  1.696324e+00   2.688691e+01   5.713666e-01
  1.701012e+00   2.725578e+01   5.745738e-01
  1.705700e+00   2.670310e+01   5.680470e-01
  1.710388e+00   2.658727e+01   5.659734e-01
  1.715077e+00   2.724883e+01   5.721693e-01
  1.719765e+00   2.694857e+01   5.683038e-01
  1.724453e+00   2.701769e+01   5.683852e-01
  1.729141e+00   2.634615e+01   5.605345e-01
  1.733830e+00   2.593353e+01   5.552734e-01
  1.738518e+00   2.583261e+01   5.535651e-01
  1.743206e+00   2.659927e+01   5.610449e-01
  1.747894e+00   2.735255e+01   5.683321e-01
  1.752583e+00   2.635330e+01   5.572523e-01
  1.757271e+00   2.579780e+01   5.505001e-01
  1.761959e+00   2.604891e+01   5.524352e-01
  1.766647e+00   2.714905e+01   5.632768e-01
  1.771335e+00   2.698716e+01   5.608307e-01
  1.776024e+00   2.730293e+01   5.633910e-01
  1.780712e+00   2.687279e+01   5.582707e-01
  1.785400e+00   2.660035e+01   5.548229e-01
  1.790088e+00   2.624788e+01   5.504578e-01
  1.794777e+00   2.637653e+01   5.510328e-01
  1.799465e+00   2.641824e+01   5.507903e-01
  1.804153e+00   2.701484e+01   5.564518e-01
  1.808841e+00   2.654283e+01   5.509079e-01
  1.813530e+00   2.729866e+01   5.578410e-01
  1.818218e+00   2.613333e+01   5.452178e-01
  1.822906e+00   2.606949e+01   5.440166e-01
  1.827594e+00   2.586471e+01   5.412655e-01
  1.832282e+00   2.642715e+01   5.462201e-01
  1.836971e+00   2.534527e+01   5.344239e-01
  1.841659e+00   2.641410e+01   5.450229e-01
  1.846347e+00   2.621778e+01   5.423584e-01
  1.851035e+00   2.659007e+01   5.453991e-01
  1.855724e+00   2.601742e+01   5.389454e-01
  1.860412e+00   2.653173e+01   5.436856e-01
  1.865100e+00   2.615644e+01   5.392033e-01
  1.869788e+00   2.648957e+01   5.418957e-01
  1.874476e+00   2.638329e+01   5.402021e-01
  1.879165e+00   2.598310e+01   5.355561e-01
  1.883853e+00   2.627488e+01   5.379323e-01
  1.888541e+00   2.659709e+01   5.405772e-01
  1.893229e+00   2.677815e+01   5.420355e-01
  1.897918e+00   2.592816e+01   5.327399e-01
  1.902606e+00   2.538733e+01   5.263727e-01
  1.907294e+00   2.599706e+01   5.321281e-01
  1.911982e+00   2.655898e+01   5.370772e-01
  1.916671e+00   2.624236e+01   5.333347e-01
  1.921359e+00   2.566651e+01   5.269106e-01
  1.926047e+00   2.627445e+01   5.325761e-01
  1.930735e+00   2.624545e+01   5.315417e-01
  1.935423e+00   2.615355e+01   5.300683e-01
  1.940112e+00   2.535077e+01   5.212334e-01
  1.944800e+00   2.551336e+01   5.217322e-01
  1.949488e+00   2.625799e+01   5.279332e-01
  1.954176e+00   2.613168e+01   5.254980e-01
  1.958865e+00   2.646905e+01   5.277101e-01
  1.963553e+00   2.658575e+01   5.279438e-01
  1.968241e+00   2.558027e+01   5.173414e-01
  1.972929e+00   2.559810e+01   5.168729e-01
  1.977618e+00   2.573512e+01   5.178381e-01
  1.982306e+00   2.646416e+01   5.248303e-01
  1.986994e+00   2.635402e+01   5.236593e-01
  1.991682e+00   2.577971e+01   5.179625e-01
  1.996370e+00   2.600459e+01   5.203579e-01
  2.001059e+00   2.585627e+01   5.190308e-01
  2.005747e+00   2.627582e+01   5.230581e-01
  2.010435e+00   2.572770e+01   5.167371e-01
  2.015123e+00   2.563993e+01   5.153073e-01
  2.019812e+00   2.594456e+01   5.178514e-01
  2.024500e+00   2.559597e+01   5.139095e-01
  2.029188e+00   2.436412e+01   5.007746e-01
  2.033876e+00   2.539072e+01   5.106475e-01
  2.038565e+00   2.585111e+01   5.147151e-01
  2.043253e+00   2.562639e+01   5.120894e-01
  2.047941e+00   2.606413e+01   5.158500e-01
  2.052629e+00   2.556944e+01   5.121690e-01
  2.057317e+00   2.652203e+01   5.368653e-01
  2.062006e+00   2.585378e+01   5.396836e-01
  2.066694e+00   2.626498e+01   5.511904e-01
  2.071382e+00   2.610079e+01   5.553638e-01
  2.076070e+00   2.550489e+01   5.543419e-01
  2.080759e+00   2.648860e+01   5.699568e-01
  2.085447e+00   2.600682e+01   5.690917e-01
  2.090135e+00   2.534621e+01   5.639346e-01
  2.094823e+00   2.585265e+01   5.711694e-01
  2.099511e+00   2.598325e+01   5.742242e-01
  2.104200e+00   2.612625e+01   5.772960e-01
  2.108888e+00   2.530783e+01   5.694464e-01
  2.113576e+00   2.537431e+01   5.714519e-01
  2.118264e+00   2.634971e+01   5.766549e-01
  2.122953e+00   2.632321e+01   5.581147e-01
  2.127641e+00   2.580825e+01   5.434809e-01
  2.132329e+00   2.560591e+01   5.347708e-01
  2.137017e+00   2.625401e+01   5.363862e-01
  2.141706e+00   2.471913e+01   5.161614e-01
  2.146394e+00   2.454982e+01   5.106277e-01
  2.151082e+00   2.600023e+01   5.226026e-01
  2.155770e+00   2.601831e+01   5.216451e-01
  2.160458e+00   2.608371e+01   5.210899e-01
  2.165147e+00   2.625933e+01   5.217494e-01
  2.169835e+00   2.618933e+01   5.198374e-01
  2.174523e+00   2.682671e+01   5.252075e-01
  2.179211e+00   2.702457e+01   5.262036e-01
  2.183900e+00   2.653259e+01   5.204736e-01
  2.188588e+00   2.558021e+01   5.101115e-01
  2.193276e+00   2.606126e+01   5.140262e-01
  2.197964e+00   2.660382e+01   5.185903e-01
  2.202653e+00   2.625302e+01   5.143446e-01
  2.207341e+00   2.602585e+01   5.113095e-01
  2.212029e+00   2.594845e+01   5.097589e-01
  2.216717e+00   2.633567e+01   5.128756e-01
  2.221405e+00   2.597495e+01   5.085998e-01
  2.226094e+00   2.611266e+01   5.092465e-01
  2.230782e+00   2.576064e+01   5.050793e-01
  2.235470e+00   2.570738e+01   5.038875e-01
  2.240158e+00   2.601074e+01   5.061937e-01
  2.244847e+00   2.652999e+01   5.106195e-01
  2.249535e+00   2.640703e+01   5.086722e-01
  2.254223e+00   2.550068e+01   4.992195e-01
  2.258911e+00   2.598767e+01   5.034041e-01
  2.263600e+00   2.557059e+01   4.987681e-01
  2.268288e+00   2.571967e+01   4.995272e-01
  2.272976e+00   2.660639e+01   5.074024e-01
  2.277664e+00   2.582130e+01   4.993324e-01
  2.282352e+00   2.564310e+01   4.970618e-01
  2.287041e+00   2.599543e+01   4.998461e-01
  2.291729e+00   2.595492e+01   4.987596e-01
  2.296417e+00   2.514944e+01   4.905006e-01
  2.301105e+00   2.545557e+01   4.929289e-01
  2.305794e+00   2.502353e+01   4.881725e-01
  2.310482e+00   2.520558e+01   4.892693e-01
  2.315170e+00   2.550206e+01   4.916842e-01
  2.319858e+00   2.608423e+01   4.967476e-01
  2.324546e+00   2.614887e+01   4.968049e-01
  2.329235e+00   2.556361e+01   4.905569e-01
  2.333923e+00   2.535408e+01   4.880872e-01
  2.338611e+00   2.590535e+01   4.928624e-01
  2.343299e+00   2.553205e+01   4.887958e-01
  2.347988e+00   2.637615e+01   4.961477e-01
  2.352676e+00   2.596212e+01   4.917862e-01
  2.357364e+00   2.531779e+01   4.851589e-01
  2.362052e+00   2.562903e+01   4.876184e-01
  2.366741e+00   2.556565e+01   4.864626e-01
  2.371429e+00   2.566747e+01   4.869055e-01
  2.376117e+00   2.632606e+01   4.926646e-01
  2.380805e+00   2.555246e+01   4.848596e-01
  2.385493e+00   2.607656e+01   4.892851e-01
  2.390182e+00   2.584142e+01   4.865712e-01
  2.394870e+00   2.575298e+01   4.852134e-01
  2.399558e+00   2.636303e+01   4.905173e-01
  2.404246e+00   2.590856e+01   4.857534e-01
  2.408935e+00   2.589603e+01   4.851024e-01
  2.413623e+00   2.582839e+01   4.839843e-01
  2.418311e+00   2.582830e+01   4.835328e-01
  2.422999e+00   2.627282e+01   4.872754e-01
  2.427688e+00   2.533852e+01   4.779057e-01
  2.432376e+00   2.576557e+01   4.815046e-01
  2.437064e+00   2.592618e+01   4.825018e-01
  2.441752e+00   2.587038e+01   4.816523e-01
  2.446440e+00   2.634611e+01   4.854240e-01
  2.451129e+00   2.556551e+01   4.777533e-01
  2.455817e+00   2.549097e+01   4.766980e-01
  2.460505e+00   2.592191e+01   4.803109e-01
  2.465193e+00   2.583177e+01   4.788543e-01
  2.469882e+00   2.585594e+01   4.785837e-01
  2.474570e+00   2.578374e+01   4.774943e-01
  2.479258e+00   2.583418e+01   4.775741e-01
  2.483946e+00   2.579502e+01   4.767398e-01
  2.488634e+00   2.597933e+01   4.778946e-01
  2.493323e+00   2.553602e+01   4.734113e-01
  2.498011e+00   2.552022e+01   4.728729e-01
  2.502699e+00   2.537955e+01   4.711080e-01
  2.507387e+00   2.550257e+01   4.717382e-01
  2.512076e+00   2.540772e+01   4.704396e-01
  2.516764e+00   2.563770e+01   4.721895e-01
  2.521452e+00   2.579510e+01   4.731963e-01
  2.526140e+00   2.568561e+01   4.716904e-01
  2.530829e+00   2.627698e+01   4.766460e-01
  2.535517e+00   2.489613e+01   4.633301e-01
  2.540205e+00   2.506575e+01   4.640021e-01
  2.544893e+00   2.557562e+01   4.676801e-01
  2.549581e+00   2.564343e+01   4.674712e-01
  2.554270e+00   2.656494e+01   4.753449e-01
  2.558958e+00   2.622451e+01   4.718809e-01
  2.563646e+00   2.607880e+01   4.701544e-01
  2.568334e+00   2.592849e+01   4.683172e-01
  2.573023e+00   2.550198e+01   4.640694e-01
  2.577711e+00   2.570438e+01   4.655166e-01
  2.582399e+00   2.588677e+01   4.667808e-01
  2.587087e+00   2.570297e+01   4.648066e-01
  2.591776e+00   2.522499e+01   4.605289e-01
  2.596464e+00   2.541722e+01   4.624538e-01
  2.601152e+00   2.515266e+01   4.601038e-01
  2.605840e+00   2.525938e+01   4.606594e-01
  2.610528e+00   2.550093e+01   4.624479e-01
  2.615217e+00   2.517826e+01   4.591485e-01
  2.619905e+00   2.524099e+01   4.593997e-01
  2.624593e+00   2.559458e+01   4.620769e-01
  2.629281e+00   2.601793e+01   4.655043e-01
  2.633970e+00   2.544243e+01   4.599321e-01
  2.638658e+00   2.585738e+01   4.633479e-01
  2.643346e+00   2.470113e+01   4.524157e-01
  2.648034e+00   2.591428e+01   4.630358e-01
  2.652723e+00   2.490571e+01   4.535591e-01
  2.657411e+00   2.473983e+01   4.516416e-01
  2.662099e+00   2.529183e+01   4.562452e-01
  2.666787e+00   2.554588e+01   4.580576e-01
  2.671475e+00   2.562766e+01   4.584205e-01
  2.676164e+00   2.546541e+01   4.566803e-01
  2.680852e+00   2.544049e+01   4.561383e-01
  2.685540e+00   2.578549e+01   4.586902e-01
  2.690228e+00   2.582297e+01   4.585941e-01
  2.694917e+00   2.531432e+01   4.538369e-01
  2.699605e+00   2.563875e+01   4.563601e-01
  2.704293e+00   2.591890e+01   4.582865e-01
  2.708981e+00   2.542692e+01   4.535467e-01
  2.713669e+00   2.547291e+01   4.536505e-01
  2.718358e+00   2.581923e+01   4.563398e-01
  2.723046e+00   2.521507e+01   4.505369e-01
  2.727734e+00   2.515075e+01   4.495629e-01
  2.732422e+00   2.568531e+01   4.540100e-01
  2.737111e+00   2.464771e+01   4.443896e-01
  2.741799e+00   2.481326e+01   4.454710e-01
  2.746487e+00   2.582454e+01   4.540395e-01
  2.751175e+00   2.517989e+01   4.480238e-01
  2.755864e+00   2.496219e+01   4.457419e-01
  2.760552e+00   2.480815e+01   4.439760e-01
  2.765240e+00   2.489582e+01   4.443420e-01
  2.769928e+00   2.561252e+01   4.503512e-01
  2.774616e+00   2.573130e+01   4.511003e-01
  2.779305e+00   2.543560e+01   4.480971e-01
  2.783993e+00   2.552310e+01   4.484526e-01
  2.788681e+00   2.497446e+01   4.432889e-01
  2.793369e+00   2.499432e+01   4.432401e-01
  2.798058e+00   2.524823e+01   4.450192e-01
  2.802746e+00   2.538245e+01   4.459957e-01
  2.807434e+00   2.528536e+01   4.448905e-01
  2.812122e+00   2.467563e+01   4.388987e-01
  2.816811e+00   2.552538e+01   4.460929e-01
  2.821499e+00   2.563853e+01   4.466434e-01
  2.826187e+00   2.534201e+01   4.436534e-01
  2.830875e+00   2.563479e+01   4.458751e-01
  2.835563e+00   2.505157e+01   4.404719e-01
  2.840252e+00   2.475499e+01   4.374102e-01
  2.844940e+00   2.532970e+01   4.421462e-01
  2.849628e+00   2.541780e+01   4.425718e-01
  2.854316e+00   2.544916e+01   4.425263e-01
  2.859005e+00   2.557222e+01   4.510592e-01
  2.863693e+00   2.495255e+01   4.553332e-01
  2.868381e+00   2.502103e+01   4.619766e-01
  2.873069e+00   2.538282e+01   4.703495e-01
  2.877758e+00   2.537493e+01   4.743771e-01
  2.882446e+00   2.547222e+01   4.782488e-01
  2.887134e+00   2.518592e+01   4.771317e-01
  2.891822e+00   2.480048e+01   4.748486e-01
  2.896510e+00   2.517055e+01   4.797044e-01
  2.901199e+00   2.492510e+01   4.784777e-01
  2.905887e+00   2.538695e+01   4.840987e-01
  2.910575e+00   2.546014e+01   4.858654e-01
  2.915263e+00   2.520913e+01   4.844551e-01
  2.919952e+00   2.481291e+01   4.811744e-01
  2.924640e+00   2.537103e+01   4.734049e-01
  2.929328e+00   2.554744e+01   4.666512e-01
  2.934016e+00   2.502348e+01   4.565573e-01
  2.938704e+00   2.537284e+01   4.555821e-01
  2.943393e+00   2.509047e+01   4.497736e-01
  2.948081e+00   2.514139e+01   4.484756e-01
  2.952769e+00   2.505099e+01   4.465536e-01
  2.957457e+00   2.491029e+01   4.443983e-01
  2.962146e+00   2.527564e+01   4.466895e-01
  2.966834e+00   2.542635e+01   4.473254e-01
  2.971522e+00   2.584263e+01   4.500885e-01
  2.976210e+00   2.625822e+01   4.529872e-01
  2.980899e+00   2.578606e+01   4.481457e-01
  2.985587e+00   2.552494e+01   4.451952e-01
  2.990275e+00   2.551294e+01   4.444475e-01
  2.994963e+00   2.513861e+01   4.406430e-01
  2.999651e+00   2.528862e+01   4.413206e-01
  3.004340e+00   2.569806e+01   4.442794e-01
  3.009028e+00   2.527456e+01   4.400504e-01
  3.013716e+00   2.543482e+01   4.409577e-01
  3.018404e+00   2.536268e+01   4.397978e-01
  3.023093e+00   2.493331e+01   4.355066e-01
  3.027781e+00   2.525425e+01   4.377891e-01
  3.032469e+00   2.543011e+01   4.388668e-01
  3.037157e+00   2.479511e+01   4.329129e-01
  3.041846e+00   2.512733e+01   4.352516e-01
  3.046534e+00   2.495282e+01   4.332613e-01
  3.051222e+00   2.501878e+01   4.335171e-01
  3.055910e+00   2.470233e+01   4.303596e-01
  3.060598e+00   2.538577e+01   4.356356e-01
  3.065287e+00   2.555458e+01   4.366780e-01
  3.069975e+00   2.511876e+01   4.325277e-01
  3.074663e+00   2.485318e+01   4.298776e-01
  3.079351e+00   2.485042e+01   4.293673e-01
  3.084040e+00   2.522118e+01   4.320953e-01
  3.088728e+00   2.470311e+01   4.272766e-01
  3.093416e+00   2.516936e+01   4.310594e-01
  3.098104e+00   2.490654e+01   4.283371e-01
  3.102793e+00   2.521640e+01   4.305407e-01
  3.107481e+00   2.512426e+01   4.293831e-01
  3.112169e+00   2.505602e+01   4.283823e-01
  3.116857e+00   2.517430e+01   4.289615e-01
  3.121545e+00   2.473662e+01   4.247842e-01
  3.126234e+00   2.513824e+01   4.278638e-01
  3.130922e+00   2.497452e+01   4.261639e-01
  3.135610e+00   2.507779e+01   4.266539e-01
  3.140298e+00   2.485072e+01   4.245167e-01
  3.144987e+00   2.511868e+01   4.264501e-01
  3.149675e+00   2.452381e+01   4.207991e-01
  3.154363e+00   2.481120e+01   4.229336e-01
  3.159051e+00   2.597417e+01   4.322636e-01
  3.163739e+00   2.549608e+01   4.279050e-01
  3.168428e+00   2.504850e+01   4.238574e-01
  3.173116e+00   2.512445e+01   4.242155e-01
  3.177804e+00   2.576500e+01   4.291196e-01
  3.182492e+00   2.561990e+01   4.275420e-01
  3.187181e+00   2.544386e+01   4.257489e-01
  3.191869e+00   2.522734e+01   4.235971e-01
  3.196557e+00   2.551282e+01   4.255899e-01
  3.201245e+00   2.455612e+01   4.171861e-01
  3.205934e+00   2.548912e+01   4.247134e-01
  3.210622e+00   2.522904e+01   4.222693e-01
  3.215310e+00   2.509360e+01   4.207163e-01
  3.219998e+00   2.517494e+01   4.209062e-01
  3.224686e+00   2.513752e+01   4.199098e-01
  3.229375e+00   2.518326e+01   4.195050e-01
  3.234063e+00   2.496133e+01   4.171362e-01
  3.238751e+00   2.490374e+01   4.162966e-01
  3.243439e+00   2.480269e+01   4.151234e-01
  3.248128e+00   2.485805e+01   4.153106e-01
  3.252816e+00   2.529370e+01   4.186136e-01
  3.257504e+00   2.513269e+01   4.168842e-01
  3.262192e+00   2.480015e+01   4.138403e-01
  3.266881e+00   2.494622e+01   4.147488e-01
  3.271569e+00   2.471109e+01   4.124939e-01
  3.276257e+00   2.518727e+01   4.161449e-01
  3.280945e+00   2.561650e+01   4.197429e-01
  3.285633e+00   2.495304e+01   4.144154e-01
  3.290322e+00   2.509069e+01   4.155164e-01
  3.295010e+00   2.507266e+01   4.150194e-01
  3.299698e+00   2.511520e+01   4.150585e-01
  3.304386e+00   2.481479e+01   4.122473e-01
  3.309075e+00   2.502066e+01   4.137007e-01
  3.313763e+00   2.543015e+01   4.167280e-01
  3.318451e+00   2.446100e+01   4.083692e-01
  3.323139e+00   2.557761e+01   4.173183e-01
  3.327828e+00   2.504194e+01   4.125993e-01
  3.332516e+00   2.504804e+01   4.123955e-01
  3.337204e+00   2.525014e+01   4.136672e-01
  3.341892e+00   2.487544e+01   4.103861e-01
  3.346580e+00   2.566888e+01   4.165728e-01
  3.351269e+00   2.491217e+01   4.100443e-01
  3.355957e+00   2.565123e+01   4.165691e-01
  3.360645e+00   2.565533e+01   4.268002e-01
  3.365333e+00   2.525777e+01   4.301836e-01
  3.370022e+00   2.540282e+01   4.361476e-01
  3.374710e+00   2.551575e+01   4.392703e-01
  3.379398e+00   2.515833e+01   4.378109e-01
  3.384086e+00   2.521337e+01   4.397096e-01
  3.388774e+00   2.519216e+01   4.400196e-01
  3.393463e+00   2.523028e+01   4.399825e-01
  3.398151e+00   2.504439e+01   4.387855e-01
  3.402839e+00   2.523657e+01   4.414415e-01
  3.407527e+00   2.525545e+01   4.425865e-01
  3.412216e+00   2.515282e+01   4.425263e-01
  3.416904e+00   2.496251e+01   4.416733e-01
  3.421592e+00   2.518338e+01   4.444746e-01
  3.426280e+00   2.513276e+01   4.447605e-01
  3.430969e+00   2.550274e+01   4.488146e-01
  3.435657e+00   2.531585e+01   4.479157e-01
  3.440345e+00   2.516445e+01   4.471465e-01
  3.445033e+00   2.533370e+01   4.493362e-01
  3.449721e+00   2.477645e+01   4.450958e-01
  3.454410e+00   2.511667e+01   4.486479e-01
  3.459098e+00   2.540756e+01   4.518248e-01
  3.463786e+00   2.508130e+01   4.494856e-01
  3.468474e+00   2.534754e+01   4.524498e-01
  3.473163e+00   2.521094e+01   4.517122e-01
  3.477851e+00   2.522774e+01   4.524295e-01
  3.482539e+00   2.516777e+01   4.525967e-01
  3.487227e+00   2.457751e+01   4.475377e-01
  3.491916e+00   2.450512e+01   4.474083e-01
  3.496604e+00   2.499130e+01   4.522834e-01
  3.501292e+00   2.543386e+01   4.567347e-01
  3.505980e+00   2.487399e+01   4.521578e-01
  3.510668e+00   2.528559e+01   4.563362e-01
  3.515357e+00   2.464058e+01   4.508605e-01
  3.520045e+00   2.570890e+01   4.610423e-01
  3.524733e+00   2.531238e+01   4.578585e-01
  3.529421e+00   2.489192e+01   4.544208e-01
  3.534110e+00   2.545062e+01   4.599545e-01
  3.538798e+00   2.490957e+01   4.553926e-01
  3.543486e+00   2.456084e+01   4.525914e-01
  3.548174e+00   2.492935e+01   4.563774e-01
  3.552863e+00   2.483903e+01   4.559014e-01
  3.557551e+00   2.429162e+01   4.511906e-01
  3.562239e+00   2.478411e+01   4.561511e-01
  3.566927e+00   2.525322e+01   4.608010e-01
  3.571615e+00   2.536565e+01   4.621512e-01
  3.576304e+00   2.518202e+01   4.608036e-01
  3.580992e+00   2.488726e+01   4.583874e-01
  3.585680e+00   2.528320e+01   4.617503e-01
  3.590368e+00   2.559963e+01   4.641938e-01
  3.595057e+00   2.504907e+01   4.587661e-01
  3.599745e+00   2.482667e+01   4.563280e-01
  3.604433e+00   2.525409e+01   4.599622e-01
  3.609121e+00   2.437081e+01   4.523170e-01
  3.613809e+00   2.439414e+01   4.525969e-01
  3.618498e+00   2.493003e+01   4.577812e-01
  3.623186e+00   2.541143e+01   4.625089e-01
  3.627874e+00   2.546097e+01   4.632421e-01
  3.632562e+00   2.523983e+01   4.614687e-01
  3.637251e+00   2.480827e+01   4.578176e-01
  3.641939e+00   2.478865e+01   4.578973e-01
  3.646627e+00   2.500165e+01   4.601733e-01
  3.651315e+00   2.453526e+01   4.560834e-01
  3.656004e+00   2.501418e+01   4.609784e-01
  3.660692e+00   2.561924e+01   4.737259e-01
  3.665380e+00   2.568673e+01   4.913184e-01
  3.670068e+00   2.563012e+01   4.992582e-01
  3.674756e+00   2.568594e+01   5.076692e-01
  3.679445e+00   2.570737e+01   5.139553e-01
  3.684133e+00   2.495552e+01   5.098431e-01
  3.688821e+00   2.493382e+01   5.127683e-01
  3.693509e+00   2.475820e+01   5.139840e-01
  3.698198e+00   2.538650e+01   5.233108e-01
  3.702886e+00   2.491962e+01   5.213084e-01
  3.707574e+00   2.570148e+01   5.320735e-01
  3.712262e+00   2.547772e+01   5.324384e-01
  3.716951e+00   2.526965e+01   5.327792e-01
  3.721639e+00   2.533348e+01   5.359928e-01
  3.726327e+00   2.457325e+01   5.302657e-01
  3.731015e+00   2.472082e+01   5.342993e-01
  3.735703e+00   2.517801e+01   5.415582e-01
  3.740392e+00   2.528321e+01   5.450909e-01
  3.745080e+00   2.606706e+01   5.557774e-01
  3.749768e+00   2.562755e+01   5.534182e-01
  3.754456e+00   2.448738e+01   5.431860e-01
  3.759145e+00   2.493296e+01   5.503743e-01
  3.763833e+00   2.545315e+01   5.583048e-01
  3.768521e+00   2.536193e+01   5.595528e-01
  3.773209e+00   2.512038e+01   5.590536e-01
  3.777897e+00   2.456546e+01   5.550334e-01
  3.782586e+00   2.433504e+01   5.545473e-01
  3.787274e+00   2.444790e+01   5.579844e-01
  3.791962e+00   2.465297e+01   5.624647e-01
  3.796650e+00   2.514744e+01   5.702286e-01
  3.801339e+00   2.450491e+01   5.650124e-01
  3.806027e+00   2.465479e+01   5.688570e-01
  3.810715e+00   2.588413e+01   5.850383e-01
  3.815403e+00   2.464465e+01   5.729622e-01
  3.820092e+00   2.482814e+01   5.772120e-01
  3.824780e+00   2.594218e+01   5.921842e-01
  3.829468e+00   2.505973e+01   5.841751e-01
  3.834156e+00   2.483283e+01   5.835961e-01
  3.838844e+00   2.525297e+01   5.906658e-01
  3.843533e+00   2.558150e+01   5.966148e-01
  3.848221e+00   2.525282e+01   5.948793e-01
  3.852909e+00   2.511788e+01   5.954317e-01
  3.857597e+00   2.402481e+01   5.844142e-01
  3.862286e+00   2.430874e+01   5.899516e-01
  3.866974e+00   2.478378e+01   5.977878e-01
  3.871662e+00   2.431330e+01   5.943114e-01
  3.876350e+00   2.478774e+01   6.022958e-01
  3.881039e+00   2.543347e+01   6.120462e-01
  3.885727e+00   2.520275e+01   6.114073e-01
  3.890415e+00   2.540754e+01   6.159870e-01
  3.895103e+00   2.475139e+01   6.101826e-01
  3.899791e+00   2.473460e+01   6.120511e-01
  3.904480e+00   2.516618e+01   6.195710e-01
  3.909168e+00   2.549478e+01   6.257483e-01
  3.913856e+00   2.471549e+01   6.183520e-01
  3.918544e+00   2.521789e+01   6.266835e-01
  3.923233e+00   2.543441e+01   6.316377e-01
  3.927921e+00   2.398495e+01   6.154432e-01
  3.932609e+00   2.498893e+01   6.303185e-01
  3.937297e+00   2.506497e+01   6.324119e-01
  3.941986e+00   2.453549e+01   6.264832e-01
  3.946674e+00   2.529935e+01   6.368095e-01
  3.951362e+00   2.477402e+01   6.297993e-01
  3.956050e+00   2.446134e+01   6.247573e-01
  3.960738e+00   2.534883e+01   6.358237e-01
  3.965427e+00   2.426061e+01   6.227697e-01
  3.970115e+00   2.468128e+01   6.300877e-01
  3.974803e+00   2.527392e+01   6.396501e-01
  3.979491e+00   2.454103e+01   6.320724e-01
  3.984180e+00   2.450373e+01   6.337193e-01
  3.988868e+00   2.543414e+01   6.477879e-01
  3.993556e+00   2.529056e+01   6.481197e-01
  3.998244e+00   2.546837e+01   6.526146e-01
  4.002932e+00   2.494137e+01   6.480317e-01
  4.007621e+00   2.527592e+01   6.545206e-01
  4.012309e+00   2.542655e+01   6.586849e-01
  4.016997e+00   2.419136e+01   6.446691e-01
  4.021685e+00   2.458982e+01   6.521943e-01
  4.026374e+00   2.570094e+01   6.690235e-01
  4.031062e+00   2.573870e+01   6.717772e-01
  4.035750e+00   2.427311e+01   6.545811e-01
  4.040438e+00   2.443194e+01   6.589898e-01
  4.045127e+00   2.527720e+01   6.725888e-01
  4.049815e+00   2.520581e+01   6.739331e-01
  4.054503e+00   2.556579e+01   6.810424e-01
  4.059191e+00   2.558747e+01   6.837113e-01
  4.063879e+00   2.457204e+01   6.723313e-01
  4.068568e+00   2.498675e+01   6.803119e-01
  4.073256e+00   2.563927e+01   6.915072e-01
  4.077944e+00   2.562070e+01   6.936890e-01
  4.082632e+00   2.520527e+01   6.904333e-01
  4.087321e+00   2.489079e+01   6.885239e-01
  4.092009e+00   2.450989e+01   6.856245e-01
  4.096697e+00   2.539530e+01   7.003536e-01
  4.101385e+00   2.545913e+01   7.036710e-01
  4.106074e+00   2.540569e+01   7.054601e-01
  4.110762e+00   2.478273e+01   6.992526e-01
  4.115450e+00   2.456930e+01   6.987001e-01
  4.120138e+00   2.540976e+01   7.130356e-01
  4.124826e+00   2.539407e+01   7.153865e-01
  4.129515e+00   2.430578e+01   7.024477e-01
  4.134203e+00   2.549916e+01   7.220377e-01
  4.138891e+00   2.565471e+01   7.268720e-01
  4.143579e+00   2.504323e+01   7.207611e-01
  4.148268e+00   2.495729e+01   7.221893e-01
  4.152956e+00   2.583691e+01   7.374748e-01
  4.157644e+00   2.500512e+01   7.280841e-01
  4.162332e+00   2.551126e+01   7.382299e-01
  4.167021e+00   2.411430e+01   7.203824e-01
  4.171709e+00   2.529074e+01   7.404069e-01
  4.176397e+00   2.530588e+01   7.434372e-01
  4.181085e+00   2.537984e+01   7.473018e-01
  4.185773e+00   2.481393e+01   7.417648e-01
  4.190462e+00   2.555009e+01   7.555920e-01
  4.195150e+00   2.488330e+01   7.493798e-01
  4.199838e+00   2.496222e+01   7.526907e-01
  4.204526e+00   2.482842e+01   7.532678e-01
  4.209215e+00   2.418784e+01   7.463592e-01
  4.213903e+00   2.478097e+01   7.583629e-01
  4.218591e+00   2.545605e+01   7.715907e-01
  4.223279e+00   2.530796e+01   7.723779e-01
  4.227967e+00   2.367158e+01   7.498688e-01
  4.232656e+00   2.474711e+01   7.697423e-01
  4.237344e+00   2.487218e+01   7.747737e-01
  4.242032e+00   2.506252e+01   7.807896e-01
  4.246720e+00   2.535463e+01   7.883964e-01
  4.251409e+00   2.561002e+01   7.956791e-01
  4.256097e+00   2.539001e+01   7.953590e-01
  4.260785e+00   2.472859e+01   7.880988e-01
  4.265473e+00   2.354824e+01   7.729559e-01
  4.270162e+00   2.515487e+01   8.029061e-01
  4.274850e+00   2.592192e+01   8.208967e-01
  4.279538e+00   2.502325e+01   8.101649e-01
  4.284226e+00   2.483953e+01   8.070723e-01
  4.288914e+00   2.578999e+01   8.249577e-01
  4.293603e+00   2.501445e+01   8.159240e-01
  4.298291e+00   2.614371e+01   8.378076e-01
  4.302979e+00   2.546830e+01   8.302728e-01
  4.307667e+00   2.478595e+01   8.226367e-01
  4.312356e+00   2.551369e+01   8.383291e-01
  4.317044e+00   2.525026e+01   8.374680e-01
  4.321732e+00   2.514980e+01   8.395020e-01
  4.326420e+00   2.472831e+01   8.361741e-01
  4.331109e+00   2.439534e+01   8.340806e-01
  4.335797e+00   2.449359e+01   8.395190e-01
  4.340485e+00   2.470337e+01   8.477068e-01
  4.345173e+00   2.560732e+01   8.663743e-01
  4.349861e+00   2.425044e+01   8.466941e-01
  4.354550e+00   2.394635e+01   8.452733e-01
  4.359238e+00   2.455412e+01   8.598344e-01
  4.363926e+00   2.424661e+01   8.583742e-01
  4.368614e+00   2.433031e+01   8.638567e-01
  4.373303e+00   2.433243e+01   8.680333e-01
  4.377991e+00   2.472737e+01   8.791400e-01
  4.382679e+00   2.589453e+01   9.039142e-01
  4.387367e+00   2.564276e+01   9.039406e-01
  4.392056e+00   2.537580e+01   9.035128e-01
  4.396744e+00   2.502886e+01   9.016485e-01
  4.401432e+00   2.518671e+01   9.098943e-01
  4.406120e+00   2.454996e+01   9.008543e-01
  4.410808e+00   2.496103e+01   9.089969e-01
  4.415497e+00   2.478850e+01   9.064535e-01
  4.420185e+00   2.461822e+01   9.038934e-01
  4.424873e+00   2.360566e+01   8.857830e-01
  4.429561e+00   2.381840e+01   8.903733e-01
  4.434250e+00   2.436923e+01   9.012344e-01
  4.438938e+00   2.506470e+01   9.146945e-01
  4.443626e+00   2.473133e+01   9.091035e-01
  4.448314e+00   2.412505e+01   9.000392e-01
  4.453002e+00   2.326260e+01   8.880561e-01
  4.457691e+00   2.553244e+01   9.351065e-01
  4.462379e+00   2.643752e+01   9.563404e-01
  4.467067e+00   2.551432e+01   9.442826e-01
  4.471755e+00   2.537061e+01   9.464563e-01
  4.476444e+00   2.543669e+01   9.526643e-01
  4.481132e+00   2.524327e+01   9.540110e-01
  4.485820e+00   2.406214e+01   9.364212e-01
  4.490508e+00   2.443522e+01   9.486682e-01
  4.495197e+00   2.551248e+01   9.745603e-01
  4.499885e+00   2.572999e+01   9.840034e-01
  4.504573e+00   2.453215e+01   9.660737e-01
  4.509261e+00   2.408925e+01   9.626313e-01
  4.513949e+00   2.410277e+01   9.683312e-01
  4.518638e+00   2.480388e+01   9.878637e-01
  4.523326e+00   2.505729e+01   9.985790e-01
  4.528014e+00   2.533605e+01   1.009875e+00
  4.532702e+00   2.546182e+01   1.018238e+00
  4.537391e+00   2.626834e+01   1.040281e+00
  4.542079e+00   2.484691e+01   1.017805e+00
  4.546767e+00   2.339803e+01   9.936190e-01
  4.551455e+00   2.466212e+01   1.026251e+00
  4.556144e+00   2.431842e+01   1.025289e+00
  4.560832e+00   2.613306e+01   1.069395e+00
  4.565520e+00   2.502788e+01   1.053047e+00
  4.570208e+00   2.535291e+01   1.066658e+00
  4.574896e+00   2.492182e+01   1.064373e+00
  4.579585e+00   2.445103e+01   1.061049e+00
  4.584273e+00   2.520018e+01   1.084186e+00
  4.588961e+00   2.490278e+01   1.084864e+00
  4.593649e+00   2.533816e+01   1.101594e+00
  4.598338e+00   2.409073e+01   1.081550e+00
  4.603026e+00   2.379963e+01   1.082335e+00
  4.607714e+00   2.509587e+01   1.119090e+00
  4.612402e+00   2.605885e+01   1.148327e+00
  4.617091e+00   2.686144e+01   1.174121e+00
  4.621779e+00   2.620629e+01   1.168190e+00
  4.626467e+00   2.639175e+01   1.180904e+00
  4.631155e+00   2.478846e+01   1.152894e+00
  4.635843e+00   2.584348e+01   1.185944e+00
  4.640532e+00   2.558139e+01   1.188829e+00
  4.645220e+00   2.521405e+01   1.189488e+00
  4.649908e+00   2.500431e+01   1.193832e+00
  4.654596e+00   2.460661e+01   1.193625e+00
  4.659285e+00   2.635566e+01   1.245197e+00
  4.663973e+00   2.587202e+01   1.243725e+00
  4.668661e+00   2.499234e+01   1.232753e+00
  4.673349e+00   2.601216e+01   1.268206e+00
  4.678037e+00   2.534293e+01   1.262418e+00
  4.682726e+00   2.581571e+01   1.285120e+00
  4.687414e+00   2.569231e+01   1.293407e+00
  4.692102e+00   2.521301e+01   1.292963e+00
  4.696790e+00   2.572099e+01   1.317755e+00
  4.701479e+00   2.515557e+01   1.315197e+00
  4.706167e+00   2.590272e+01   1.347093e+00
  4.710855e+00   2.565166e+01   1.353736e+00
  4.715543e+00   2.496508e+01   1.348529e+00
  4.720232e+00   2.575746e+01   1.383309e+00
  4.724920e+00   2.422789e+01   1.355120e+00
  4.729608e+00   2.444144e+01   1.375379e+00
  4.734296e+00   2.577709e+01   1.427471e+00
  4.738984e+00   2.446216e+01   1.405436e+00
  4.743673e+00   2.591774e+01   1.462420e+00
  4.748361e+00   2.588238e+01   1.477994e+00
  4.753049e+00   2.648181e+01   1.512354e+00
  4.757737e+00   2.436444e+01   1.467499e+00
  4.762426e+00   2.528262e+01   1.512659e+00
  4.767114e+00   2.578520e+01   1.546593e+00
  4.771802e+00   2.487568e+01   1.538511e+00
  4.776490e+00   2.355105e+01   1.516096e+00
  4.781179e+00   2.431959e+01   1.560773e+00
  4.785867e+00   2.506245e+01   1.606157e+00
  4.790555e+00   2.195578e+01   1.524417e+00
  4.795243e+00   2.640356e+01   1.695350e+00
  4.799931e+00   2.625946e+01   1.715300e+00
  4.804620e+00   2.465236e+01   1.687592e+00
  4.809308e+00   2.616381e+01   1.765671e+00
  4.813996e+00   2.400664e+01   1.718173e+00
  4.818684e+00   2.650660e+01   1.834975e+00
  4.823373e+00   2.521496e+01   1.821289e+00
  4.828061e+00   2.486915e+01   1.840867e+00
  4.832749e+00   2.778367e+01   1.981068e+00
  4.837437e+00   2.605928e+01   1.955153e+00
  4.842125e+00   2.737959e+01   2.044395e+00
  4.846814e+00   2.637506e+01   2.047266e+00
  4.851502e+00   2.411661e+01   1.998988e+00
  4.856190e+00   2.675085e+01   2.153260e+00
  4.860878e+00   2.612376e+01   2.177569e+00
  4.865567e+00   2.181641e+01   2.037985e+00
  4.870255e+00   2.294072e+01   2.143833e+00
  4.874943e+00   2.415367e+01   2.261246e+00
  4.879631e+00   2.742267e+01   2.477366e+00
  4.884320e+00   2.797592e+01   2.576962e+00
  4.889008e+00   3.021314e+01   2.766129e+00
  4.893696e+00   2.653306e+01   2.681218e+00
  4.898384e+00   2.806935e+01   2.857989e+00
  4.903072e+00   2.513432e+01   2.812219e+00
  4.907761e+00   2.497277e+01   2.962283e+00
  4.912449e+00   2.542446e+01   4.129909e+00
  4.917137e+00   3.254523e+01   1.284541e+01
