# [1] GI
# Sample c= 1.06 mg/ml
#
# Sample environment:
# Detector = Pilatus
# PixelSize_1 = 0.000172
# PixelSize_2 = 0.000172
#
# title = [1] GI
# Frame 88 of 120
# Time per frame (s) = 1.0
# SampleDistance = 2.869
# WaveLength = 9.919e-11
# Normalization = 0.001062898
# DiodeCurr = 8.643895e-05
# MachCurr = 68.66954
# Mask = /data/bm29/archive/CALIBRATION/MASK/BM29/Pcon_19thNovember2015_7keV_v3.edf
#
# N 3
# L q*nm  I_[1] GI  stddev
#
# Sample Information:
# Storage Temperature (degrees C): 20.0
# Measurement Temperature (degrees C): 20.08
# Concentration: 1.06
# Code: GI
  3.200246e-02   1.610026e+02   1.915542e+01
  3.669069e-02   5.419688e+02   1.595621e+01
  4.137892e-02   8.364061e+02   1.476614e+01
  4.606715e-02   7.737365e+02   1.175946e+01
  5.075538e-02   5.930931e+02   9.352177e+00
  5.544361e-02   4.819898e+02   7.788935e+00
  6.013183e-02   3.980000e+02   6.766945e+00
  6.482006e-02   3.381135e+02   5.984115e+00
  6.950829e-02   3.060216e+02   5.462578e+00
  7.419652e-02   2.792656e+02   5.009165e+00
  7.888475e-02   2.596295e+02   4.669042e+00
  8.357298e-02   2.517890e+02   4.461055e+00
  8.826121e-02   2.410254e+02   4.241050e+00
  9.294944e-02   2.240847e+02   3.969452e+00
  9.763767e-02   2.200583e+02   3.825142e+00
  1.023259e-01   2.093867e+02   3.642454e+00
  1.070141e-01   2.036145e+02   3.509828e+00
  1.117024e-01   1.980596e+02   3.383168e+00
  1.163906e-01   1.937120e+02   3.264819e+00
  1.210788e-01   1.920390e+02   3.186788e+00
  1.257670e-01   1.889893e+02   3.100652e+00
  1.304553e-01   1.828112e+02   2.995838e+00
  1.351435e-01   1.805818e+02   2.917529e+00
  1.398317e-01   1.831256e+02   2.887277e+00
  1.445200e-01   1.845527e+02   2.850602e+00
  1.492082e-01   1.813323e+02   2.780534e+00
  1.538964e-01   1.789719e+02   2.713748e+00
  1.585846e-01   1.762698e+02   2.650456e+00
  1.632729e-01   1.704670e+02   2.568609e+00
  1.679611e-01   1.717266e+02   2.541796e+00
  1.726493e-01   1.718564e+02   2.505078e+00
  1.773376e-01   1.662557e+02   2.427095e+00
  1.820258e-01   1.658867e+02   2.393266e+00
  1.867140e-01   1.659157e+02   2.363354e+00
  1.914022e-01   1.627537e+02   2.311173e+00
  1.960905e-01   1.596305e+02   2.257034e+00
  2.007787e-01   1.615175e+02   2.246119e+00
  2.054669e-01   1.627959e+02   2.229261e+00
  2.101552e-01   1.595360e+02   2.182107e+00
  2.148434e-01   1.578485e+02   2.142740e+00
  2.195316e-01   1.556145e+02   2.104289e+00
  2.242199e-01   1.548715e+02   2.077492e+00
  2.289081e-01   1.544161e+02   2.053166e+00
  2.335963e-01   1.504588e+02   2.003959e+00
  2.382845e-01   1.487519e+02   1.971582e+00
  2.429728e-01   1.480611e+02   1.948216e+00
  2.476610e-01   1.501676e+02   1.943541e+00
  2.523492e-01   1.465447e+02   1.901043e+00
  2.570375e-01   1.443620e+02   1.867491e+00
  2.617257e-01   1.442005e+02   1.849967e+00
  2.664139e-01   1.436134e+02   1.830100e+00
  2.711021e-01   1.412653e+02   1.799386e+00
  2.757904e-01   1.416718e+02   1.784686e+00
  2.804786e-01   1.375089e+02   1.744368e+00
  2.851668e-01   1.363232e+02   1.722753e+00
  2.898551e-01   1.343727e+02   1.695610e+00
  2.945433e-01   1.353945e+02   1.688332e+00
  2.992315e-01   1.340168e+02   1.703855e+00
  3.039197e-01   1.319292e+02   1.703888e+00
  3.086080e-01   1.329718e+02   1.715563e+00
  3.132962e-01   1.338857e+02   1.722347e+00
  3.179844e-01   1.288016e+02   1.688997e+00
  3.226727e-01   1.279205e+02   1.683163e+00
  3.273609e-01   1.257773e+02   1.667143e+00
  3.320491e-01   1.258216e+02   1.664441e+00
  3.367374e-01   1.248061e+02   1.653347e+00
  3.414256e-01   1.206308e+02   1.622153e+00
  3.461138e-01   1.216422e+02   1.625609e+00
  3.508020e-01   1.210343e+02   1.617644e+00
  3.554903e-01   1.173979e+02   1.587212e+00
  3.601785e-01   1.150037e+02   1.567945e+00
  3.648667e-01   1.158041e+02   1.584728e+00
  3.695550e-01   1.133406e+02   1.603290e+00
  3.742432e-01   1.116869e+02   1.609539e+00
  3.789314e-01   1.126271e+02   1.631563e+00
  3.836196e-01   1.101479e+02   1.623837e+00
  3.883079e-01   1.097260e+02   1.629529e+00
  3.929961e-01   1.100429e+02   1.646786e+00
  3.976843e-01   1.073907e+02   1.648928e+00
  4.023726e-01   1.053103e+02   1.649073e+00
  4.070608e-01   1.033196e+02   1.640068e+00
  4.117490e-01   1.033064e+02   1.643188e+00
  4.164372e-01   1.010924e+02   1.628215e+00
  4.211255e-01   9.936081e+01   1.617437e+00
  4.258137e-01   9.996725e+01   1.623735e+00
  4.305019e-01   9.717982e+01   1.599444e+00
  4.351902e-01   9.752906e+01   1.599012e+00
  4.398784e-01   9.512507e+01   1.577271e+00
  4.445666e-01   9.311124e+01   1.578362e+00
  4.492548e-01   9.160345e+01   1.618988e+00
  4.539431e-01   9.230568e+01   1.656460e+00
  4.586313e-01   9.308712e+01   1.688541e+00
  4.633195e-01   9.057476e+01   1.687875e+00
  4.680078e-01   8.825518e+01   1.685797e+00
  4.726960e-01   8.731167e+01   1.694686e+00
  4.773842e-01   8.399448e+01   1.678712e+00
  4.820725e-01   8.181480e+01   1.672708e+00
  4.867607e-01   8.356246e+01   1.706624e+00
  4.914489e-01   8.381752e+01   1.724148e+00
  4.961371e-01   8.459824e+01   1.746433e+00
  5.008254e-01   8.228648e+01   1.736562e+00
  5.055136e-01   7.864510e+01   1.711924e+00
  5.102018e-01   7.535854e+01   1.637340e+00
  5.148901e-01   7.618731e+01   1.588797e+00
  5.195783e-01   7.551176e+01   1.555153e+00
  5.242665e-01   7.520764e+01   1.533822e+00
  5.289547e-01   7.493457e+01   1.516481e+00
  5.336430e-01   7.312037e+01   1.485023e+00
  5.383312e-01   7.388948e+01   1.481957e+00
  5.430194e-01   7.249840e+01   1.459101e+00
  5.477077e-01   7.205276e+01   1.446535e+00
  5.523959e-01   7.183567e+01   1.436311e+00
  5.570841e-01   6.816501e+01   1.391492e+00
  5.617723e-01   6.751063e+01   1.378929e+00
  5.664606e-01   6.642996e+01   1.361844e+00
  5.711488e-01   6.575546e+01   1.349565e+00
  5.758370e-01   6.470597e+01   1.331279e+00
  5.805253e-01   6.391044e+01   1.314909e+00
  5.852135e-01   6.474805e+01   1.315021e+00
  5.899017e-01   6.195921e+01   1.277482e+00
  5.945900e-01   6.260175e+01   1.273783e+00
  5.992782e-01   6.238515e+01   1.263396e+00
  6.039664e-01   6.055376e+01   1.237404e+00
  6.086546e-01   6.071944e+01   1.231712e+00
  6.133429e-01   5.957174e+01   1.212142e+00
  6.180311e-01   5.843279e+01   1.193413e+00
  6.227193e-01   5.771232e+01   1.179500e+00
  6.274076e-01   5.527953e+01   1.149554e+00
  6.320958e-01   5.581804e+01   1.151923e+00
  6.367840e-01   5.564608e+01   1.146844e+00
  6.414722e-01   5.598737e+01   1.148043e+00
  6.461605e-01   5.525369e+01   1.137853e+00
  6.508487e-01   5.281986e+01   1.110129e+00
  6.555369e-01   5.204065e+01   1.098615e+00
  6.602252e-01   5.180088e+01   1.093760e+00
  6.649134e-01   5.335103e+01   1.107693e+00
  6.696016e-01   5.055405e+01   1.076028e+00
  6.742898e-01   5.045303e+01   1.071943e+00
  6.789781e-01   4.862009e+01   1.050003e+00
  6.836663e-01   5.090829e+01   1.072162e+00
  6.883545e-01   4.909550e+01   1.050946e+00
  6.930428e-01   4.782482e+01   1.034434e+00
  6.977310e-01   4.839135e+01   1.038180e+00
  7.024192e-01   4.692105e+01   1.020231e+00
  7.071074e-01   4.837165e+01   1.033899e+00
  7.117957e-01   4.681975e+01   1.014867e+00
  7.164839e-01   4.677776e+01   1.011785e+00
  7.211721e-01   4.707830e+01   1.013110e+00
  7.258604e-01   4.661657e+01   1.006073e+00
  7.305486e-01   4.579052e+01   9.954298e-01
  7.352368e-01   4.549347e+01   9.891395e-01
  7.399251e-01   4.440416e+01   9.756446e-01
  7.446133e-01   4.332484e+01   9.619896e-01
  7.493015e-01   4.253507e+01   9.520766e-01
  7.539897e-01   4.441886e+01   9.701090e-01
  7.586780e-01   4.366567e+01   9.593682e-01
  7.633662e-01   4.238171e+01   9.433001e-01
  7.680544e-01   4.150343e+01   9.318488e-01
  7.727427e-01   4.096991e+01   9.237394e-01
  7.774309e-01   4.071918e+01   9.187683e-01
  7.821191e-01   4.135783e+01   9.243304e-01
  7.868073e-01   3.939395e+01   9.005040e-01
  7.914956e-01   3.829050e+01   8.859029e-01
  7.961838e-01   3.863563e+01   8.878652e-01
  8.008720e-01   3.890952e+01   8.893716e-01
  8.055603e-01   3.993485e+01   8.993247e-01
  8.102485e-01   3.839793e+01   8.803765e-01
  8.149367e-01   3.677922e+01   8.594187e-01
  8.196249e-01   3.717842e+01   8.624291e-01
  8.243132e-01   3.669851e+01   8.554797e-01
  8.290014e-01   3.661268e+01   8.528940e-01
  8.336896e-01   3.719671e+01   8.576820e-01
  8.383779e-01   3.629524e+01   8.456099e-01
  8.430661e-01   3.644445e+01   8.459066e-01
  8.477543e-01   3.660538e+01   8.462191e-01
  8.524425e-01   3.680799e+01   8.469005e-01
  8.571308e-01   3.680417e+01   8.454906e-01
  8.618190e-01   3.514459e+01   8.245242e-01
  8.665072e-01   3.510582e+01   8.224421e-01
  8.711955e-01   3.444136e+01   8.131653e-01
  8.758837e-01   3.526838e+01   8.210048e-01
  8.805719e-01   3.469061e+01   8.128251e-01
  8.852602e-01   3.343738e+01   7.967322e-01
  8.899484e-01   3.308279e+01   7.912035e-01
  8.946366e-01   3.440789e+01   8.048405e-01
  8.993248e-01   3.450138e+01   8.047656e-01
  9.040131e-01   3.260716e+01   7.809326e-01
  9.087013e-01   3.341811e+01   7.893505e-01
  9.133895e-01   3.323349e+01   7.854245e-01
  9.180778e-01   3.337640e+01   7.857931e-01
  9.227660e-01   3.295816e+01   7.793932e-01
  9.274542e-01   3.302376e+01   7.790117e-01
  9.321424e-01   3.242700e+01   7.704880e-01
  9.368307e-01   3.330502e+01   7.791839e-01
  9.415189e-01   3.181992e+01   7.604342e-01
  9.462071e-01   3.105985e+01   7.501656e-01
  9.508954e-01   3.090005e+01   7.468324e-01
  9.555836e-01   3.055651e+01   7.411415e-01
  9.602718e-01   3.176253e+01   7.544159e-01
  9.649600e-01   3.182785e+01   7.539802e-01
  9.696483e-01   3.071410e+01   7.395578e-01
  9.743365e-01   3.201964e+01   7.533547e-01
  9.790247e-01   3.206026e+01   7.527480e-01
  9.837130e-01   3.115122e+01   7.407476e-01
  9.884012e-01   3.108444e+01   7.388258e-01
  9.930894e-01   3.079044e+01   7.338730e-01
  9.977777e-01   3.099916e+01   7.350522e-01
  1.002466e+00   3.158753e+01   7.408798e-01
  1.007154e+00   3.022662e+01   7.235630e-01
  1.011842e+00   3.007312e+01   7.205362e-01
  1.016531e+00   2.978946e+01   7.156929e-01
  1.021219e+00   3.141945e+01   7.338513e-01
  1.025907e+00   3.036376e+01   7.204159e-01
  1.030595e+00   2.982766e+01   7.128965e-01
  1.035283e+00   2.979333e+01   7.108981e-01
  1.039972e+00   3.133362e+01   7.280547e-01
  1.044660e+00   2.955758e+01   7.061213e-01
  1.049348e+00   3.022902e+01   7.128614e-01
  1.054036e+00   2.917413e+01   6.989809e-01
  1.058725e+00   2.924610e+01   6.987972e-01
  1.063413e+00   2.993988e+01   7.059183e-01
  1.068101e+00   3.036988e+01   7.099595e-01
  1.072789e+00   3.037630e+01   7.087023e-01
  1.077478e+00   2.990982e+01   7.020913e-01
  1.082166e+00   2.886075e+01   6.885961e-01
  1.086854e+00   2.957546e+01   6.960714e-01
  1.091542e+00   2.918992e+01   6.904762e-01
  1.096230e+00   2.871594e+01   6.834518e-01
  1.100919e+00   3.025150e+01   7.005100e-01
  1.105607e+00   2.979646e+01   6.942939e-01
  1.110295e+00   2.865543e+01   6.798044e-01
  1.114983e+00   2.891729e+01   6.817748e-01
  1.119672e+00   2.975354e+01   6.905804e-01
  1.124360e+00   2.881131e+01   6.784196e-01
  1.129048e+00   2.846577e+01   6.733260e-01
  1.133736e+00   2.805952e+01   6.672714e-01
  1.138425e+00   2.829612e+01   6.690728e-01
  1.143113e+00   2.852905e+01   6.708261e-01
  1.147801e+00   2.881871e+01   6.733772e-01
  1.152489e+00   2.950283e+01   6.800853e-01
  1.157177e+00   2.911735e+01   6.744776e-01
  1.161866e+00   2.864270e+01   6.681426e-01
  1.166554e+00   2.927315e+01   6.744717e-01
  1.171242e+00   2.929815e+01   6.736307e-01
  1.175930e+00   2.860507e+01   6.645648e-01
  1.180619e+00   2.948343e+01   6.737236e-01
  1.185307e+00   2.914573e+01   6.688833e-01
  1.189995e+00   2.819578e+01   6.570591e-01
  1.194683e+00   2.786074e+01   6.518734e-01
  1.199372e+00   2.825177e+01   6.555311e-01
  1.204060e+00   2.872913e+01   6.603259e-01
  1.208748e+00   2.819386e+01   6.536105e-01
  1.213436e+00   2.813933e+01   6.514737e-01
  1.218124e+00   2.852749e+01   6.548459e-01
  1.222813e+00   2.861452e+01   6.549172e-01
  1.227501e+00   2.888791e+01   6.572596e-01
  1.232189e+00   2.871511e+01   6.541913e-01
  1.236877e+00   2.823698e+01   6.476316e-01
  1.241566e+00   2.746940e+01   6.380066e-01
  1.246254e+00   2.812074e+01   6.446967e-01
  1.250942e+00   2.796012e+01   6.569448e-01
  1.255630e+00   2.865331e+01   6.830380e-01
  1.260318e+00   2.806584e+01   6.872898e-01
  1.265007e+00   2.825361e+01   6.987159e-01
  1.269695e+00   2.858920e+01   7.108876e-01
  1.274383e+00   2.827179e+01   7.141007e-01
  1.279071e+00   2.827378e+01   7.210137e-01
  1.283760e+00   2.770766e+01   7.200535e-01
  1.288448e+00   2.843578e+01   7.355410e-01
  1.293136e+00   2.790112e+01   7.343524e-01
  1.297824e+00   2.851077e+01   7.479020e-01
  1.302513e+00   2.789701e+01   7.442119e-01
  1.307201e+00   2.877056e+01   7.579498e-01
  1.311889e+00   2.818714e+01   7.509100e-01
  1.316577e+00   2.767704e+01   7.154877e-01
  1.321265e+00   2.762700e+01   6.971111e-01
  1.325954e+00   2.888559e+01   7.013293e-01
  1.330642e+00   2.847218e+01   6.874341e-01
  1.335330e+00   2.668244e+01   6.582099e-01
  1.340018e+00   2.756290e+01   6.627654e-01
  1.344707e+00   2.757709e+01   6.573833e-01
  1.349395e+00   2.876403e+01   6.664017e-01
  1.354083e+00   2.722645e+01   6.434300e-01
  1.358771e+00   2.733631e+01   6.404481e-01
  1.363460e+00   2.713622e+01   6.346127e-01
  1.368148e+00   2.730376e+01   6.347737e-01
  1.372836e+00   2.770197e+01   6.376524e-01
  1.377524e+00   2.803991e+01   6.400666e-01
  1.382212e+00   2.822889e+01   6.409522e-01
  1.386901e+00   2.824667e+01   6.398142e-01
  1.391589e+00   2.767449e+01   6.318976e-01
  1.396277e+00   2.787135e+01   6.328058e-01
  1.400965e+00   2.805557e+01   6.337241e-01
  1.405654e+00   2.717673e+01   6.225842e-01
  1.410342e+00   2.728822e+01   6.227046e-01
  1.415030e+00   2.639289e+01   6.110593e-01
  1.419718e+00   2.773018e+01   6.252972e-01
  1.424406e+00   2.730202e+01   6.194935e-01
  1.429095e+00   2.751679e+01   6.208324e-01
  1.433783e+00   2.794563e+01   6.243274e-01
  1.438471e+00   2.746825e+01   6.180148e-01
  1.443159e+00   2.763509e+01   6.189405e-01
  1.447848e+00   2.810367e+01   6.231438e-01
  1.452536e+00   2.823997e+01   6.234778e-01
  1.457224e+00   2.711007e+01   6.098992e-01
  1.461912e+00   2.770274e+01   6.156269e-01
  1.466601e+00   2.851976e+01   6.236892e-01
  1.471289e+00   2.748851e+01   6.112682e-01
  1.475977e+00   2.782657e+01   6.143025e-01
  1.480665e+00   2.782373e+01   6.130861e-01
  1.485353e+00   2.799169e+01   6.236918e-01
  1.490042e+00   2.766516e+01   6.390720e-01
  1.494730e+00   2.722747e+01   6.451855e-01
  1.499418e+00   2.860765e+01   6.698418e-01
  1.504106e+00   2.768889e+01   6.666177e-01
  1.508795e+00   2.667417e+01   6.612334e-01
  1.513483e+00   2.659585e+01   6.435305e-01
  1.518171e+00   2.695962e+01   6.334409e-01
  1.522859e+00   2.644548e+01   6.187564e-01
  1.527548e+00   2.680501e+01   6.162890e-01
  1.532236e+00   2.655376e+01   6.075187e-01
  1.536924e+00   2.646917e+01   6.017275e-01
  1.541612e+00   2.724481e+01   6.072575e-01
  1.546300e+00   2.737906e+01   6.072818e-01
  1.550989e+00   2.737303e+01   6.050519e-01
  1.555677e+00   2.681158e+01   5.957593e-01
  1.560365e+00   2.797165e+01   6.056674e-01
  1.565053e+00   2.746877e+01   5.974340e-01
  1.569742e+00   2.681305e+01   5.878708e-01
  1.574430e+00   2.694073e+01   5.880297e-01
  1.579118e+00   2.680044e+01   5.869348e-01
  1.583806e+00   2.664080e+01   5.858529e-01
  1.588495e+00   2.725400e+01   5.932523e-01
  1.593183e+00   2.626516e+01   5.826658e-01
  1.597871e+00   2.758116e+01   5.967159e-01
  1.602559e+00   2.694328e+01   5.889116e-01
  1.607247e+00   2.679328e+01   5.863403e-01
  1.611936e+00   2.719932e+01   5.896364e-01
  1.616624e+00   2.617540e+01   5.776182e-01
  1.621312e+00   2.680833e+01   5.837157e-01
  1.626000e+00   2.693328e+01   5.841889e-01
  1.630689e+00   2.662806e+01   5.799367e-01
  1.635377e+00   2.643045e+01   5.769254e-01
  1.640065e+00   2.740893e+01   5.866511e-01
  1.644753e+00   2.753331e+01   5.871788e-01
  1.649441e+00   2.701226e+01   5.807714e-01
  1.654130e+00   2.643803e+01   5.736471e-01
  1.658818e+00   2.694603e+01   5.783182e-01
  1.663506e+00   2.677734e+01   5.757508e-01
  1.668194e+00   2.658029e+01   5.729085e-01
  1.672883e+00   2.679995e+01   5.742760e-01
  1.677571e+00   2.605509e+01   5.655002e-01
  1.682259e+00   2.661954e+01   5.709078e-01
  1.686947e+00   2.627806e+01   5.665147e-01
  1.691636e+00   2.734311e+01   5.769372e-01
  1.696324e+00   2.726662e+01   5.753585e-01
  1.701012e+00   2.772371e+01   5.794561e-01
  1.705700e+00   2.668941e+01   5.678731e-01
  1.710388e+00   2.686629e+01   5.689071e-01
  1.715077e+00   2.594001e+01   5.582311e-01
  1.719765e+00   2.626011e+01   5.609696e-01
  1.724453e+00   2.580685e+01   5.554749e-01
  1.729141e+00   2.720621e+01   5.695818e-01
  1.733830e+00   2.765006e+01   5.733271e-01
  1.738518e+00   2.726125e+01   5.686380e-01
  1.743206e+00   2.611064e+01   5.558402e-01
  1.747894e+00   2.645947e+01   5.589489e-01
  1.752583e+00   2.647542e+01   5.585141e-01
  1.757271e+00   2.658500e+01   5.588080e-01
  1.761959e+00   2.673362e+01   5.596207e-01
  1.766647e+00   2.640906e+01   5.555195e-01
  1.771335e+00   2.575904e+01   5.478937e-01
  1.776024e+00   2.608532e+01   5.506577e-01
  1.780712e+00   2.651409e+01   5.545045e-01
  1.785400e+00   2.600687e+01   5.485713e-01
  1.790088e+00   2.650218e+01   5.530903e-01
  1.794777e+00   2.623427e+01   5.495173e-01
  1.799465e+00   2.652063e+01   5.518291e-01
  1.804153e+00   2.589080e+01   5.447252e-01
  1.808841e+00   2.575747e+01   5.426694e-01
  1.813530e+00   2.684336e+01   5.531418e-01
  1.818218e+00   2.744571e+01   5.587123e-01
  1.822906e+00   2.649527e+01   5.484139e-01
  1.827594e+00   2.650697e+01   5.479172e-01
  1.832282e+00   2.650625e+01   5.470096e-01
  1.836971e+00   2.659297e+01   5.473929e-01
  1.841659e+00   2.618884e+01   5.426669e-01
  1.846347e+00   2.646100e+01   5.448411e-01
  1.851035e+00   2.606934e+01   5.400054e-01
  1.855724e+00   2.641177e+01   5.429874e-01
  1.860412e+00   2.617069e+01   5.399468e-01
  1.865100e+00   2.597677e+01   5.373213e-01
  1.869788e+00   2.660350e+01   5.430327e-01
  1.874476e+00   2.648260e+01   5.411909e-01
  1.879165e+00   2.681413e+01   5.440261e-01
  1.883853e+00   2.670590e+01   5.422996e-01
  1.888541e+00   2.630138e+01   5.375370e-01
  1.893229e+00   2.556424e+01   5.295807e-01
  1.897918e+00   2.518693e+01   5.250435e-01
  1.902606e+00   2.582530e+01   5.308672e-01
  1.907294e+00   2.603821e+01   5.325224e-01
  1.911982e+00   2.571667e+01   5.284655e-01
  1.916671e+00   2.634181e+01   5.343177e-01
  1.921359e+00   2.585945e+01   5.288609e-01
  1.926047e+00   2.569549e+01   5.266494e-01
  1.930735e+00   2.552277e+01   5.241463e-01
  1.935423e+00   2.620798e+01   5.305932e-01
  1.940112e+00   2.636509e+01   5.315323e-01
  1.944800e+00   2.640747e+01   5.307690e-01
  1.949488e+00   2.624474e+01   5.277737e-01
  1.954176e+00   2.627746e+01   5.269355e-01
  1.958865e+00   2.608899e+01   5.238817e-01
  1.963553e+00   2.572242e+01   5.192752e-01
  1.968241e+00   2.516453e+01   5.130945e-01
  1.972929e+00   2.665181e+01   5.273775e-01
  1.977618e+00   2.587491e+01   5.192167e-01
  1.982306e+00   2.585616e+01   5.187405e-01
  1.986994e+00   2.620891e+01   5.221897e-01
  1.991682e+00   2.551858e+01   5.153068e-01
  1.996370e+00   2.551593e+01   5.154198e-01
  2.001059e+00   2.666255e+01   5.270348e-01
  2.005747e+00   2.601624e+01   5.204421e-01
  2.010435e+00   2.586237e+01   5.180619e-01
  2.015123e+00   2.619753e+01   5.208545e-01
  2.019812e+00   2.612483e+01   5.196214e-01
  2.024500e+00   2.632057e+01   5.211068e-01
  2.029188e+00   2.571202e+01   5.144148e-01
  2.033876e+00   2.583776e+01   5.150976e-01
  2.038565e+00   2.615971e+01   5.177523e-01
  2.043253e+00   2.634482e+01   5.191920e-01
  2.047941e+00   2.592945e+01   5.144899e-01
  2.052629e+00   2.578896e+01   5.143372e-01
  2.057317e+00   2.690440e+01   5.406945e-01
  2.062006e+00   2.623221e+01   5.435920e-01
  2.066694e+00   2.621107e+01   5.505970e-01
  2.071382e+00   2.657228e+01   5.603296e-01
  2.076070e+00   2.552838e+01   5.545695e-01
  2.080759e+00   2.665536e+01   5.717195e-01
  2.085447e+00   2.601216e+01   5.691217e-01
  2.090135e+00   2.550736e+01   5.656962e-01
  2.094823e+00   2.606801e+01   5.735149e-01
  2.099511e+00   2.580233e+01   5.721929e-01
  2.104200e+00   2.567087e+01   5.722142e-01
  2.108888e+00   2.599163e+01   5.770593e-01
  2.113576e+00   2.609939e+01   5.795302e-01
  2.118264e+00   2.589535e+01   5.716330e-01
  2.122953e+00   2.587703e+01   5.533367e-01
  2.127641e+00   2.567370e+01   5.420353e-01
  2.132329e+00   2.547603e+01   5.333863e-01
  2.137017e+00   2.516373e+01   5.251043e-01
  2.141706e+00   2.589765e+01   5.282961e-01
  2.146394e+00   2.592107e+01   5.246685e-01
  2.151082e+00   2.641172e+01   5.266955e-01
  2.155770e+00   2.572903e+01   5.187111e-01
  2.160458e+00   2.593466e+01   5.195730e-01
  2.165147e+00   2.618795e+01   5.210138e-01
  2.169835e+00   2.591820e+01   5.171138e-01
  2.174523e+00   2.581679e+01   5.152010e-01
  2.179211e+00   2.585331e+01   5.146486e-01
  2.183900e+00   2.531392e+01   5.083547e-01
  2.188588e+00   2.569094e+01   5.111890e-01
  2.193276e+00   2.572791e+01   5.107026e-01
  2.197964e+00   2.598185e+01   5.124668e-01
  2.202653e+00   2.585032e+01   5.103592e-01
  2.207341e+00   2.605268e+01   5.115476e-01
  2.212029e+00   2.587040e+01   5.089663e-01
  2.216717e+00   2.625236e+01   5.120382e-01
  2.221405e+00   2.586548e+01   5.075017e-01
  2.226094e+00   2.591647e+01   5.073046e-01
  2.230782e+00   2.616910e+01   5.090424e-01
  2.235470e+00   2.564341e+01   5.032351e-01
  2.240158e+00   2.510201e+01   4.972481e-01
  2.244847e+00   2.560362e+01   5.016004e-01
  2.249535e+00   2.546963e+01   4.995371e-01
  2.254223e+00   2.593803e+01   5.034572e-01
  2.258911e+00   2.585542e+01   5.020965e-01
  2.263600e+00   2.583484e+01   5.013136e-01
  2.268288e+00   2.619075e+01   5.040560e-01
  2.272976e+00   2.557537e+01   4.974492e-01
  2.277664e+00   2.564352e+01   4.975857e-01
  2.282352e+00   2.534411e+01   4.941308e-01
  2.287041e+00   2.576383e+01   4.975897e-01
  2.291729e+00   2.609719e+01   5.000997e-01
  2.296417e+00   2.605866e+01   4.992634e-01
  2.301105e+00   2.594492e+01   4.976194e-01
  2.305794e+00   2.602948e+01   4.978633e-01
  2.310482e+00   2.614421e+01   4.982712e-01
  2.315170e+00   2.508914e+01   4.876630e-01
  2.319858e+00   2.594478e+01   4.953932e-01
  2.324546e+00   2.577991e+01   4.932630e-01
  2.329235e+00   2.606690e+01   4.953376e-01
  2.333923e+00   2.572796e+01   4.916483e-01
  2.338611e+00   2.572764e+01   4.911445e-01
  2.343299e+00   2.611449e+01   4.943148e-01
  2.347988e+00   2.639609e+01   4.963104e-01
  2.352676e+00   2.646727e+01   4.965228e-01
  2.357364e+00   2.588146e+01   4.905055e-01
  2.362052e+00   2.565756e+01   4.878654e-01
  2.366741e+00   2.552193e+01   4.860223e-01
  2.371429e+00   2.504870e+01   4.809768e-01
  2.376117e+00   2.589696e+01   4.886086e-01
  2.380805e+00   2.619559e+01   4.908989e-01
  2.385493e+00   2.562361e+01   4.849929e-01
  2.390182e+00   2.545528e+01   4.828981e-01
  2.394870e+00   2.561123e+01   4.838521e-01
  2.399558e+00   2.577661e+01   4.850068e-01
  2.404246e+00   2.618126e+01   4.882788e-01
  2.408935e+00   2.600765e+01   4.861225e-01
  2.413623e+00   2.588687e+01   4.845077e-01
  2.418311e+00   2.566082e+01   4.819385e-01
  2.422999e+00   2.620719e+01   4.866422e-01
  2.427688e+00   2.549571e+01   4.793619e-01
  2.432376e+00   2.560201e+01   4.799499e-01
  2.437064e+00   2.508634e+01   4.745989e-01
  2.441752e+00   2.598943e+01   4.827352e-01
  2.446440e+00   2.551100e+01   4.776449e-01
  2.451129e+00   2.602082e+01   4.819648e-01
  2.455817e+00   2.596722e+01   4.811065e-01
  2.460505e+00   2.566796e+01   4.779286e-01
  2.465193e+00   2.531734e+01   4.740385e-01
  2.469882e+00   2.506629e+01   4.711955e-01
  2.474570e+00   2.543664e+01   4.742458e-01
  2.479258e+00   2.547545e+01   4.742230e-01
  2.483946e+00   2.606867e+01   4.792381e-01
  2.488634e+00   2.551039e+01   4.735382e-01
  2.493323e+00   2.530378e+01   4.712301e-01
  2.498011e+00   2.521547e+01   4.700176e-01
  2.502699e+00   2.472749e+01   4.649935e-01
  2.507387e+00   2.533200e+01   4.701346e-01
  2.512076e+00   2.545284e+01   4.708338e-01
  2.516764e+00   2.636311e+01   4.787993e-01
  2.521452e+00   2.608346e+01   4.758101e-01
  2.526140e+00   2.633137e+01   4.775591e-01
  2.530829e+00   2.628232e+01   4.766707e-01
  2.535517e+00   2.555187e+01   4.693689e-01
  2.540205e+00   2.527362e+01   4.658990e-01
  2.544893e+00   2.558463e+01   4.677391e-01
  2.549581e+00   2.609992e+01   4.715902e-01
  2.554270e+00   2.551788e+01   4.658596e-01
  2.558958e+00   2.543896e+01   4.647364e-01
  2.563646e+00   2.572241e+01   4.669076e-01
  2.568334e+00   2.619106e+01   4.706589e-01
  2.573023e+00   2.535870e+01   4.627409e-01
  2.577711e+00   2.544556e+01   4.631438e-01
  2.582399e+00   2.559928e+01   4.641585e-01
  2.587087e+00   2.519291e+01   4.601486e-01
  2.591776e+00   2.532854e+01   4.614502e-01
  2.596464e+00   2.584011e+01   4.662618e-01
  2.601152e+00   2.563556e+01   4.644763e-01
  2.605840e+00   2.514999e+01   4.596380e-01
  2.610528e+00   2.599542e+01   4.668868e-01
  2.615217e+00   2.519629e+01   4.592900e-01
  2.619905e+00   2.525548e+01   4.595086e-01
  2.624593e+00   2.586863e+01   4.645209e-01
  2.629281e+00   2.500220e+01   4.563045e-01
  2.633970e+00   2.536649e+01   4.592223e-01
  2.638658e+00   2.560152e+01   4.610268e-01
  2.643346e+00   2.577755e+01   4.621452e-01
  2.648034e+00   2.616509e+01   4.652480e-01
  2.652723e+00   2.576462e+01   4.612907e-01
  2.657411e+00   2.549943e+01   4.584998e-01
  2.662099e+00   2.480356e+01   4.517971e-01
  2.666787e+00   2.569155e+01   4.593388e-01
  2.671475e+00   2.502009e+01   4.529313e-01
  2.676164e+00   2.508066e+01   4.531946e-01
  2.680852e+00   2.505635e+01   4.526590e-01
  2.685540e+00   2.504201e+01   4.520065e-01
  2.690228e+00   2.515454e+01   4.525972e-01
  2.694917e+00   2.576314e+01   4.578196e-01
  2.699605e+00   2.599323e+01   4.594813e-01
  2.704293e+00   2.592307e+01   4.583004e-01
  2.708981e+00   2.569382e+01   4.558982e-01
  2.713669e+00   2.550134e+01   4.538810e-01
  2.718358e+00   2.514340e+01   4.503053e-01
  2.723046e+00   2.508661e+01   4.493654e-01
  2.727734e+00   2.458689e+01   4.444727e-01
  2.732422e+00   2.549621e+01   4.523131e-01
  2.737111e+00   2.569861e+01   4.537418e-01
  2.741799e+00   2.535485e+01   4.502839e-01
  2.746487e+00   2.505808e+01   4.472286e-01
  2.751175e+00   2.612328e+01   4.563167e-01
  2.755864e+00   2.515187e+01   4.474100e-01
  2.760552e+00   2.441607e+01   4.404315e-01
  2.765240e+00   2.541119e+01   4.488952e-01
  2.769928e+00   2.594048e+01   4.532028e-01
  2.774616e+00   2.567378e+01   4.505734e-01
  2.779305e+00   2.552619e+01   4.488720e-01
  2.783993e+00   2.601580e+01   4.527378e-01
  2.788681e+00   2.501488e+01   4.436253e-01
  2.793369e+00   2.472527e+01   4.408261e-01
  2.798058e+00   2.494892e+01   4.423515e-01
  2.802746e+00   2.514423e+01   4.438757e-01
  2.807434e+00   2.537177e+01   4.456278e-01
  2.812122e+00   2.457772e+01   4.380053e-01
  2.816811e+00   2.476405e+01   4.393679e-01
  2.821499e+00   2.533200e+01   4.439434e-01
  2.826187e+00   2.502442e+01   4.408427e-01
  2.830875e+00   2.446369e+01   4.355497e-01
  2.835563e+00   2.550070e+01   4.443807e-01
  2.840252e+00   2.544688e+01   4.434587e-01
  2.844940e+00   2.549668e+01   4.435790e-01
  2.849628e+00   2.567598e+01   4.447917e-01
  2.854316e+00   2.520267e+01   4.403561e-01
  2.859005e+00   2.538419e+01   4.493754e-01
  2.863693e+00   2.462514e+01   4.523135e-01
  2.868381e+00   2.467675e+01   4.587644e-01
  2.873069e+00   2.535804e+01   4.700963e-01
  2.877758e+00   2.540356e+01   4.746210e-01
  2.882446e+00   2.450441e+01   4.690520e-01
  2.887134e+00   2.525032e+01   4.777175e-01
  2.891822e+00   2.511949e+01   4.778689e-01
  2.896510e+00   2.552005e+01   4.829993e-01
  2.901199e+00   2.552447e+01   4.841722e-01
  2.905887e+00   2.556541e+01   4.857730e-01
  2.910575e+00   2.548542e+01   4.860822e-01
  2.915263e+00   2.518316e+01   4.841813e-01
  2.919952e+00   2.527232e+01   4.855843e-01
  2.924640e+00   2.512785e+01   4.711072e-01
  2.929328e+00   2.542787e+01   4.655346e-01
  2.934016e+00   2.563030e+01   4.620369e-01
  2.938704e+00   2.520469e+01   4.540474e-01
  2.943393e+00   2.510335e+01   4.498666e-01
  2.948081e+00   2.496687e+01   4.468941e-01
  2.952769e+00   2.514147e+01   4.473370e-01
  2.957457e+00   2.516859e+01   4.466743e-01
  2.962146e+00   2.466562e+01   4.412442e-01
  2.966834e+00   2.484849e+01   4.421910e-01
  2.971522e+00   2.494480e+01   4.421787e-01
  2.976210e+00   2.488831e+01   4.409906e-01
  2.980899e+00   2.547964e+01   4.454528e-01
  2.985587e+00   2.570428e+01   4.467341e-01
  2.990275e+00   2.489754e+01   4.390327e-01
  2.994963e+00   2.522762e+01   4.414004e-01
  2.999651e+00   2.474470e+01   4.365270e-01
  3.004340e+00   2.487701e+01   4.371026e-01
  3.009028e+00   2.604282e+01   4.466660e-01
  3.013716e+00   2.587837e+01   4.447637e-01
  3.018404e+00   2.569420e+01   4.426408e-01
  3.023093e+00   2.511638e+01   4.370807e-01
  3.027781e+00   2.608664e+01   4.449232e-01
  3.032469e+00   2.584109e+01   4.423768e-01
  3.037157e+00   2.518704e+01   4.362992e-01
  3.041846e+00   2.518867e+01   4.357609e-01
  3.046534e+00   2.527039e+01   4.359878e-01
  3.051222e+00   2.534225e+01   4.362889e-01
  3.055910e+00   2.529104e+01   4.354359e-01
  3.060598e+00   2.583567e+01   4.394571e-01
  3.065287e+00   2.488244e+01   4.308755e-01
  3.069975e+00   2.511936e+01   4.325113e-01
  3.074663e+00   2.470189e+01   4.285458e-01
  3.079351e+00   2.479631e+01   4.288782e-01
  3.084040e+00   2.533246e+01   4.330259e-01
  3.088728e+00   2.549328e+01   4.340347e-01
  3.093416e+00   2.580279e+01   4.364281e-01
  3.098104e+00   2.536201e+01   4.322143e-01
  3.102793e+00   2.587063e+01   4.360682e-01
  3.107481e+00   2.542692e+01   4.319400e-01
  3.112169e+00   2.505311e+01   4.283360e-01
  3.116857e+00   2.514289e+01   4.286724e-01
  3.121545e+00   2.544898e+01   4.308358e-01
  3.126234e+00   2.514447e+01   4.278954e-01
  3.130922e+00   2.484198e+01   4.250103e-01
  3.135610e+00   2.511914e+01   4.269843e-01
  3.140298e+00   2.520689e+01   4.275266e-01
  3.144987e+00   2.498097e+01   4.252583e-01
  3.149675e+00   2.495040e+01   4.244221e-01
  3.154363e+00   2.540926e+01   4.279792e-01
  3.159051e+00   2.548632e+01   4.281636e-01
  3.163739e+00   2.563285e+01   4.290299e-01
  3.168428e+00   2.547013e+01   4.273885e-01
  3.173116e+00   2.511775e+01   4.241377e-01
  3.177804e+00   2.522564e+01   4.245831e-01
  3.182492e+00   2.600975e+01   4.307612e-01
  3.187181e+00   2.571006e+01   4.279490e-01
  3.191869e+00   2.591640e+01   4.293218e-01
  3.196557e+00   2.516984e+01   4.226985e-01
  3.201245e+00   2.486830e+01   4.198085e-01
  3.205934e+00   2.482903e+01   4.191570e-01
  3.210622e+00   2.448238e+01   4.159531e-01
  3.215310e+00   2.547245e+01   4.238592e-01
  3.219998e+00   2.512063e+01   4.204310e-01
  3.224686e+00   2.515330e+01   4.200206e-01
  3.229375e+00   2.505922e+01   4.184497e-01
  3.234063e+00   2.489368e+01   4.165498e-01
  3.238751e+00   2.563868e+01   4.223736e-01
  3.243439e+00   2.548873e+01   4.208044e-01
  3.248128e+00   2.542253e+01   4.199786e-01
  3.252816e+00   2.539185e+01   4.194041e-01
  3.257504e+00   2.542521e+01   4.192823e-01
  3.262192e+00   2.520382e+01   4.171739e-01
  3.266881e+00   2.524861e+01   4.172340e-01
  3.271569e+00   2.456948e+01   4.112898e-01
  3.276257e+00   2.516440e+01   4.159352e-01
  3.280945e+00   2.474622e+01   4.125307e-01
  3.285633e+00   2.473076e+01   4.125448e-01
  3.290322e+00   2.544071e+01   4.183838e-01
  3.295010e+00   2.503560e+01   4.146919e-01
  3.299698e+00   2.492450e+01   4.134590e-01
  3.304386e+00   2.514935e+01   4.149964e-01
  3.309075e+00   2.592417e+01   4.210830e-01
  3.313763e+00   2.574271e+01   4.192602e-01
  3.318451e+00   2.557822e+01   4.175701e-01
  3.323139e+00   2.570446e+01   4.183309e-01
  3.327828e+00   2.569865e+01   4.179535e-01
  3.332516e+00   2.513544e+01   4.130937e-01
  3.337204e+00   2.502267e+01   4.117792e-01
  3.341892e+00   2.523132e+01   4.132906e-01
  3.346580e+00   2.549110e+01   4.151070e-01
  3.351269e+00   2.588456e+01   4.179494e-01
  3.355957e+00   2.587766e+01   4.183828e-01
  3.360645e+00   2.520353e+01   4.230044e-01
  3.365333e+00   2.506234e+01   4.284947e-01
  3.370022e+00   2.510984e+01   4.336036e-01
  3.374710e+00   2.568707e+01   4.407206e-01
  3.379398e+00   2.473076e+01   4.340529e-01
  3.384086e+00   2.529454e+01   4.403948e-01
  3.388774e+00   2.482588e+01   4.367874e-01
  3.393463e+00   2.469641e+01   4.352809e-01
  3.398151e+00   2.486966e+01   4.372304e-01
  3.402839e+00   2.493453e+01   4.387700e-01
  3.407527e+00   2.515709e+01   4.417018e-01
  3.412216e+00   2.559521e+01   4.463786e-01
  3.416904e+00   2.513714e+01   4.431936e-01
  3.421592e+00   2.509631e+01   4.436835e-01
  3.426280e+00   2.522512e+01   4.455547e-01
  3.430969e+00   2.536427e+01   4.475721e-01
  3.435657e+00   2.517385e+01   4.466354e-01
  3.440345e+00   2.524643e+01   4.478519e-01
  3.445033e+00   2.509648e+01   4.472052e-01
  3.449721e+00   2.506642e+01   4.476705e-01
  3.454410e+00   2.491848e+01   4.468520e-01
  3.459098e+00   2.474649e+01   4.458859e-01
  3.463786e+00   2.512140e+01   4.498223e-01
  3.468474e+00   2.471586e+01   4.467543e-01
  3.473163e+00   2.463565e+01   4.465064e-01
  3.477851e+00   2.449610e+01   4.457984e-01
  3.482539e+00   2.491228e+01   4.502711e-01
  3.487227e+00   2.506751e+01   4.519544e-01
  3.491916e+00   2.465059e+01   4.487119e-01
  3.496604e+00   2.504217e+01   4.527209e-01
  3.501292e+00   2.502445e+01   4.530212e-01
  3.505980e+00   2.447685e+01   4.485114e-01
  3.510668e+00   2.467275e+01   4.507497e-01
  3.515357e+00   2.506795e+01   4.547308e-01
  3.520045e+00   2.512966e+01   4.557962e-01
  3.524733e+00   2.435196e+01   4.490659e-01
  3.529421e+00   2.449059e+01   4.507202e-01
  3.534110e+00   2.483890e+01   4.543705e-01
  3.538798e+00   2.539358e+01   4.597726e-01
  3.543486e+00   2.468393e+01   4.537014e-01
  3.548174e+00   2.498074e+01   4.568247e-01
  3.552863e+00   2.498848e+01   4.572482e-01
  3.557551e+00   2.489910e+01   4.567746e-01
  3.562239e+00   2.465756e+01   4.549624e-01
  3.566927e+00   2.507698e+01   4.591673e-01
  3.571615e+00   2.526118e+01   4.611754e-01
  3.576304e+00   2.539782e+01   4.627507e-01
  3.580992e+00   2.489489e+01   4.584349e-01
  3.585680e+00   2.500883e+01   4.592151e-01
  3.590368e+00   2.485082e+01   4.573316e-01
  3.595057e+00   2.496129e+01   4.579386e-01
  3.599745e+00   2.504601e+01   4.583164e-01
  3.604433e+00   2.495717e+01   4.572274e-01
  3.609121e+00   2.495991e+01   4.577284e-01
  3.613809e+00   2.428371e+01   4.515489e-01
  3.618498e+00   2.445182e+01   4.533467e-01
  3.623186e+00   2.513118e+01   4.599285e-01
  3.627874e+00   2.543021e+01   4.629391e-01
  3.632562e+00   2.540167e+01   4.629228e-01
  3.637251e+00   2.443961e+01   4.543805e-01
  3.641939e+00   2.475220e+01   4.575377e-01
  3.646627e+00   2.438561e+01   4.544460e-01
  3.651315e+00   2.544836e+01   4.644694e-01
  3.656004e+00   2.518755e+01   4.625501e-01
  3.660692e+00   2.529148e+01   4.706623e-01
  3.665380e+00   2.547167e+01   4.892328e-01
  3.670068e+00   2.489387e+01   4.920105e-01
  3.674756e+00   2.539828e+01   5.047932e-01
  3.679445e+00   2.522235e+01   5.090585e-01
  3.684133e+00   2.553909e+01   5.157441e-01
  3.688821e+00   2.450905e+01   5.083565e-01
  3.693509e+00   2.561007e+01   5.227254e-01
  3.698198e+00   2.513453e+01   5.206815e-01
  3.702886e+00   2.563461e+01   5.287078e-01
  3.707574e+00   2.519482e+01   5.267767e-01
  3.712262e+00   2.440933e+01   5.211292e-01
  3.716951e+00   2.427126e+01   5.221221e-01
  3.721639e+00   2.444204e+01   5.264518e-01
  3.726327e+00   2.494362e+01   5.342203e-01
  3.731015e+00   2.546661e+01   5.422719e-01
  3.735703e+00   2.469595e+01   5.363221e-01
  3.740392e+00   2.539003e+01   5.462139e-01
  3.745080e+00   2.526565e+01   5.471399e-01
  3.749768e+00   2.493229e+01   5.458325e-01
  3.754456e+00   2.479107e+01   5.465166e-01
  3.759145e+00   2.531800e+01   5.545802e-01
  3.763833e+00   2.495272e+01   5.527616e-01
  3.768521e+00   2.458759e+01   5.509170e-01
  3.773209e+00   2.508722e+01   5.586565e-01
  3.777897e+00   2.463854e+01   5.558307e-01
  3.782586e+00   2.429965e+01   5.541163e-01
  3.787274e+00   2.473732e+01   5.612494e-01
  3.791962e+00   2.486404e+01   5.648392e-01
  3.796650e+00   2.509856e+01   5.696457e-01
  3.801339e+00   2.458744e+01   5.659348e-01
  3.806027e+00   2.508250e+01   5.737413e-01
  3.810715e+00   2.502911e+01   5.752658e-01
  3.815403e+00   2.520553e+01   5.794166e-01
  3.820092e+00   2.528834e+01   5.825080e-01
  3.824780e+00   2.465722e+01   5.773033e-01
  3.829468e+00   2.476832e+01   5.807396e-01
  3.834156e+00   2.442172e+01   5.787163e-01
  3.838844e+00   2.490604e+01   5.865652e-01
  3.843533e+00   2.513607e+01   5.913684e-01
  3.848221e+00   2.546739e+01   5.973713e-01
  3.852909e+00   2.498906e+01   5.938733e-01
  3.857597e+00   2.463359e+01   5.917428e-01
  3.862286e+00   2.464336e+01   5.939686e-01
  3.866974e+00   2.513213e+01   6.019443e-01
  3.871662e+00   2.612878e+01   6.160699e-01
  3.876350e+00   2.529443e+01   6.083902e-01
  3.881039e+00   2.433435e+01   5.986454e-01
  3.885727e+00   2.522532e+01   6.116503e-01
  3.890415e+00   2.566546e+01   6.190749e-01
  3.895103e+00   2.444929e+01   6.064173e-01
  3.899791e+00   2.507787e+01   6.162527e-01
  3.904480e+00   2.545424e+01   6.230757e-01
  3.909168e+00   2.492217e+01   6.186504e-01
  3.913856e+00   2.426335e+01   6.126394e-01
  3.918544e+00   2.508995e+01   6.250606e-01
  3.923233e+00   2.509546e+01   6.273835e-01
  3.927921e+00   2.489638e+01   6.269965e-01
  3.932609e+00   2.542415e+01   6.357522e-01
  3.937297e+00   2.558986e+01   6.389673e-01
  3.941986e+00   2.532604e+01   6.364645e-01
  3.946674e+00   2.509086e+01   6.341485e-01
  3.951362e+00   2.564338e+01   6.407222e-01
  3.956050e+00   2.474749e+01   6.283697e-01
  3.960738e+00   2.460480e+01   6.263919e-01
  3.965427e+00   2.501271e+01   6.323177e-01
  3.970115e+00   2.481386e+01   6.317464e-01
  3.974803e+00   2.551956e+01   6.427189e-01
  3.979491e+00   2.597868e+01   6.502904e-01
  3.984180e+00   2.562147e+01   6.479793e-01
  3.988868e+00   2.602213e+01   6.552004e-01
  3.993556e+00   2.518354e+01   6.467147e-01
  3.998244e+00   2.513245e+01   6.482642e-01
  4.002932e+00   2.394456e+01   6.349184e-01
  4.007621e+00   2.474548e+01   6.475840e-01
  4.012309e+00   2.401807e+01   6.401494e-01
  4.016997e+00   2.503560e+01   6.557889e-01
  4.021685e+00   2.530234e+01   6.615428e-01
  4.026374e+00   2.395597e+01   6.458805e-01
  4.031062e+00   2.479268e+01   6.592832e-01
  4.035750e+00   2.505720e+01   6.650362e-01
  4.040438e+00   2.516693e+01   6.687953e-01
  4.045127e+00   2.482758e+01   6.665468e-01
  4.049815e+00   2.453776e+01   6.649091e-01
  4.054503e+00   2.464395e+01   6.686181e-01
  4.059191e+00   2.511634e+01   6.773540e-01
  4.063879e+00   2.402034e+01   6.647077e-01
  4.068568e+00   2.539242e+01   6.857781e-01
  4.073256e+00   2.590422e+01   6.950363e-01
  4.077944e+00   2.435556e+01   6.763114e-01
  4.082632e+00   2.529890e+01   6.916800e-01
  4.087321e+00   2.575612e+01   7.003550e-01
  4.092009e+00   2.560562e+01   7.007476e-01
  4.096697e+00   2.444001e+01   6.870207e-01
  4.101385e+00   2.478330e+01   6.942338e-01
  4.106074e+00   2.493739e+01   6.988932e-01
  4.110762e+00   2.347960e+01   6.805862e-01
  4.115450e+00   2.471619e+01   7.007505e-01
  4.120138e+00   2.569103e+01   7.169356e-01
  4.124826e+00   2.455602e+01   7.034478e-01
  4.129515e+00   2.479155e+01   7.093970e-01
  4.134203e+00   2.489753e+01   7.134335e-01
  4.138891e+00   2.510541e+01   7.190125e-01
  4.143579e+00   2.402068e+01   7.058578e-01
  4.148268e+00   2.482955e+01   7.203028e-01
  4.152956e+00   2.536535e+01   7.306774e-01
  4.157644e+00   2.513651e+01   7.299582e-01
  4.162332e+00   2.508668e+01   7.320246e-01
  4.167021e+00   2.406425e+01   7.195985e-01
  4.171709e+00   2.624739e+01   7.542426e-01
  4.176397e+00   2.546923e+01   7.457957e-01
  4.181085e+00   2.458301e+01   7.354403e-01
  4.185773e+00   2.427251e+01   7.335913e-01
  4.190462e+00   2.584915e+01   7.599630e-01
  4.195150e+00   2.509821e+01   7.525715e-01
  4.199838e+00   2.498675e+01   7.530231e-01
  4.204526e+00   2.472770e+01   7.517009e-01
  4.209215e+00   2.473578e+01   7.547278e-01
  4.213903e+00   2.632144e+01   7.815399e-01
  4.218591e+00   2.501818e+01   7.648877e-01
  4.223279e+00   2.545136e+01   7.745243e-01
  4.227967e+00   2.495499e+01   7.698901e-01
  4.232656e+00   2.457531e+01   7.670277e-01
  4.237344e+00   2.535092e+01   7.821554e-01
  4.242032e+00   2.543559e+01   7.865403e-01
  4.246720e+00   2.428856e+01   7.716053e-01
  4.251409e+00   2.437009e+01   7.761396e-01
  4.256097e+00   2.607059e+01   8.059083e-01
  4.260785e+00   2.574108e+01   8.040309e-01
  4.265473e+00   2.566050e+01   8.068382e-01
  4.270162e+00   2.422539e+01   7.878935e-01
  4.274850e+00   2.445861e+01   7.973502e-01
  4.279538e+00   2.510799e+01   8.114951e-01
  4.284226e+00   2.427548e+01   7.978166e-01
  4.288914e+00   2.468840e+01   8.071066e-01
  4.293603e+00   2.521368e+01   8.191260e-01
  4.298291e+00   2.399565e+01   8.026112e-01
  4.302979e+00   2.498030e+01   8.222387e-01
  4.307667e+00   2.575194e+01   8.384721e-01
  4.312356e+00   2.454766e+01   8.222639e-01
  4.317044e+00   2.566467e+01   8.442701e-01
  4.321732e+00   2.506261e+01   8.380039e-01
  4.326420e+00   2.467034e+01   8.351517e-01
  4.331109e+00   2.463145e+01   8.380654e-01
  4.335797e+00   2.602830e+01   8.653775e-01
  4.340485e+00   2.588563e+01   8.677115e-01
  4.345173e+00   2.454367e+01   8.481482e-01
  4.349861e+00   2.333647e+01   8.305441e-01
  4.354550e+00   2.532944e+01   8.692982e-01
  4.359238e+00   2.444192e+01   8.578246e-01
  4.363926e+00   2.464461e+01   8.653477e-01
  4.368614e+00   2.446874e+01   8.662673e-01
  4.373303e+00   2.490168e+01   8.780847e-01
  4.377991e+00   2.494636e+01   8.829806e-01
  4.382679e+00   2.565925e+01   8.997534e-01
  4.387367e+00   2.544561e+01   9.004143e-01
  4.392056e+00   2.500495e+01   8.968416e-01
  4.396744e+00   2.500986e+01   9.012612e-01
  4.401432e+00   2.559026e+01   9.171088e-01
  4.406120e+00   2.547577e+01   9.176377e-01
  4.410808e+00   2.595109e+01   9.268026e-01
  4.415497e+00   2.486398e+01   9.077871e-01
  4.420185e+00   2.606714e+01   9.300665e-01
  4.424873e+00   2.397647e+01   8.926684e-01
  4.429561e+00   2.525431e+01   9.167732e-01
  4.434250e+00   2.551901e+01   9.222043e-01
  4.438938e+00   2.364292e+01   8.883290e-01
  4.443626e+00   2.383757e+01   8.924806e-01
  4.448314e+00   2.569951e+01   9.288983e-01
  4.453002e+00   2.343948e+01   8.913813e-01
  4.457691e+00   2.515182e+01   9.280641e-01
  4.462379e+00   2.731675e+01   9.720641e-01
  4.467067e+00   2.527374e+01   9.397736e-01
  4.471755e+00   2.448996e+01   9.298382e-01
  4.476444e+00   2.601815e+01   9.634432e-01
  4.481132e+00   2.625057e+01   9.728107e-01
  4.485820e+00   2.543702e+01   9.627545e-01
  4.490508e+00   2.578834e+01   9.745323e-01
  4.495197e+00   2.667821e+01   9.965270e-01
  4.499885e+00   2.697686e+01   1.007514e+00
  4.504573e+00   2.491278e+01   9.734908e-01
  4.509261e+00   2.501330e+01   9.808717e-01
  4.513949e+00   2.589813e+01   1.003698e+00
  4.518638e+00   2.482882e+01   9.883111e-01
  4.523326e+00   2.455093e+01   9.883885e-01
  4.528014e+00   2.412569e+01   9.854084e-01
  4.532702e+00   2.392056e+01   9.868900e-01
  4.537391e+00   2.344297e+01   9.826956e-01
  4.542079e+00   2.504118e+01   1.021725e+00
  4.546767e+00   2.454596e+01   1.017650e+00
  4.551455e+00   2.559971e+01   1.045525e+00
  4.556144e+00   2.454234e+01   1.029947e+00
  4.560832e+00   2.476427e+01   1.040960e+00
  4.565520e+00   2.630327e+01   1.079491e+00
  4.570208e+00   2.501596e+01   1.059494e+00
  4.574896e+00   2.518626e+01   1.069952e+00
  4.579585e+00   2.553286e+01   1.084214e+00
  4.584273e+00   2.440423e+01   1.066874e+00
  4.588961e+00   2.581820e+01   1.104569e+00
  4.593649e+00   2.564795e+01   1.108253e+00
  4.598338e+00   2.446182e+01   1.089794e+00
  4.603026e+00   2.327834e+01   1.070362e+00
  4.607714e+00   2.504453e+01   1.117889e+00
  4.612402e+00   2.516354e+01   1.128372e+00
  4.617091e+00   2.675903e+01   1.171822e+00
  4.621779e+00   2.468055e+01   1.133617e+00
  4.626467e+00   2.605215e+01   1.173223e+00
  4.631155e+00   2.552846e+01   1.169917e+00
  4.635843e+00   2.475295e+01   1.160595e+00
  4.640532e+00   2.423328e+01   1.157022e+00
  4.645220e+00   2.479560e+01   1.179518e+00
  4.649908e+00   2.550360e+01   1.205632e+00
  4.654596e+00   2.479708e+01   1.198176e+00
  4.659285e+00   2.486222e+01   1.209343e+00
  4.663973e+00   2.410126e+01   1.200349e+00
  4.668661e+00   2.393655e+01   1.206374e+00
  4.673349e+00   2.448520e+01   1.230359e+00
  4.678037e+00   2.406669e+01   1.230159e+00
  4.682726e+00   2.413014e+01   1.242396e+00
  4.687414e+00   2.361805e+01   1.240035e+00
  4.692102e+00   2.503645e+01   1.288363e+00
  4.696790e+00   2.489187e+01   1.296277e+00
  4.701479e+00   2.446613e+01   1.296984e+00
  4.706167e+00   2.317537e+01   1.274139e+00
  4.710855e+00   2.599672e+01   1.362742e+00
  4.715543e+00   2.525850e+01   1.356363e+00
  4.720232e+00   2.433883e+01   1.344608e+00
  4.724920e+00   2.442121e+01   1.360448e+00
  4.729608e+00   2.500227e+01   1.390999e+00
  4.734296e+00   2.584243e+01   1.429207e+00
  4.738984e+00   2.591148e+01   1.446399e+00
  4.743673e+00   2.525830e+01   1.443624e+00
  4.748361e+00   2.608520e+01   1.483699e+00
  4.753049e+00   2.508398e+01   1.471826e+00
  4.757737e+00   2.355002e+01   1.442692e+00
  4.762426e+00   2.613451e+01   1.537856e+00
  4.767114e+00   2.494350e+01   1.521065e+00
  4.771802e+00   2.390692e+01   1.508180e+00
  4.776490e+00   2.536247e+01   1.573242e+00
  4.781179e+00   2.576487e+01   1.606401e+00
  4.785867e+00   2.573346e+01   1.627435e+00
  4.790555e+00   2.563529e+01   1.647126e+00
  4.795243e+00   2.577940e+01   1.675109e+00
  4.799931e+00   2.509946e+01   1.676902e+00
  4.804620e+00   2.404721e+01   1.666667e+00
  4.809308e+00   2.319391e+01   1.662358e+00
  4.813996e+00   2.434023e+01   1.729983e+00
  4.818684e+00   2.275792e+01   1.700191e+00
  4.823373e+00   2.568235e+01   1.838000e+00
  4.828061e+00   2.559695e+01   1.867516e+00
  4.832749e+00   2.834582e+01   2.000910e+00
  4.837437e+00   2.385274e+01   1.870454e+00
  4.842125e+00   2.541496e+01   1.969584e+00
  4.846814e+00   2.733746e+01   2.084178e+00
  4.851502e+00   2.435675e+01   2.008817e+00
  4.856190e+00   2.364625e+01   2.024359e+00
  4.860878e+00   2.564324e+01   2.157339e+00
  4.865567e+00   2.472163e+01   2.169333e+00
  4.870255e+00   2.687249e+01   2.320169e+00
  4.874943e+00   2.782266e+01   2.426799e+00
  4.879631e+00   2.656898e+01   2.438379e+00
  4.884320e+00   2.835611e+01   2.594285e+00
  4.889008e+00   2.860069e+01   2.691170e+00
  4.893696e+00   2.535338e+01   2.620805e+00
  4.898384e+00   2.281085e+01   2.576283e+00
  4.903072e+00   2.518199e+01   2.814744e+00
  4.907761e+00   2.508159e+01   2.968582e+00
  4.912449e+00   2.465781e+01   4.066964e+00
  4.917137e+00   4.790640e+01   1.558398e+01
