# [1] GI
# Sample c= 1.06 mg/ml
#
# Sample environment:
# Detector = Pilatus
# PixelSize_1 = 0.000172
# PixelSize_2 = 0.000172
#
# title = [1] GI
# Frame 31 of 120
# Time per frame (s) = 1.0
# SampleDistance = 2.869
# WaveLength = 9.919e-11
# Normalization = 0.001062898
# DiodeCurr = 8.663145e-05
# MachCurr = 68.7255
# Mask = /data/bm29/archive/CALIBRATION/MASK/BM29/Pcon_19thNovember2015_7keV_v3.edf
#
# N 3
# L q*nm  I_[1] GI  stddev
#
# Sample Information:
# Storage Temperature (degrees C): 20.0
# Measurement Temperature (degrees C): 20.08
# Concentration: 1.06
# Code: GI
  3.200246e-02   1.830173e+02   2.040038e+01
  3.669069e-02   5.662251e+02   1.629124e+01
  4.137892e-02   8.671118e+02   1.501802e+01
  4.606715e-02   8.099405e+02   1.201806e+01
  5.075538e-02   6.206489e+02   9.556332e+00
  5.544361e-02   5.116244e+02   8.015890e+00
  6.013183e-02   4.305223e+02   7.030171e+00
  6.482006e-02   3.667760e+02   6.225670e+00
  6.950829e-02   3.284889e+02   5.653260e+00
  7.419652e-02   3.152043e+02   5.315813e+00
  7.888475e-02   2.852687e+02   4.888716e+00
  8.357298e-02   2.718177e+02   4.629936e+00
  8.826121e-02   2.601319e+02   4.401044e+00
  9.294944e-02   2.551418e+02   4.230895e+00
  9.763767e-02   2.452071e+02   4.033316e+00
  1.023259e-01   2.348140e+02   3.852996e+00
  1.070141e-01   2.370205e+02   3.782608e+00
  1.117024e-01   2.251640e+02   3.603230e+00
  1.163906e-01   2.224773e+02   3.494947e+00
  1.210788e-01   2.218963e+02   3.421768e+00
  1.257670e-01   2.153100e+02   3.305852e+00
  1.304553e-01   2.140438e+02   3.238063e+00
  1.351435e-01   2.155314e+02   3.183833e+00
  1.398317e-01   2.155442e+02   3.128953e+00
  1.445200e-01   2.117878e+02   3.050310e+00
  1.492082e-01   2.083248e+02   2.976994e+00
  1.538964e-01   2.064462e+02   2.911370e+00
  1.585846e-01   2.040250e+02   2.848330e+00
  1.632729e-01   2.011107e+02   2.786843e+00
  1.679611e-01   2.025522e+02   2.757448e+00
  1.726493e-01   2.009967e+02   2.706137e+00
  1.773376e-01   1.995730e+02   2.656234e+00
  1.820258e-01   1.983542e+02   2.614103e+00
  1.867140e-01   1.937260e+02   2.550915e+00
  1.914022e-01   1.954512e+02   2.529899e+00
  1.960905e-01   1.893560e+02   2.455482e+00
  2.007787e-01   1.913216e+02   2.441867e+00
  2.054669e-01   1.893074e+02   2.401265e+00
  2.101552e-01   1.868028e+02   2.358605e+00
  2.148434e-01   1.842004e+02   2.312126e+00
  2.195316e-01   1.809637e+02   2.266695e+00
  2.242199e-01   1.834239e+02   2.258388e+00
  2.289081e-01   1.808914e+02   2.219749e+00
  2.335963e-01   1.796198e+02   2.187128e+00
  2.382845e-01   1.783229e+02   2.156275e+00
  2.429728e-01   1.764446e+02   2.124407e+00
  2.476610e-01   1.742058e+02   2.090999e+00
  2.523492e-01   1.752654e+02   2.076691e+00
  2.570375e-01   1.759047e+02   2.059149e+00
  2.617257e-01   1.723660e+02   2.020335e+00
  2.664139e-01   1.688954e+02   1.982455e+00
  2.711021e-01   1.667947e+02   1.953056e+00
  2.757904e-01   1.647593e+02   1.922481e+00
  2.804786e-01   1.658421e+02   1.913538e+00
  2.851668e-01   1.628339e+02   1.880735e+00
  2.898551e-01   1.617710e+02   1.858394e+00
  2.945433e-01   1.629362e+02   1.850049e+00
  2.992315e-01   1.589153e+02   1.853330e+00
  3.039197e-01   1.559180e+02   1.850272e+00
  3.086080e-01   1.528301e+02   1.837166e+00
  3.132962e-01   1.555805e+02   1.854590e+00
  3.179844e-01   1.533694e+02   1.841004e+00
  3.226727e-01   1.499033e+02   1.820031e+00
  3.273609e-01   1.507201e+02   1.822948e+00
  3.320491e-01   1.482501e+02   1.804701e+00
  3.367374e-01   1.458119e+02   1.785088e+00
  3.414256e-01   1.450605e+02   1.776865e+00
  3.461138e-01   1.414463e+02   1.751002e+00
  3.508020e-01   1.395152e+02   1.734828e+00
  3.554903e-01   1.406101e+02   1.735122e+00
  3.601785e-01   1.382571e+02   1.717259e+00
  3.648667e-01   1.375353e+02   1.725110e+00
  3.695550e-01   1.353398e+02   1.750044e+00
  3.742432e-01   1.351399e+02   1.768517e+00
  3.789314e-01   1.313999e+02   1.760341e+00
  3.836196e-01   1.288025e+02   1.754016e+00
  3.883079e-01   1.283164e+02   1.760213e+00
  3.929961e-01   1.256290e+02   1.757592e+00
  3.976843e-01   1.255688e+02   1.781050e+00
  4.023726e-01   1.250403e+02   1.794925e+00
  4.070608e-01   1.216637e+02   1.777739e+00
  4.117490e-01   1.202726e+02   1.771021e+00
  4.164372e-01   1.199241e+02   1.771424e+00
  4.211255e-01   1.188353e+02   1.766890e+00
  4.258137e-01   1.169068e+02   1.753975e+00
  4.305019e-01   1.182055e+02   1.762044e+00
  4.351902e-01   1.143018e+02   1.729132e+00
  4.398784e-01   1.128070e+02   1.715709e+00
  4.445666e-01   1.132393e+02   1.738687e+00
  4.492548e-01   1.104682e+02   1.775919e+00
  4.539431e-01   1.093098e+02   1.800584e+00
  4.586313e-01   1.078415e+02   1.815418e+00
  4.633195e-01   1.052245e+02   1.817239e+00
  4.680078e-01   1.055271e+02   1.841341e+00
  4.726960e-01   1.059340e+02   1.864608e+00
  4.773842e-01   1.018109e+02   1.846141e+00
  4.820725e-01   9.942524e+01   1.841915e+00
  4.867607e-01   9.756779e+01   1.842054e+00
  4.914489e-01   9.844683e+01   1.866487e+00
  4.961371e-01   9.887351e+01   1.885942e+00
  5.008254e-01   9.268683e+01   1.840992e+00
  5.055136e-01   9.123929e+01   1.841859e+00
  5.102018e-01   9.025095e+01   1.789846e+00
  5.148901e-01   9.104216e+01   1.734864e+00
  5.195783e-01   9.104138e+01   1.705699e+00
  5.242665e-01   8.618626e+01   1.640136e+00
  5.289547e-01   8.526036e+01   1.615796e+00
  5.336430e-01   8.406498e+01   1.590518e+00
  5.383312e-01   8.313742e+01   1.570216e+00
  5.430194e-01   8.451054e+01   1.573597e+00
  5.477077e-01   8.221595e+01   1.543471e+00
  5.523959e-01   8.076595e+01   1.521281e+00
  5.570841e-01   7.939027e+01   1.500032e+00
  5.617723e-01   7.801727e+01   1.480704e+00
  5.664606e-01   7.776297e+01   1.471800e+00
  5.711488e-01   7.718308e+01   1.460515e+00
  5.758370e-01   7.232305e+01   1.405893e+00
  5.805253e-01   7.251657e+01   1.399089e+00
  5.852135e-01   7.210920e+01   1.386219e+00
  5.899017e-01   7.206937e+01   1.376240e+00
  5.945900e-01   6.950841e+01   1.340720e+00
  5.992782e-01   6.838844e+01   1.321317e+00
  6.039664e-01   6.815728e+01   1.311336e+00
  6.086546e-01   6.834495e+01   1.305316e+00
  6.133429e-01   6.608003e+01   1.275221e+00
  6.180311e-01   6.666343e+01   1.273278e+00
  6.227193e-01   6.463679e+01   1.246869e+00
  6.274076e-01   6.454147e+01   1.240748e+00
  6.320958e-01   6.446839e+01   1.236593e+00
  6.367840e-01   6.134008e+01   1.202752e+00
  6.414722e-01   5.970309e+01   1.184209e+00
  6.461605e-01   6.183822e+01   1.202406e+00
  6.508487e-01   6.055357e+01   1.187303e+00
  6.555369e-01   5.823085e+01   1.160828e+00
  6.602252e-01   5.673398e+01   1.143384e+00
  6.649134e-01   5.734019e+01   1.147082e+00
  6.696016e-01   5.833534e+01   1.154591e+00
  6.742898e-01   5.502477e+01   1.118212e+00
  6.789781e-01   5.531057e+01   1.118675e+00
  6.836663e-01   5.471669e+01   1.110307e+00
  6.883545e-01   5.382925e+01   1.099223e+00
  6.930428e-01   5.194627e+01   1.076888e+00
  6.977310e-01   5.062266e+01   1.060665e+00
  7.024192e-01   5.067126e+01   1.059040e+00
  7.071074e-01   4.990142e+01   1.048953e+00
  7.117957e-01   4.964260e+01   1.043852e+00
  7.164839e-01   4.985597e+01   1.043383e+00
  7.211721e-01   4.882191e+01   1.030553e+00
  7.258604e-01   4.696286e+01   1.008680e+00
  7.305486e-01   4.687868e+01   1.006068e+00
  7.352368e-01   4.842015e+01   1.019326e+00
  7.399251e-01   4.633049e+01   9.954747e-01
  7.446133e-01   4.401693e+01   9.685649e-01
  7.493015e-01   4.511757e+01   9.794632e-01
  7.539897e-01   4.530322e+01   9.786296e-01
  7.586780e-01   4.283664e+01   9.491611e-01
  7.633662e-01   4.344318e+01   9.539779e-01
  7.680544e-01   4.250314e+01   9.419566e-01
  7.727427e-01   4.237833e+01   9.384384e-01
  7.774309e-01   4.046071e+01   9.148296e-01
  7.821191e-01   4.057185e+01   9.144874e-01
  7.868073e-01   4.006623e+01   9.071458e-01
  7.914956e-01   3.899936e+01   8.930717e-01
  7.961838e-01   3.970912e+01   8.991147e-01
  8.008720e-01   4.045736e+01   9.058807e-01
  8.055603e-01   3.949935e+01   8.934132e-01
  8.102485e-01   3.798343e+01   8.746385e-01
  8.149367e-01   3.820877e+01   8.749878e-01
  8.196249e-01   3.737074e+01   8.636956e-01
  8.243132e-01   3.755619e+01   8.644567e-01
  8.290014e-01   3.627143e+01   8.479665e-01
  8.336896e-01   3.647465e+01   8.483724e-01
  8.383779e-01   3.642160e+01   8.461390e-01
  8.430661e-01   3.604358e+01   8.403063e-01
  8.477543e-01   3.463357e+01   8.221971e-01
  8.524425e-01   3.592368e+01   8.357351e-01
  8.571308e-01   3.587201e+01   8.337870e-01
  8.618190e-01   3.510526e+01   8.231466e-01
  8.665072e-01   3.450410e+01   8.144569e-01
  8.711955e-01   3.357701e+01   8.020042e-01
  8.758837e-01   3.313796e+01   7.949372e-01
  8.805719e-01   3.278288e+01   7.892810e-01
  8.852602e-01   3.357851e+01   7.975243e-01
  8.899484e-01   3.376856e+01   7.984732e-01
  8.946366e-01   3.302461e+01   7.876199e-01
  8.993248e-01   3.298398e+01   7.859946e-01
  9.040131e-01   3.357380e+01   7.915426e-01
  9.087013e-01   3.250750e+01   7.776563e-01
  9.133895e-01   3.167478e+01   7.659322e-01
  9.180778e-01   3.181082e+01   7.662895e-01
  9.227660e-01   3.120959e+01   7.575933e-01
  9.274542e-01   3.204307e+01   7.665046e-01
  9.321424e-01   3.140209e+01   7.573712e-01
  9.368307e-01   3.130270e+01   7.545587e-01
  9.415189e-01   3.125821e+01   7.528546e-01
  9.462071e-01   3.026284e+01   7.396552e-01
  9.508954e-01   3.142688e+01   7.523347e-01
  9.555836e-01   3.153500e+01   7.520776e-01
  9.602718e-01   3.117416e+01   7.465652e-01
  9.649600e-01   3.023699e+01   7.340786e-01
  9.696483e-01   3.145117e+01   7.475472e-01
  9.743365e-01   2.966749e+01   7.243503e-01
  9.790247e-01   2.942932e+01   7.203990e-01
  9.837130e-01   2.949736e+01   7.200145e-01
  9.884012e-01   2.937874e+01   7.174706e-01
  9.930894e-01   2.909375e+01   7.125736e-01
  9.977777e-01   2.852953e+01   7.043806e-01
  1.002466e+00   2.823058e+01   6.996274e-01
  1.007154e+00   2.964896e+01   7.158191e-01
  1.011842e+00   2.929971e+01   7.104199e-01
  1.016531e+00   2.878215e+01   7.027066e-01
  1.021219e+00   2.833549e+01   6.961313e-01
  1.025907e+00   2.861359e+01   6.985679e-01
  1.030595e+00   2.955669e+01   7.088621e-01
  1.035283e+00   2.950674e+01   7.066843e-01
  1.039972e+00   2.952355e+01   7.059273e-01
  1.044660e+00   2.880786e+01   6.963334e-01
  1.049348e+00   2.889173e+01   6.961404e-01
  1.054036e+00   2.880655e+01   6.937914e-01
  1.058725e+00   2.850097e+01   6.890709e-01
  1.063413e+00   2.787913e+01   6.804340e-01
  1.068101e+00   2.806228e+01   6.816956e-01
  1.072789e+00   2.868804e+01   6.879609e-01
  1.077478e+00   2.798614e+01   6.783833e-01
  1.082166e+00   2.799709e+01   6.774609e-01
  1.086854e+00   2.789026e+01   6.751982e-01
  1.091542e+00   2.795170e+01   6.749215e-01
  1.096230e+00   2.869964e+01   6.824983e-01
  1.100919e+00   2.784798e+01   6.713589e-01
  1.105607e+00   2.810653e+01   6.735683e-01
  1.110295e+00   2.717043e+01   6.612196e-01
  1.114983e+00   2.807479e+01   6.710229e-01
  1.119672e+00   2.792922e+01   6.683305e-01
  1.124360e+00   2.745165e+01   6.614821e-01
  1.129048e+00   2.794380e+01   6.663826e-01
  1.133736e+00   2.781637e+01   6.636354e-01
  1.138425e+00   2.775454e+01   6.619024e-01
  1.143113e+00   2.747693e+01   6.576084e-01
  1.147801e+00   2.790591e+01   6.618906e-01
  1.152489e+00   2.744307e+01   6.551864e-01
  1.157177e+00   2.701394e+01   6.489369e-01
  1.161866e+00   2.755503e+01   6.546054e-01
  1.166554e+00   2.784634e+01   6.570978e-01
  1.171242e+00   2.705859e+01   6.466531e-01
  1.175930e+00   2.692475e+01   6.440337e-01
  1.180619e+00   2.749698e+01   6.499084e-01
  1.185307e+00   2.801792e+01   6.550851e-01
  1.189995e+00   2.691220e+01   6.412155e-01
  1.194683e+00   2.739162e+01   6.456434e-01
  1.199372e+00   2.817233e+01   6.538811e-01
  1.204060e+00   2.775406e+01   6.483020e-01
  1.208748e+00   2.805815e+01   6.513107e-01
  1.213436e+00   2.705290e+01   6.380636e-01
  1.218124e+00   2.726360e+01   6.394637e-01
  1.222813e+00   2.623689e+01   6.264211e-01
  1.227501e+00   2.666201e+01   6.307282e-01
  1.232189e+00   2.704110e+01   6.341305e-01
  1.236877e+00   2.789972e+01   6.430368e-01
  1.241566e+00   2.772137e+01   6.402135e-01
  1.246254e+00   2.813227e+01   6.441121e-01
  1.250942e+00   2.819410e+01   6.589546e-01
  1.255630e+00   2.776894e+01   6.716672e-01
  1.260318e+00   2.835449e+01   6.900471e-01
  1.265007e+00   2.829228e+01   6.984166e-01
  1.269695e+00   2.771225e+01   6.991217e-01
  1.274383e+00   2.757697e+01   7.044872e-01
  1.279071e+00   2.739082e+01   7.088773e-01
  1.283760e+00   2.724010e+01   7.131586e-01
  1.288448e+00   2.780715e+01   7.265568e-01
  1.293136e+00   2.783785e+01   7.327037e-01
  1.297824e+00   2.771071e+01   7.365141e-01
  1.302513e+00   2.837873e+01   7.497755e-01
  1.307201e+00   2.892447e+01   7.591296e-01
  1.311889e+00   2.799761e+01   7.475494e-01
  1.316577e+00   2.756880e+01   7.132934e-01
  1.321265e+00   2.784941e+01   6.991335e-01
  1.325954e+00   2.716359e+01   6.793473e-01
  1.330642e+00   2.684990e+01   6.668206e-01
  1.335330e+00   2.614543e+01   6.508285e-01
  1.340018e+00   2.663967e+01   6.508467e-01
  1.344707e+00   2.671981e+01   6.463655e-01
  1.349395e+00   2.696726e+01   6.445352e-01
  1.354083e+00   2.729848e+01   6.435642e-01
  1.358771e+00   2.714229e+01   6.374618e-01
  1.363460e+00   2.721003e+01   6.347687e-01
  1.368148e+00   2.734639e+01   6.345628e-01
  1.372836e+00   2.704566e+01   6.293532e-01
  1.377524e+00   2.705018e+01   6.279700e-01
  1.382212e+00   2.680389e+01   6.238707e-01
  1.386901e+00   2.732653e+01   6.286073e-01
  1.391589e+00   2.764677e+01   6.308789e-01
  1.396277e+00   2.770304e+01   6.301910e-01
  1.400965e+00   2.652087e+01   6.154624e-01
  1.405654e+00   2.679052e+01   6.174574e-01
  1.410342e+00   2.643407e+01   6.122003e-01
  1.415030e+00   2.696470e+01   6.169567e-01
  1.419718e+00   2.783555e+01   6.257877e-01
  1.424406e+00   2.751536e+01   6.212179e-01
  1.429095e+00   2.752293e+01   6.202115e-01
  1.433783e+00   2.716209e+01   6.148283e-01
  1.438471e+00   2.674847e+01   6.091858e-01
  1.443159e+00   2.669922e+01   6.076936e-01
  1.447848e+00   2.744853e+01   6.151531e-01
  1.452536e+00   2.694430e+01   6.083301e-01
  1.457224e+00   2.729806e+01   6.113298e-01
  1.461912e+00   2.663072e+01   6.029269e-01
  1.466601e+00   2.747137e+01   6.114382e-01
  1.471289e+00   2.728844e+01   6.083626e-01
  1.475977e+00   2.755468e+01   6.106144e-01
  1.480665e+00   2.684898e+01   6.015819e-01
  1.485353e+00   2.683869e+01   6.100326e-01
  1.490042e+00   2.749398e+01   6.363835e-01
  1.494730e+00   2.634196e+01   6.339018e-01
  1.499418e+00   2.742229e+01   6.550884e-01
  1.504106e+00   2.765156e+01   6.654276e-01
  1.508795e+00   2.673663e+01   6.612713e-01
  1.513483e+00   2.621565e+01   6.382039e-01
  1.518171e+00   2.737296e+01   6.375688e-01
  1.522859e+00   2.773226e+01   6.329269e-01
  1.527548e+00   2.730840e+01   6.213575e-01
  1.532236e+00   2.644045e+01   6.055473e-01
  1.536924e+00   2.676719e+01   6.044328e-01
  1.541612e+00   2.645025e+01   5.976719e-01
  1.546300e+00   2.632145e+01   5.947752e-01
  1.550989e+00   2.667746e+01   5.966510e-01
  1.555677e+00   2.623391e+01   5.886513e-01
  1.560365e+00   2.648611e+01   5.887098e-01
  1.565053e+00   2.695838e+01   5.911996e-01
  1.569742e+00   2.774712e+01   5.973580e-01
  1.574430e+00   2.706027e+01   5.886778e-01
  1.579118e+00   2.688391e+01   5.871946e-01
  1.583806e+00   2.663295e+01   5.851155e-01
  1.588495e+00   2.682329e+01   5.878915e-01
  1.593183e+00   2.597290e+01   5.787709e-01
  1.597871e+00   2.629081e+01   5.819427e-01
  1.602559e+00   2.639116e+01   5.821984e-01
  1.607247e+00   2.564844e+01   5.730391e-01
  1.611936e+00   2.571591e+01   5.726949e-01
  1.616624e+00   2.640144e+01   5.794619e-01
  1.621312e+00   2.703528e+01   5.855297e-01
  1.626000e+00   2.645568e+01   5.783425e-01
  1.630689e+00   2.593520e+01   5.717058e-01
  1.635377e+00   2.618693e+01   5.736231e-01
  1.640065e+00   2.627004e+01   5.736951e-01
  1.644753e+00   2.721991e+01   5.831783e-01
  1.649441e+00   2.641509e+01   5.736775e-01
  1.654130e+00   2.594136e+01   5.676016e-01
  1.658818e+00   2.611378e+01   5.686843e-01
  1.663506e+00   2.598821e+01   5.665731e-01
  1.668194e+00   2.554948e+01   5.610653e-01
  1.672883e+00   2.631436e+01   5.684170e-01
  1.677571e+00   2.578604e+01   5.619475e-01
  1.682259e+00   2.598981e+01   5.634874e-01
  1.686947e+00   2.626863e+01   5.657834e-01
  1.691636e+00   2.703412e+01   5.730304e-01
  1.696324e+00   2.624865e+01   5.638885e-01
  1.701012e+00   2.659681e+01   5.669264e-01
  1.705700e+00   2.651353e+01   5.653698e-01
  1.710388e+00   2.615815e+01   5.607354e-01
  1.715077e+00   2.629646e+01   5.614286e-01
  1.719765e+00   2.636533e+01   5.614675e-01
  1.724453e+00   2.632869e+01   5.604392e-01
  1.729141e+00   2.616025e+01   5.579047e-01
  1.733830e+00   2.597972e+01   5.551222e-01
  1.738518e+00   2.611860e+01   5.559745e-01
  1.743206e+00   2.668759e+01   5.613230e-01
  1.747894e+00   2.607161e+01   5.542203e-01
  1.752583e+00   2.589568e+01   5.517513e-01
  1.757271e+00   2.503740e+01   5.416963e-01
  1.761959e+00   2.620390e+01   5.534327e-01
  1.766647e+00   2.569441e+01   5.473425e-01
  1.771335e+00   2.578801e+01   5.475923e-01
  1.776024e+00   2.584841e+01   5.475422e-01
  1.780712e+00   2.581724e+01   5.465609e-01
  1.785400e+00   2.569728e+01   5.446903e-01
  1.790088e+00   2.627049e+01   5.500552e-01
  1.794777e+00   2.700334e+01   5.568941e-01
  1.799465e+00   2.662230e+01   5.522712e-01
  1.804153e+00   2.566122e+01   5.417019e-01
  1.808841e+00   2.688230e+01   5.537756e-01
  1.813530e+00   2.573899e+01   5.410417e-01
  1.818218e+00   2.597841e+01   5.429680e-01
  1.822906e+00   2.549458e+01   5.373598e-01
  1.827594e+00   2.548964e+01   5.367026e-01
  1.832282e+00   2.539752e+01   5.348518e-01
  1.836971e+00   2.589001e+01   5.395092e-01
  1.841659e+00   2.583271e+01   5.383654e-01
  1.846347e+00   2.589500e+01   5.383834e-01
  1.851035e+00   2.560512e+01   5.345809e-01
  1.855724e+00   2.559357e+01   5.339167e-01
  1.860412e+00   2.590329e+01   5.365840e-01
  1.865100e+00   2.678367e+01   5.449963e-01
  1.869788e+00   2.616307e+01   5.379204e-01
  1.874476e+00   2.560105e+01   5.315155e-01
  1.879165e+00   2.549833e+01   5.299205e-01
  1.883853e+00   2.627222e+01   5.372804e-01
  1.888541e+00   2.582209e+01   5.320245e-01
  1.893229e+00   2.614211e+01   5.349375e-01
  1.897918e+00   2.659019e+01   5.388716e-01
  1.902606e+00   2.670228e+01   5.392055e-01
  1.907294e+00   2.616835e+01   5.332581e-01
  1.911982e+00   2.535827e+01   5.241869e-01
  1.916671e+00   2.610463e+01   5.313154e-01
  1.921359e+00   2.597029e+01   5.294039e-01
  1.926047e+00   2.553574e+01   5.244262e-01
  1.930735e+00   2.539654e+01   5.222674e-01
  1.935423e+00   2.558540e+01   5.236703e-01
  1.940112e+00   2.551424e+01   5.223040e-01
  1.944800e+00   2.577959e+01   5.238381e-01
  1.949488e+00   2.570937e+01   5.217823e-01
  1.954176e+00   2.531070e+01   5.165766e-01
  1.958865e+00   2.517248e+01   5.140253e-01
  1.963553e+00   2.515905e+01   5.129862e-01
  1.968241e+00   2.555513e+01   5.164865e-01
  1.972929e+00   2.573529e+01   5.176542e-01
  1.977618e+00   2.582172e+01   5.181062e-01
  1.982306e+00   2.592572e+01   5.188605e-01
  1.986994e+00   2.590495e+01   5.185756e-01
  1.991682e+00   2.538529e+01   5.133879e-01
  1.996370e+00   2.564554e+01   5.161529e-01
  2.001059e+00   2.526133e+01   5.124288e-01
  2.005747e+00   2.598396e+01   5.195408e-01
  2.010435e+00   2.623204e+01   5.211713e-01
  2.015123e+00   2.508191e+01   5.090770e-01
  2.019812e+00   2.505297e+01   5.082846e-01
  2.024500e+00   2.575620e+01   5.149168e-01
  2.029188e+00   2.563525e+01   5.130752e-01
  2.033876e+00   2.612673e+01   5.173942e-01
  2.038565e+00   2.594411e+01   5.150411e-01
  2.043253e+00   2.620004e+01   5.171878e-01
  2.047941e+00   2.671648e+01   5.216590e-01
  2.052629e+00   2.644163e+01   5.202259e-01
  2.057317e+00   2.626048e+01   5.335911e-01
  2.062006e+00   2.589649e+01   5.395020e-01
  2.066694e+00   2.525341e+01   5.398442e-01
  2.071382e+00   2.537351e+01   5.469358e-01
  2.076070e+00   2.647709e+01   5.641524e-01
  2.080759e+00   2.625904e+01   5.668226e-01
  2.085447e+00   2.530724e+01   5.607332e-01
  2.090135e+00   2.553020e+01   5.653204e-01
  2.094823e+00   2.503925e+01   5.614595e-01
  2.099511e+00   2.512714e+01   5.640291e-01
  2.104200e+00   2.628110e+01   5.783319e-01
  2.108888e+00   2.654550e+01   5.825272e-01
  2.113576e+00   2.612431e+01   5.791623e-01
  2.118264e+00   2.609998e+01   5.732492e-01
  2.122953e+00   2.576480e+01   5.515218e-01
  2.127641e+00   2.586752e+01   5.434727e-01
  2.132329e+00   2.642365e+01   5.426119e-01
  2.137017e+00   2.625535e+01   5.357769e-01
  2.141706e+00   2.601336e+01   5.288864e-01
  2.146394e+00   2.545165e+01   5.193182e-01
  2.151082e+00   2.637885e+01   5.257826e-01
  2.155770e+00   2.678764e+01   5.286863e-01
  2.160458e+00   2.647672e+01   5.243912e-01
  2.165147e+00   2.589784e+01   5.175440e-01
  2.169835e+00   2.573865e+01   5.147466e-01
  2.174523e+00   2.596462e+01   5.160996e-01
  2.179211e+00   2.573122e+01   5.128614e-01
  2.183900e+00   2.528742e+01   5.075238e-01
  2.188588e+00   2.538675e+01   5.075887e-01
  2.193276e+00   2.627719e+01   5.155518e-01
  2.197964e+00   2.602790e+01   5.123506e-01
  2.202653e+00   2.539466e+01   5.052788e-01
  2.207341e+00   2.616945e+01   5.121226e-01
  2.212029e+00   2.600224e+01   5.096943e-01
  2.216717e+00   2.581211e+01   5.071622e-01
  2.221405e+00   2.548229e+01   5.031685e-01
  2.226094e+00   2.593008e+01   5.068738e-01
  2.230782e+00   2.570391e+01   5.039368e-01
  2.235470e+00   2.543069e+01   5.005864e-01
  2.240158e+00   2.503079e+01   4.959902e-01
  2.244847e+00   2.527787e+01   4.978453e-01
  2.249535e+00   2.587886e+01   5.029746e-01
  2.254223e+00   2.624357e+01   5.058509e-01
  2.258911e+00   2.581722e+01   5.011678e-01
  2.263600e+00   2.620833e+01   5.043631e-01
  2.268288e+00   2.564328e+01   4.982055e-01
  2.272976e+00   2.608039e+01   5.017782e-01
  2.277664e+00   2.581883e+01   4.987287e-01
  2.282352e+00   2.539365e+01   4.940638e-01
  2.287041e+00   2.490161e+01   4.886489e-01
  2.291729e+00   2.470582e+01   4.860448e-01
  2.296417e+00   2.552793e+01   4.936039e-01
  2.301105e+00   2.590536e+01   4.966872e-01
  2.305794e+00   2.595220e+01   4.965711e-01
  2.310482e+00   2.494689e+01   4.861868e-01
  2.315170e+00   2.549353e+01   4.910310e-01
  2.319858e+00   2.531450e+01   4.887950e-01
  2.324546e+00   2.565796e+01   4.915479e-01
  2.329235e+00   2.531617e+01   4.876100e-01
  2.333923e+00   2.580428e+01   4.918296e-01
  2.338611e+00   2.591317e+01   4.923643e-01
  2.343299e+00   2.547126e+01   4.876465e-01
  2.347988e+00   2.531794e+01   4.855285e-01
  2.352676e+00   2.535192e+01   4.854080e-01
  2.357364e+00   2.560445e+01   4.873312e-01
  2.362052e+00   2.516863e+01   4.826576e-01
  2.366741e+00   2.593276e+01   4.893738e-01
  2.371429e+00   2.633672e+01   4.926396e-01
  2.376117e+00   2.503693e+01   4.798929e-01
  2.380805e+00   2.498379e+01   4.788771e-01
  2.385493e+00   2.525555e+01   4.809618e-01
  2.390182e+00   2.626499e+01   4.899730e-01
  2.394870e+00   2.579384e+01   4.850342e-01
  2.399558e+00   2.625344e+01   4.889281e-01
  2.404246e+00   2.577110e+01   4.839005e-01
  2.408935e+00   2.609214e+01   4.863703e-01
  2.413623e+00   2.530914e+01   4.785382e-01
  2.418311e+00   2.601319e+01   4.846967e-01
  2.422999e+00   2.589071e+01   4.831572e-01
  2.427688e+00   2.620615e+01   4.854545e-01
  2.432376e+00   2.555583e+01   4.789838e-01
  2.437064e+00   2.585742e+01   4.813019e-01
  2.441752e+00   2.547728e+01   4.774239e-01
  2.446440e+00   2.472637e+01   4.697194e-01
  2.451129e+00   2.498155e+01   4.717169e-01
  2.455817e+00   2.513212e+01   4.727809e-01
  2.460505e+00   2.583872e+01   4.789827e-01
  2.465193e+00   2.537564e+01   4.740565e-01
  2.469882e+00   2.529106e+01   4.727773e-01
  2.474570e+00   2.537137e+01   4.731104e-01
  2.479258e+00   2.532217e+01   4.722686e-01
  2.483946e+00   2.594642e+01   4.775817e-01
  2.488634e+00   2.561751e+01   4.740039e-01
  2.493323e+00   2.603734e+01   4.774805e-01
  2.498011e+00   2.580817e+01   4.749809e-01
  2.502699e+00   2.519011e+01   4.688014e-01
  2.507387e+00   2.524546e+01   4.688092e-01
  2.512076e+00   2.477186e+01   4.639762e-01
  2.516764e+00   2.597073e+01   4.746944e-01
  2.521452e+00   2.595809e+01   4.741376e-01
  2.526140e+00   2.539607e+01   4.684795e-01
  2.530829e+00   2.530612e+01   4.672146e-01
  2.535517e+00   2.546093e+01   4.680122e-01
  2.540205e+00   2.571263e+01   4.694055e-01
  2.544893e+00   2.660367e+01   4.764330e-01
  2.549581e+00   2.527295e+01   4.635431e-01
  2.554270e+00   2.539838e+01   4.642508e-01
  2.558958e+00   2.539640e+01   4.638314e-01
  2.563646e+00   2.562811e+01   4.655328e-01
  2.568334e+00   2.554921e+01   4.643394e-01
  2.573023e+00   2.481299e+01   4.572259e-01
  2.577711e+00   2.490984e+01   4.577332e-01
  2.582399e+00   2.474082e+01   4.558021e-01
  2.587087e+00   2.551676e+01   4.625819e-01
  2.591776e+00   2.520636e+01   4.598242e-01
  2.596464e+00   2.513277e+01   4.593248e-01
  2.601152e+00   2.485837e+01   4.568730e-01
  2.605840e+00   2.460859e+01   4.541583e-01
  2.610528e+00   2.530832e+01   4.601631e-01
  2.615217e+00   2.567854e+01   4.631490e-01
  2.619905e+00   2.574627e+01   4.634363e-01
  2.624593e+00   2.541308e+01   4.599008e-01
  2.629281e+00   2.516782e+01   4.573044e-01
  2.633970e+00   2.572339e+01   4.619275e-01
  2.638658e+00   2.545802e+01   4.592218e-01
  2.643346e+00   2.525385e+01   4.569182e-01
  2.648034e+00   2.522458e+01   4.563020e-01
  2.652723e+00   2.491953e+01   4.531581e-01
  2.657411e+00   2.547004e+01   4.577261e-01
  2.662099e+00   2.512430e+01   4.542035e-01
  2.666787e+00   2.537959e+01   4.560341e-01
  2.671475e+00   2.536543e+01   4.555394e-01
  2.676164e+00   2.581961e+01   4.593112e-01
  2.680852e+00   2.503558e+01   4.519683e-01
  2.685540e+00   2.549431e+01   4.555632e-01
  2.690228e+00   2.437054e+01   4.449930e-01
  2.694917e+00   2.540765e+01   4.541446e-01
  2.699605e+00   2.506787e+01   4.507268e-01
  2.704293e+00   2.479557e+01   4.477248e-01
  2.708981e+00   2.503015e+01   4.494715e-01
  2.713669e+00   2.516599e+01   4.503855e-01
  2.718358e+00   2.562014e+01   4.540490e-01
  2.723046e+00   2.563083e+01   4.537085e-01
  2.727734e+00   2.498039e+01   4.475174e-01
  2.732422e+00   2.531849e+01   4.502329e-01
  2.737111e+00   2.477743e+01   4.450400e-01
  2.741799e+00   2.549482e+01   4.510231e-01
  2.746487e+00   2.508524e+01   4.469736e-01
  2.751175e+00   2.508688e+01   4.466762e-01
  2.755864e+00   2.602427e+01   4.545972e-01
  2.760552e+00   2.578369e+01   4.520954e-01
  2.765240e+00   2.542200e+01   4.484916e-01
  2.769928e+00   2.544187e+01   4.483272e-01
  2.774616e+00   2.542179e+01   4.478583e-01
  2.779305e+00   2.501510e+01   4.438616e-01
  2.783993e+00   2.530911e+01   4.460500e-01
  2.788681e+00   2.513051e+01   4.441552e-01
  2.793369e+00   2.507263e+01   4.434184e-01
  2.798058e+00   2.533559e+01   4.452708e-01
  2.802746e+00   2.463055e+01   4.388299e-01
  2.807434e+00   2.523301e+01   4.439135e-01
  2.812122e+00   2.610375e+01   4.508965e-01
  2.816811e+00   2.517049e+01   4.424664e-01
  2.821499e+00   2.530788e+01   4.432387e-01
  2.826187e+00   2.433218e+01   4.342192e-01
  2.830875e+00   2.539844e+01   4.432994e-01
  2.835563e+00   2.492255e+01   4.388260e-01
  2.840252e+00   2.549738e+01   4.434051e-01
  2.844940e+00   2.546152e+01   4.427805e-01
  2.849628e+00   2.477248e+01   4.364101e-01
  2.854316e+00   2.511396e+01   4.390918e-01
  2.859005e+00   2.524502e+01   4.476437e-01
  2.863693e+00   2.509965e+01   4.561430e-01
  2.868381e+00   2.580807e+01   4.686412e-01
  2.873069e+00   2.576883e+01   4.733619e-01
  2.877758e+00   2.462771e+01   4.667976e-01
  2.882446e+00   2.422029e+01   4.658065e-01
  2.887134e+00   2.536550e+01   4.782735e-01
  2.891822e+00   2.519450e+01   4.780500e-01
  2.896510e+00   2.494250e+01   4.769717e-01
  2.901199e+00   2.467041e+01   4.754739e-01
  2.905887e+00   2.535910e+01   4.832712e-01
  2.910575e+00   2.490752e+01   4.800053e-01
  2.915263e+00   2.579435e+01   4.894768e-01
  2.919952e+00   2.571667e+01   4.892901e-01
  2.924640e+00   2.598188e+01   4.785136e-01
  2.929328e+00   2.525620e+01   4.634448e-01
  2.934016e+00   2.444653e+01   4.507392e-01
  2.938704e+00   2.475956e+01   4.495198e-01
  2.943393e+00   2.434353e+01   4.425136e-01
  2.948081e+00   2.477753e+01   4.447013e-01
  2.952769e+00   2.497707e+01   4.453765e-01
  2.957457e+00   2.500556e+01   4.447303e-01
  2.962146e+00   2.535606e+01   4.468799e-01
  2.966834e+00   2.467111e+01   4.401201e-01
  2.971522e+00   2.473210e+01   4.398000e-01
  2.976210e+00   2.487580e+01   4.403897e-01
  2.980899e+00   2.507989e+01   4.414533e-01
  2.985587e+00   2.540017e+01   4.435898e-01
  2.990275e+00   2.513780e+01   4.406555e-01
  2.994963e+00   2.486298e+01   4.377117e-01
  2.999651e+00   2.494230e+01   4.377793e-01
  3.004340e+00   2.487969e+01   4.366402e-01
  3.009028e+00   2.498293e+01   4.369961e-01
  3.013716e+00   2.535052e+01   4.397150e-01
  3.018404e+00   2.520229e+01   4.378957e-01
  3.023093e+00   2.443048e+01   4.305922e-01
  3.027781e+00   2.463229e+01   4.318624e-01
  3.032469e+00   2.531436e+01   4.373582e-01
  3.037157e+00   2.508729e+01   4.349504e-01
  3.041846e+00   2.487735e+01   4.325782e-01
  3.046534e+00   2.513853e+01   4.343655e-01
  3.051222e+00   2.487088e+01   4.317319e-01
  3.055910e+00   2.456684e+01   4.286794e-01
  3.060598e+00   2.445345e+01   4.270647e-01
  3.065287e+00   2.462811e+01   4.281912e-01
  3.069975e+00   2.548459e+01   4.351599e-01
  3.074663e+00   2.494259e+01   4.301500e-01
  3.079351e+00   2.518296e+01   4.317286e-01
  3.084040e+00   2.565459e+01   4.352860e-01
  3.088728e+00   2.551238e+01   4.337145e-01
  3.093416e+00   2.518157e+01   4.306632e-01
  3.098104e+00   2.501555e+01   4.287749e-01
  3.102793e+00   2.489543e+01   4.272950e-01
  3.107481e+00   2.491035e+01   4.270546e-01
  3.112169e+00   2.522424e+01   4.293187e-01
  3.116857e+00   2.570986e+01   4.329970e-01
  3.121545e+00   2.473721e+01   4.242960e-01
  3.126234e+00   2.475033e+01   4.240567e-01
  3.130922e+00   2.449802e+01   4.215885e-01
  3.135610e+00   2.515146e+01   4.267839e-01
  3.140298e+00   2.472234e+01   4.229269e-01
  3.144987e+00   2.513949e+01   4.261312e-01
  3.149675e+00   2.529471e+01   4.268654e-01
  3.154363e+00   2.489234e+01   4.231326e-01
  3.159051e+00   2.503046e+01   4.238454e-01
  3.163739e+00   2.483193e+01   4.218045e-01
  3.168428e+00   2.512090e+01   4.239765e-01
  3.173116e+00   2.470622e+01   4.201812e-01
  3.177804e+00   2.462778e+01   4.190552e-01
  3.182492e+00   2.498814e+01   4.217474e-01
  3.187181e+00   2.512840e+01   4.226100e-01
  3.191869e+00   2.463431e+01   4.181025e-01
  3.196557e+00   2.459531e+01   4.173818e-01
  3.201245e+00   2.537487e+01   4.235913e-01
  3.205934e+00   2.536145e+01   4.231564e-01
  3.210622e+00   2.555978e+01   4.245345e-01
  3.215310e+00   2.516201e+01   4.208001e-01
  3.219998e+00   2.508841e+01   4.196942e-01
  3.224686e+00   2.488899e+01   4.173436e-01
  3.229375e+00   2.511860e+01   4.184796e-01
  3.234063e+00   2.462023e+01   4.137951e-01
  3.238751e+00   2.458430e+01   4.131377e-01
  3.243439e+00   2.501559e+01   4.164170e-01
  3.248128e+00   2.496166e+01   4.156918e-01
  3.252816e+00   2.439907e+01   4.106663e-01
  3.257504e+00   2.485571e+01   4.140991e-01
  3.262192e+00   2.529849e+01   4.174921e-01
  3.266881e+00   2.498306e+01   4.145728e-01
  3.271569e+00   2.544236e+01   4.180667e-01
  3.276257e+00   2.576502e+01   4.204018e-01
  3.280945e+00   2.480022e+01   4.125215e-01
  3.285633e+00   2.506184e+01   4.148355e-01
  3.290322e+00   2.487461e+01   4.132428e-01
  3.295010e+00   2.460908e+01   4.106871e-01
  3.299698e+00   2.556678e+01   4.182869e-01
  3.304386e+00   2.506440e+01   4.138344e-01
  3.309075e+00   2.490788e+01   4.122880e-01
  3.313763e+00   2.527486e+01   4.149711e-01
  3.318451e+00   2.542129e+01   4.158245e-01
  3.323139e+00   2.507703e+01   4.127344e-01
  3.327828e+00   2.527271e+01   4.140146e-01
  3.332516e+00   2.545045e+01   4.152122e-01
  3.337204e+00   2.526114e+01   4.132767e-01
  3.341892e+00   2.470715e+01   4.085205e-01
  3.346580e+00   2.430211e+01   4.048598e-01
  3.351269e+00   2.473577e+01   4.081155e-01
  3.355957e+00   2.516369e+01   4.121122e-01
  3.360645e+00   2.514051e+01   4.220056e-01
  3.365333e+00   2.500891e+01   4.275619e-01
  3.370022e+00   2.484075e+01   4.307945e-01
  3.374710e+00   2.534319e+01   4.372740e-01
  3.379398e+00   2.554663e+01   4.406642e-01
  3.384086e+00   2.514947e+01   4.386420e-01
  3.388774e+00   2.503120e+01   4.381023e-01
  3.393463e+00   2.491035e+01   4.366763e-01
  3.398151e+00   2.406323e+01   4.296050e-01
  3.402839e+00   2.436509e+01   4.332488e-01
  3.407527e+00   2.503331e+01   4.401240e-01
  3.412216e+00   2.504417e+01   4.410566e-01
  3.416904e+00   2.516475e+01   4.429438e-01
  3.421592e+00   2.551688e+01   4.468884e-01
  3.426280e+00   2.516492e+01   4.445281e-01
  3.430969e+00   2.502673e+01   4.440899e-01
  3.435657e+00   2.511634e+01   4.456291e-01
  3.440345e+00   2.515970e+01   4.465851e-01
  3.445033e+00   2.465215e+01   4.427360e-01
  3.449721e+00   2.504375e+01   4.469706e-01
  3.454410e+00   2.512230e+01   4.481770e-01
  3.459098e+00   2.525390e+01   4.499333e-01
  3.463786e+00   2.476398e+01   4.461144e-01
  3.468474e+00   2.496830e+01   4.485308e-01
  3.473163e+00   2.477155e+01   4.472386e-01
  3.477851e+00   2.429883e+01   4.435062e-01
  3.482539e+00   2.484307e+01   4.491454e-01
  3.487227e+00   2.508561e+01   4.516149e-01
  3.491916e+00   2.471644e+01   4.488114e-01
  3.496604e+00   2.540761e+01   4.555052e-01
  3.501292e+00   2.445161e+01   4.473082e-01
  3.505980e+00   2.484957e+01   4.514109e-01
  3.510668e+00   2.516703e+01   4.547364e-01
  3.515357e+00   2.467638e+01   4.506640e-01
  3.520045e+00   2.497528e+01   4.538888e-01
  3.524733e+00   2.537376e+01   4.578809e-01
  3.529421e+00   2.486418e+01   4.536401e-01
  3.534110e+00   2.537012e+01   4.586931e-01
  3.538798e+00   2.527427e+01   4.581814e-01
  3.543486e+00   2.486859e+01   4.548891e-01
  3.548174e+00   2.476258e+01   4.543200e-01
  3.552863e+00   2.409849e+01   4.485326e-01
  3.557551e+00   2.415957e+01   4.494399e-01
  3.562239e+00   2.406946e+01   4.490044e-01
  3.566927e+00   2.506047e+01   4.585059e-01
  3.571615e+00   2.465297e+01   4.550834e-01
  3.576304e+00   2.438424e+01   4.529190e-01
  3.580992e+00   2.483859e+01   4.574072e-01
  3.585680e+00   2.407183e+01   4.500296e-01
  3.590368e+00   2.423208e+01   4.511003e-01
  3.595057e+00   2.463787e+01   4.544564e-01
  3.599745e+00   2.503470e+01   4.577036e-01
  3.604433e+00   2.546508e+01   4.613431e-01
  3.609121e+00   2.541582e+01   4.613764e-01
  3.613809e+00   2.520789e+01   4.595497e-01
  3.618498e+00   2.518665e+01   4.595968e-01
  3.623186e+00   2.513498e+01   4.594520e-01
  3.627874e+00   2.466364e+01   4.554015e-01
  3.632562e+00   2.455985e+01   4.546814e-01
  3.637251e+00   2.414375e+01   4.511198e-01
  3.641939e+00   2.461302e+01   4.557424e-01
  3.646627e+00   2.493246e+01   4.590025e-01
  3.651315e+00   2.455420e+01   4.557295e-01
  3.656004e+00   2.451306e+01   4.558075e-01
  3.660692e+00   2.510213e+01   4.683759e-01
  3.665380e+00   2.442646e+01   4.785575e-01
  3.670068e+00   2.508667e+01   4.933631e-01
  3.674756e+00   2.454833e+01   4.957233e-01
  3.679445e+00   2.439450e+01   5.000781e-01
  3.684133e+00   2.420355e+01   5.015197e-01
  3.688821e+00   2.508714e+01   5.137451e-01
  3.693509e+00   2.422053e+01   5.077817e-01
  3.698198e+00   2.536078e+01   5.224382e-01
  3.702886e+00   2.537036e+01   5.253911e-01
  3.707574e+00   2.531720e+01   5.274675e-01
  3.712262e+00   2.438504e+01   5.202909e-01
  3.716951e+00   2.505234e+01   5.298672e-01
  3.721639e+00   2.521796e+01   5.341482e-01
  3.726327e+00   2.443766e+01   5.281867e-01
  3.731015e+00   2.423230e+01   5.283793e-01
  3.735703e+00   2.443296e+01   5.328658e-01
  3.740392e+00   2.486609e+01   5.399480e-01
  3.745080e+00   2.533358e+01   5.472659e-01
  3.749768e+00   2.490752e+01   5.449548e-01
  3.754456e+00   2.464200e+01   5.442653e-01
  3.759145e+00   2.484018e+01   5.487113e-01
  3.763833e+00   2.450089e+01   5.471252e-01
  3.768521e+00   2.493178e+01   5.541430e-01
  3.773209e+00   2.520712e+01   5.593675e-01
  3.777897e+00   2.491880e+01   5.583616e-01
  3.782586e+00   2.520267e+01   5.636911e-01
  3.787274e+00   2.492915e+01   5.627950e-01
  3.791962e+00   2.534478e+01   5.696395e-01
  3.796650e+00   2.533676e+01   5.717063e-01
  3.801339e+00   2.542729e+01   5.748795e-01
  3.806027e+00   2.538387e+01   5.765361e-01
  3.810715e+00   2.503329e+01   5.746743e-01
  3.815403e+00   2.435384e+01   5.689101e-01
  3.820092e+00   2.544375e+01   5.836456e-01
  3.824780e+00   2.462758e+01   5.763149e-01
  3.829468e+00   2.485241e+01   5.810780e-01
  3.834156e+00   2.471991e+01   5.815913e-01
  3.838844e+00   2.464913e+01   5.828835e-01
  3.843533e+00   2.496414e+01   5.886874e-01
  3.848221e+00   2.453953e+01   5.857365e-01
  3.852909e+00   2.478909e+01   5.908348e-01
  3.857597e+00   2.473512e+01   5.923019e-01
  3.862286e+00   2.471640e+01   5.941869e-01
  3.866974e+00   2.558868e+01   6.067121e-01
  3.871662e+00   2.507466e+01   6.028440e-01
  3.876350e+00   2.456066e+01   5.988343e-01
  3.881039e+00   2.408323e+01   5.948865e-01
  3.885727e+00   2.444120e+01   6.013996e-01
  3.890415e+00   2.490787e+01   6.091915e-01
  3.895103e+00   2.547833e+01   6.183592e-01
  3.899791e+00   2.570523e+01   6.232198e-01
  3.904480e+00   2.501166e+01   6.169486e-01
  3.909168e+00   2.440283e+01   6.114902e-01
  3.913856e+00   2.460621e+01   6.162669e-01
  3.918544e+00   2.486932e+01   6.216146e-01
  3.923233e+00   2.493528e+01   6.246829e-01
  3.927921e+00   2.454387e+01   6.218497e-01
  3.932609e+00   2.497509e+01   6.294121e-01
  3.937297e+00   2.402935e+01   6.184902e-01
  3.941986e+00   2.458206e+01   6.263492e-01
  3.946674e+00   2.498334e+01   6.320848e-01
  3.951362e+00   2.409007e+01   6.203235e-01
  3.956050e+00   2.430194e+01   6.219952e-01
  3.960738e+00   2.496539e+01   6.302637e-01
  3.965427e+00   2.500969e+01   6.315766e-01
  3.970115e+00   2.454124e+01   6.275681e-01
  3.974803e+00   2.425776e+01   6.259316e-01
  3.979491e+00   2.428383e+01   6.280212e-01
  3.984180e+00   2.390340e+01   6.251814e-01
  3.988868e+00   2.413095e+01   6.302413e-01
  3.993556e+00   2.503718e+01   6.441160e-01
  3.998244e+00   2.439392e+01   6.379583e-01
  4.002932e+00   2.403034e+01   6.353477e-01
  4.007621e+00   2.491155e+01   6.490311e-01
  4.012309e+00   2.573624e+01   6.619145e-01
  4.016997e+00   2.462817e+01   6.497079e-01
  4.021685e+00   2.449590e+01   6.501915e-01
  4.026374e+00   2.489924e+01   6.577415e-01
  4.031062e+00   2.465387e+01   6.567042e-01
  4.035750e+00   2.431654e+01   6.544054e-01
  4.040438e+00   2.389510e+01   6.509529e-01
  4.045127e+00   2.450739e+01   6.614985e-01
  4.049815e+00   2.478576e+01   6.675178e-01
  4.054503e+00   2.543191e+01   6.784679e-01
  4.059191e+00   2.523178e+01   6.781541e-01
  4.063879e+00   2.476092e+01   6.741266e-01
  4.068568e+00   2.502310e+01   6.800159e-01
  4.073256e+00   2.538422e+01   6.872599e-01
  4.077944e+00   2.515743e+01   6.865903e-01
  4.082632e+00   2.456217e+01   6.807769e-01
  4.087321e+00   2.396126e+01   6.747607e-01
  4.092009e+00   2.556206e+01   6.993730e-01
  4.096697e+00   2.520888e+01   6.969681e-01
  4.101385e+00   2.450771e+01   6.895957e-01
  4.106074e+00   2.457518e+01   6.930278e-01
  4.110762e+00   2.472896e+01   6.976823e-01
  4.115450e+00   2.484651e+01   7.018145e-01
  4.120138e+00   2.559523e+01   7.148022e-01
  4.124826e+00   2.455894e+01   7.027076e-01
  4.129515e+00   2.506471e+01   7.125014e-01
  4.134203e+00   2.471704e+01   7.100527e-01
  4.138891e+00   2.498425e+01   7.164778e-01
  4.143579e+00   2.607738e+01   7.346380e-01
  4.148268e+00   2.515883e+01   7.242573e-01
  4.152956e+00   2.443338e+01   7.163314e-01
  4.157644e+00   2.377392e+01   7.091087e-01
  4.162332e+00   2.498343e+01   7.297045e-01
  4.167021e+00   2.479226e+01   7.295905e-01
  4.171709e+00   2.546153e+01   7.420400e-01
  4.176397e+00   2.508389e+01   7.393096e-01
  4.181085e+00   2.500138e+01   7.408475e-01
  4.185773e+00   2.485355e+01   7.414945e-01
  4.190462e+00   2.495674e+01   7.458995e-01
  4.195150e+00   2.528254e+01   7.544903e-01
  4.199838e+00   2.559081e+01   7.612239e-01
  4.204526e+00   2.594540e+01   7.691309e-01
  4.209215e+00   2.488622e+01   7.561781e-01
  4.213903e+00   2.468300e+01   7.559833e-01
  4.218591e+00   2.547887e+01   7.710399e-01
  4.223279e+00   2.510976e+01   7.684540e-01
  4.227967e+00   2.527454e+01   7.739423e-01
  4.232656e+00   2.429093e+01   7.617291e-01
  4.237344e+00   2.463235e+01   7.701337e-01
  4.242032e+00   2.456115e+01   7.720429e-01
  4.246720e+00   2.356631e+01   7.592015e-01
  4.251409e+00   2.409499e+01   7.708886e-01
  4.256097e+00   2.464970e+01   7.827680e-01
  4.260785e+00   2.418723e+01   7.785193e-01
  4.265473e+00   2.429643e+01   7.842274e-01
  4.270162e+00   2.462417e+01   7.934688e-01
  4.274850e+00   2.508934e+01   8.066678e-01
  4.279538e+00   2.440992e+01   7.992452e-01
  4.284226e+00   2.465355e+01   8.031115e-01
  4.288914e+00   2.479642e+01   8.079712e-01
  4.293603e+00   2.578383e+01   8.274147e-01
  4.298291e+00   2.437020e+01   8.079520e-01
  4.302979e+00   2.415252e+01   8.076019e-01
  4.307667e+00   2.449813e+01   8.168967e-01
  4.312356e+00   2.416128e+01   8.148604e-01
  4.317044e+00   2.494029e+01   8.313451e-01
  4.321732e+00   2.426650e+01   8.236704e-01
  4.326420e+00   2.478882e+01   8.362241e-01
  4.331109e+00   2.453846e+01   8.355521e-01
  4.335797e+00   2.517983e+01   8.502097e-01
  4.340485e+00   2.456408e+01   8.443318e-01
  4.345173e+00   2.508975e+01   8.565781e-01
  4.349861e+00   2.574867e+01   8.714439e-01
  4.354550e+00   2.485489e+01   8.601591e-01
  4.359238e+00   2.496673e+01   8.660216e-01
  4.363926e+00   2.613434e+01   8.901276e-01
  4.368614e+00   2.617838e+01   8.950236e-01
  4.373303e+00   2.502718e+01   8.793160e-01
  4.377991e+00   2.546748e+01   8.911637e-01
  4.382679e+00   2.520062e+01   8.906850e-01
  4.387367e+00   2.397847e+01   8.730993e-01
  4.392056e+00   2.535905e+01   9.021655e-01
  4.396744e+00   2.428568e+01   8.871298e-01
  4.401432e+00   2.450591e+01   8.964702e-01
  4.406120e+00   2.512281e+01   9.102457e-01
  4.410808e+00   2.399451e+01   8.901893e-01
  4.415497e+00   2.380716e+01   8.872979e-01
  4.420185e+00   2.543231e+01   9.176502e-01
  4.424873e+00   2.463792e+01   9.038920e-01
  4.429561e+00   2.471452e+01   9.059145e-01
  4.434250e+00   2.522560e+01   9.158683e-01
  4.438938e+00   2.519721e+01   9.160441e-01
  4.443626e+00   2.461387e+01   9.058889e-01
  4.448314e+00   2.462647e+01   9.082884e-01
  4.453002e+00   2.513284e+01   9.219922e-01
  4.457691e+00   2.547935e+01   9.330490e-01
  4.462379e+00   2.512926e+01   9.312951e-01
  4.467067e+00   2.471659e+01   9.283240e-01
  4.471755e+00   2.487175e+01   9.360164e-01
  4.476444e+00   2.617121e+01   9.651989e-01
  4.481132e+00   2.560148e+01   9.596403e-01
  4.485820e+00   2.572000e+01   9.670186e-01
  4.490508e+00   2.558069e+01   9.695220e-01
  4.495197e+00   2.435881e+01   9.511647e-01
  4.499885e+00   2.422908e+01   9.537630e-01
  4.504573e+00   2.485181e+01   9.712178e-01
  4.509261e+00   2.619216e+01   1.002604e+00
  4.513949e+00   2.549881e+01   9.948229e-01
  4.518638e+00   2.424684e+01   9.755735e-01
  4.523326e+00   2.482870e+01   9.928591e-01
  4.528014e+00   2.462210e+01   9.943882e-01
  4.532702e+00   2.432600e+01   9.941120e-01
  4.537391e+00   2.505022e+01   1.014695e+00
  4.542079e+00   2.539669e+01   1.027808e+00
  4.546767e+00   2.588847e+01   1.043948e+00
  4.551455e+00   2.594380e+01   1.051358e+00
  4.556144e+00   2.550946e+01   1.048877e+00
  4.560832e+00   2.446608e+01   1.033523e+00
  4.565520e+00   2.638916e+01   1.080050e+00
  4.570208e+00   2.566382e+01   1.071933e+00
  4.574896e+00   2.324350e+01   1.026716e+00
  4.579585e+00   2.366934e+01   1.042738e+00
  4.584273e+00   2.431725e+01   1.063787e+00
  4.588961e+00   2.477349e+01   1.080788e+00
  4.593649e+00   2.499899e+01   1.092926e+00
  4.598338e+00   2.641132e+01   1.131128e+00
  4.603026e+00   2.491716e+01   1.106168e+00
  4.607714e+00   2.487644e+01   1.112893e+00
  4.612402e+00   2.512939e+01   1.126352e+00
  4.617091e+00   2.504365e+01   1.132380e+00
  4.621779e+00   2.485795e+01   1.136419e+00
  4.626467e+00   2.669589e+01   1.186309e+00
  4.631155e+00   2.558970e+01   1.170018e+00
  4.635843e+00   2.375698e+01   1.135742e+00
  4.640532e+00   2.453621e+01   1.162937e+00
  4.645220e+00   2.543046e+01   1.193194e+00
  4.649908e+00   2.535304e+01   1.200732e+00
  4.654596e+00   2.488095e+01   1.198866e+00
  4.659285e+00   2.520867e+01   1.216386e+00
  4.663973e+00   2.480945e+01   1.216503e+00
  4.668661e+00   2.506106e+01   1.233013e+00
  4.673349e+00   2.542933e+01   1.252461e+00
  4.678037e+00   2.516566e+01   1.256534e+00
  4.682726e+00   2.534379e+01   1.271841e+00
  4.687414e+00   2.453535e+01   1.262482e+00
  4.692102e+00   2.431742e+01   1.268317e+00
  4.696790e+00   2.607557e+01   1.325266e+00
  4.701479e+00   2.373215e+01   1.275961e+00
  4.706167e+00   2.708058e+01   1.375781e+00
  4.710855e+00   2.465892e+01   1.325741e+00
  4.715543e+00   2.475901e+01   1.341392e+00
  4.720232e+00   2.205954e+01   1.278678e+00
  4.724920e+00   2.446188e+01   1.360066e+00
  4.729608e+00   2.546789e+01   1.402332e+00
  4.734296e+00   2.467372e+01   1.394963e+00
  4.738984e+00   2.569226e+01   1.438667e+00
  4.743673e+00   2.513932e+01   1.438618e+00
  4.748361e+00   2.750669e+01   1.521896e+00
  4.753049e+00   2.547077e+01   1.481481e+00
  4.757737e+00   2.536862e+01   1.495696e+00
  4.762426e+00   2.505642e+01   1.504129e+00
  4.767114e+00   2.399901e+01   1.490331e+00
  4.771802e+00   2.492690e+01   1.538305e+00
  4.776490e+00   2.566251e+01   1.580762e+00
  4.781179e+00   2.499228e+01   1.580375e+00
  4.785867e+00   2.434609e+01   1.581198e+00
  4.790555e+00   2.475182e+01   1.616696e+00
  4.795243e+00   2.402868e+01   1.615432e+00
  4.799931e+00   2.435410e+01   1.649978e+00
  4.804620e+00   2.462701e+01   1.684765e+00
  4.809308e+00   2.448583e+01   1.706130e+00
  4.813996e+00   2.601793e+01   1.786623e+00
  4.818684e+00   2.624594e+01   1.823810e+00
  4.823373e+00   2.430605e+01   1.786085e+00
  4.828061e+00   2.658797e+01   1.901209e+00
  4.832749e+00   2.605114e+01   1.916079e+00
  4.837437e+00   2.414510e+01   1.879790e+00
  4.842125e+00   2.410627e+01   1.916072e+00
  4.846814e+00   2.791423e+01   2.103708e+00
  4.851502e+00   2.492306e+01   2.029776e+00
  4.856190e+00   2.897934e+01   2.238553e+00
  4.860878e+00   2.683618e+01   2.204498e+00
  4.865567e+00   2.410925e+01   2.139914e+00
  4.870255e+00   2.401443e+01   2.190881e+00
  4.874943e+00   2.736876e+01   2.404247e+00
  4.879631e+00   2.941061e+01   2.562610e+00
  4.884320e+00   2.538535e+01   2.451901e+00
  4.889008e+00   2.366836e+01   2.445423e+00
  4.893696e+00   2.586231e+01   2.644035e+00
  4.898384e+00   2.539021e+01   2.715020e+00
  4.903072e+00   2.705272e+01   2.914179e+00
  4.907761e+00   2.753933e+01   3.107171e+00
  4.912449e+00   2.663591e+01   4.222248e+00
  4.917137e+00   2.496504e+01   1.123741e+01
