# GI Buffer
# Sample c= 0.0 mg/ml
#
# Sample environment:
# Detector = Pilatus
# PixelSize_1 = 0.000172
# PixelSize_2 = 0.000172
#
# title = GI Buffer
# Frame 43 of 120
# Time per frame (s) = 1.0
# SampleDistance = 2.869
# WaveLength = 9.919e-11
# Normalization = 0.001062898
# DiodeCurr = 8.743467e-05
# MachCurr = 68.88865
# Mask = /data/bm29/archive/CALIBRATION/MASK/BM29/Pcon_19thNovember2015_7keV_v3.edf
#
# N 3
# L q*nm  I_GI Buffer  stddev
#
# Sample Information:
# Storage Temperature (degrees C): 20.0
# Measurement Temperature (degrees C): 20.08
# Concentration: 0.0
# Code: GIBuffer
  3.200246e-02   1.438311e+02   1.800174e+01
  3.669069e-02   4.562556e+02   1.455659e+01
  4.137892e-02   6.641661e+02   1.308307e+01
  4.606715e-02   5.762563e+02   1.009048e+01
  5.075538e-02   3.950386e+02   7.588989e+00
  5.544361e-02   2.747574e+02   5.847185e+00
  6.013183e-02   2.106667e+02   4.895105e+00
  6.482006e-02   1.667735e+02   4.178738e+00
  6.950829e-02   1.325226e+02   3.574205e+00
  7.419652e-02   1.093129e+02   3.116056e+00
  7.888475e-02   9.485618e+01   2.806056e+00
  8.357298e-02   8.081696e+01   2.512948e+00
  8.826121e-02   6.860024e+01   2.249664e+00
  9.294944e-02   6.433665e+01   2.114786e+00
  9.763767e-02   5.702953e+01   1.936161e+00
  1.023259e-01   5.421143e+01   1.842799e+00
  1.070141e-01   5.113098e+01   1.748785e+00
  1.117024e-01   4.614884e+01   1.623749e+00
  1.163906e-01   4.326326e+01   1.534099e+00
  1.210788e-01   4.187838e+01   1.479675e+00
  1.257670e-01   3.965856e+01   1.412264e+00
  1.304553e-01   3.659774e+01   1.332775e+00
  1.351435e-01   3.674920e+01   1.308624e+00
  1.398317e-01   3.691611e+01   1.288946e+00
  1.445200e-01   3.565275e+01   1.245764e+00
  1.492082e-01   3.560209e+01   1.225014e+00
  1.538964e-01   3.371954e+01   1.171199e+00
  1.585846e-01   3.367553e+01   1.151865e+00
  1.632729e-01   3.277450e+01   1.119847e+00
  1.679611e-01   3.132099e+01   1.079326e+00
  1.726493e-01   3.208755e+01   1.076266e+00
  1.773376e-01   3.076498e+01   1.038101e+00
  1.820258e-01   2.979340e+01   1.008459e+00
  1.867140e-01   2.881353e+01   9.792558e-01
  1.914022e-01   3.045543e+01   9.940594e-01
  1.960905e-01   3.028633e+01   9.774993e-01
  2.007787e-01   2.969411e+01   9.575710e-01
  2.054669e-01   2.944288e+01   9.426322e-01
  2.101552e-01   2.851614e+01   9.172863e-01
  2.148434e-01   2.994514e+01   9.279514e-01
  2.195316e-01   2.900303e+01   9.032645e-01
  2.242199e-01   2.799640e+01   8.782489e-01
  2.289081e-01   2.752566e+01   8.619055e-01
  2.335963e-01   2.743112e+01   8.507753e-01
  2.382845e-01   2.697781e+01   8.348335e-01
  2.429728e-01   2.792651e+01   8.412747e-01
  2.476610e-01   2.803525e+01   8.349697e-01
  2.523492e-01   2.862740e+01   8.354315e-01
  2.570375e-01   2.808567e+01   8.190066e-01
  2.617257e-01   2.807339e+01   8.115981e-01
  2.664139e-01   2.731927e+01   7.936426e-01
  2.711021e-01   2.675525e+01   7.786172e-01
  2.757904e-01   2.723070e+01   7.779691e-01
  2.804786e-01   2.777999e+01   7.795637e-01
  2.851668e-01   2.677338e+01   7.591065e-01
  2.898551e-01   2.733009e+01   7.603331e-01
  2.945433e-01   2.754982e+01   7.572333e-01
  2.992315e-01   2.648038e+01   7.530572e-01
  3.039197e-01   2.619637e+01   7.549250e-01
  3.086080e-01   2.628408e+01   7.583790e-01
  3.132962e-01   2.513710e+01   7.420343e-01
  3.179844e-01   2.706366e+01   7.697940e-01
  3.226727e-01   2.607327e+01   7.555562e-01
  3.273609e-01   2.648000e+01   7.605779e-01
  3.320491e-01   2.705090e+01   7.673520e-01
  3.367374e-01   2.745635e+01   7.710463e-01
  3.414256e-01   2.640714e+01   7.546340e-01
  3.461138e-01   2.662559e+01   7.561998e-01
  3.508020e-01   2.566894e+01   7.407054e-01
  3.554903e-01   2.488844e+01   7.266355e-01
  3.601785e-01   2.631231e+01   7.457056e-01
  3.648667e-01   2.631276e+01   7.510846e-01
  3.695550e-01   2.544928e+01   7.553878e-01
  3.742432e-01   2.625283e+01   7.758922e-01
  3.789314e-01   2.665933e+01   7.892597e-01
  3.836196e-01   2.692944e+01   7.983272e-01
  3.883079e-01   2.708125e+01   8.049234e-01
  3.929961e-01   2.653408e+01   8.040280e-01
  3.976843e-01   2.617550e+01   8.094288e-01
  4.023726e-01   2.754162e+01   8.385174e-01
  4.070608e-01   2.717370e+01   8.362918e-01
  4.117490e-01   2.595810e+01   8.189793e-01
  4.164372e-01   2.624129e+01   8.248175e-01
  4.211255e-01   2.771175e+01   8.493072e-01
  4.258137e-01   2.682703e+01   8.363451e-01
  4.305019e-01   2.669621e+01   8.335252e-01
  4.351902e-01   2.646095e+01   8.281335e-01
  4.398784e-01   2.583349e+01   8.172655e-01
  4.445666e-01   2.555453e+01   8.221529e-01
  4.492548e-01   2.515541e+01   8.435606e-01
  4.539431e-01   2.502083e+01   8.574930e-01
  4.586313e-01   2.506581e+01   8.712056e-01
  4.633195e-01   2.713212e+01   9.185261e-01
  4.680078e-01   2.707763e+01   9.284393e-01
  4.726960e-01   2.667957e+01   9.314408e-01
  4.773842e-01   2.593477e+01   9.274807e-01
  4.820725e-01   2.615588e+01   9.403765e-01
  4.867607e-01   2.703604e+01   9.651986e-01
  4.914489e-01   2.502796e+01   9.367696e-01
  4.961371e-01   2.648407e+01   9.715755e-01
  5.008254e-01   2.619882e+01   9.742711e-01
  5.055136e-01   2.692386e+01   9.959329e-01
  5.102018e-01   2.677340e+01   9.703699e-01
  5.148901e-01   2.765951e+01   9.518366e-01
  5.195783e-01   2.740250e+01   9.314809e-01
  5.242665e-01   2.568693e+01   8.912776e-01
  5.289547e-01   2.465611e+01   8.649104e-01
  5.336430e-01   2.631576e+01   8.857985e-01
  5.383312e-01   2.602404e+01   8.744692e-01
  5.430194e-01   2.554633e+01   8.611888e-01
  5.477077e-01   2.470125e+01   8.421236e-01
  5.523959e-01   2.595740e+01   8.584635e-01
  5.570841e-01   2.627856e+01   8.590407e-01
  5.617723e-01   2.516406e+01   8.370652e-01
  5.664606e-01   2.645168e+01   8.544466e-01
  5.711488e-01   2.635288e+01   8.494834e-01
  5.758370e-01   2.712135e+01   8.569698e-01
  5.805253e-01   2.684726e+01   8.473688e-01
  5.852135e-01   2.616178e+01   8.311244e-01
  5.899017e-01   2.559658e+01   8.164050e-01
  5.945900e-01   2.646047e+01   8.234061e-01
  5.992782e-01   2.521737e+01   7.986593e-01
  6.039664e-01   2.573750e+01   8.021155e-01
  6.086546e-01   2.562334e+01   7.955658e-01
  6.133429e-01   2.618730e+01   7.990825e-01
  6.180311e-01   2.631468e+01   7.962957e-01
  6.227193e-01   2.578120e+01   7.838416e-01
  6.274076e-01   2.633154e+01   7.888570e-01
  6.320958e-01   2.685969e+01   7.945105e-01
  6.367840e-01   2.673634e+01   7.904074e-01
  6.414722e-01   2.607594e+01   7.790151e-01
  6.461605e-01   2.629660e+01   7.804917e-01
  6.508487e-01   2.743478e+01   7.954965e-01
  6.555369e-01   2.615617e+01   7.744158e-01
  6.602252e-01   2.617043e+01   7.729864e-01
  6.649134e-01   2.681749e+01   7.808542e-01
  6.696016e-01   2.603153e+01   7.677293e-01
  6.742898e-01   2.633121e+01   7.699746e-01
  6.789781e-01   2.716748e+01   7.804057e-01
  6.836663e-01   2.625378e+01   7.655524e-01
  6.883545e-01   2.610304e+01   7.619355e-01
  6.930428e-01   2.605451e+01   7.591552e-01
  6.977310e-01   2.533551e+01   7.469069e-01
  7.024192e-01   2.511270e+01   7.421203e-01
  7.071074e-01   2.560380e+01   7.479074e-01
  7.117957e-01   2.640412e+01   7.577803e-01
  7.164839e-01   2.606345e+01   7.509262e-01
  7.211721e-01   2.583689e+01   7.462409e-01
  7.258604e-01   2.540186e+01   7.384223e-01
  7.305486e-01   2.480791e+01   7.285023e-01
  7.352368e-01   2.502561e+01   7.294378e-01
  7.399251e-01   2.567308e+01   7.376183e-01
  7.446133e-01   2.567038e+01   7.362596e-01
  7.493015e-01   2.635250e+01   7.451130e-01
  7.539897e-01   2.601135e+01   7.381272e-01
  7.586780e-01   2.604407e+01   7.366863e-01
  7.633662e-01   2.585017e+01   7.324959e-01
  7.680544e-01   2.529978e+01   7.233936e-01
  7.727427e-01   2.593135e+01   7.307056e-01
  7.774309e-01   2.549689e+01   7.228746e-01
  7.821191e-01   2.631352e+01   7.330789e-01
  7.868073e-01   2.587956e+01   7.257085e-01
  7.914956e-01   2.539268e+01   7.173115e-01
  7.961838e-01   2.599242e+01   7.240846e-01
  8.008720e-01   2.643073e+01   7.288243e-01
  8.055603e-01   2.617483e+01   7.239279e-01
  8.102485e-01   2.618919e+01   7.229171e-01
  8.149367e-01   2.696629e+01   7.316899e-01
  8.196249e-01   2.730295e+01   7.348448e-01
  8.243132e-01   2.668261e+01   7.252914e-01
  8.290014e-01   2.541410e+01   7.065284e-01
  8.336896e-01   2.636646e+01   7.179808e-01
  8.383779e-01   2.574275e+01   7.080852e-01
  8.430661e-01   2.566574e+01   7.058241e-01
  8.477543e-01   2.552072e+01   7.025378e-01
  8.524425e-01   2.477373e+01   6.908279e-01
  8.571308e-01   2.630603e+01   7.107237e-01
  8.618190e-01   2.600830e+01   7.052498e-01
  8.665072e-01   2.574632e+01   7.003034e-01
  8.711955e-01   2.569304e+01   6.983278e-01
  8.758837e-01   2.639722e+01   7.062280e-01
  8.805719e-01   2.631402e+01   7.038785e-01
  8.852602e-01   2.623167e+01   7.016525e-01
  8.899484e-01   2.641802e+01   7.029917e-01
  8.946366e-01   2.628469e+01   6.994315e-01
  8.993248e-01   2.651974e+01   7.015340e-01
  9.040131e-01   2.607357e+01   6.943369e-01
  9.087013e-01   2.561583e+01   6.871413e-01
  9.133895e-01   2.560016e+01   6.854106e-01
  9.180778e-01   2.598444e+01   6.893790e-01
  9.227660e-01   2.543925e+01   6.808324e-01
  9.274542e-01   2.625663e+01   6.906582e-01
  9.321424e-01   2.678003e+01   6.961951e-01
  9.368307e-01   2.662247e+01   6.926634e-01
  9.415189e-01   2.619593e+01   6.860281e-01
  9.462071e-01   2.560208e+01   6.771860e-01
  9.508954e-01   2.625562e+01   6.844907e-01
  9.555836e-01   2.595488e+01   6.791593e-01
  9.602718e-01   2.636697e+01   6.834337e-01
  9.649600e-01   2.624730e+01   6.807874e-01
  9.696483e-01   2.508377e+01   6.645268e-01
  9.743365e-01   2.609509e+01   6.762132e-01
  9.790247e-01   2.670644e+01   6.831042e-01
  9.837130e-01   2.630755e+01   6.768398e-01
  9.884012e-01   2.666960e+01   6.804430e-01
  9.930894e-01   2.640903e+01   6.757749e-01
  9.977777e-01   2.602661e+01   6.696762e-01
  1.002466e+00   2.573737e+01   6.649438e-01
  1.007154e+00   2.559402e+01   6.620087e-01
  1.011842e+00   2.532837e+01   6.574806e-01
  1.016531e+00   2.560284e+01   6.597089e-01
  1.021219e+00   2.534396e+01   6.553285e-01
  1.025907e+00   2.550519e+01   6.564969e-01
  1.030595e+00   2.548905e+01   6.552493e-01
  1.035283e+00   2.559029e+01   6.550860e-01
  1.039972e+00   2.650713e+01   6.658141e-01
  1.044660e+00   2.619976e+01   6.610075e-01
  1.049348e+00   2.600974e+01   6.574671e-01
  1.054036e+00   2.624059e+01   6.591223e-01
  1.058725e+00   2.523872e+01   6.454516e-01
  1.063413e+00   2.541271e+01   6.466478e-01
  1.068101e+00   2.647569e+01   6.590959e-01
  1.072789e+00   2.551021e+01   6.457527e-01
  1.077478e+00   2.568933e+01   6.469577e-01
  1.082166e+00   2.548388e+01   6.433636e-01
  1.086854e+00   2.561385e+01   6.440779e-01
  1.091542e+00   2.560817e+01   6.430346e-01
  1.096230e+00   2.555235e+01   6.410246e-01
  1.100919e+00   2.582119e+01   6.434902e-01
  1.105607e+00   2.642847e+01   6.501446e-01
  1.110295e+00   2.627066e+01   6.471857e-01
  1.114983e+00   2.622495e+01   6.455536e-01
  1.119672e+00   2.738209e+01   6.587053e-01
  1.124360e+00   2.608405e+01   6.418260e-01
  1.129048e+00   2.562620e+01   6.352124e-01
  1.133736e+00   2.590131e+01   6.374353e-01
  1.138425e+00   2.596472e+01   6.372570e-01
  1.143113e+00   2.601959e+01   6.369854e-01
  1.147801e+00   2.592540e+01   6.350336e-01
  1.152489e+00   2.545287e+01   6.280770e-01
  1.157177e+00   2.597006e+01   6.333459e-01
  1.161866e+00   2.629823e+01   6.365584e-01
  1.166554e+00   2.637932e+01   6.366104e-01
  1.171242e+00   2.617358e+01   6.330619e-01
  1.175930e+00   2.619438e+01   6.323140e-01
  1.180619e+00   2.536049e+01   6.212759e-01
  1.185307e+00   2.623933e+01   6.310331e-01
  1.189995e+00   2.611050e+01   6.286846e-01
  1.194683e+00   2.587339e+01   6.246065e-01
  1.199372e+00   2.688410e+01   6.358154e-01
  1.204060e+00   2.607366e+01   6.254766e-01
  1.208748e+00   2.549072e+01   6.179391e-01
  1.213436e+00   2.623864e+01   6.254947e-01
  1.218124e+00   2.584297e+01   6.197142e-01
  1.222813e+00   2.632123e+01   6.245385e-01
  1.227501e+00   2.645285e+01   6.253569e-01
  1.232189e+00   2.627037e+01   6.221507e-01
  1.236877e+00   2.552273e+01   6.122030e-01
  1.241566e+00   2.550578e+01   6.112696e-01
  1.246254e+00   2.591221e+01   6.153288e-01
  1.250942e+00   2.688071e+01   6.404609e-01
  1.255630e+00   2.676644e+01   6.563957e-01
  1.260318e+00   2.579066e+01   6.550809e-01
  1.265007e+00   2.614527e+01   6.683024e-01
  1.269695e+00   2.572232e+01   6.704524e-01
  1.274383e+00   2.545766e+01   6.737596e-01
  1.279071e+00   2.606756e+01   6.883585e-01
  1.283760e+00   2.512692e+01   6.817847e-01
  1.288448e+00   2.561866e+01   6.941695e-01
  1.293136e+00   2.403383e+01   6.776696e-01
  1.297824e+00   2.540399e+01   7.019466e-01
  1.302513e+00   2.534828e+01   7.053504e-01
  1.307201e+00   2.665563e+01   7.253936e-01
  1.311889e+00   2.585215e+01   7.150291e-01
  1.316577e+00   2.623325e+01   6.925980e-01
  1.321265e+00   2.552744e+01   6.662722e-01
  1.325954e+00   2.574902e+01   6.583769e-01
  1.330642e+00   2.684923e+01   6.637424e-01
  1.335330e+00   2.555038e+01   6.404176e-01
  1.340018e+00   2.604049e+01   6.405233e-01
  1.344707e+00   2.557539e+01   6.294605e-01
  1.349395e+00   2.573357e+01   6.267209e-01
  1.354083e+00   2.681384e+01   6.348895e-01
  1.358771e+00   2.622629e+01   6.237281e-01
  1.363460e+00   2.628338e+01   6.209943e-01
  1.368148e+00   2.606181e+01   6.166274e-01
  1.372836e+00   2.599906e+01   6.142150e-01
  1.377524e+00   2.525525e+01   6.039842e-01
  1.382212e+00   2.525968e+01   6.028448e-01
  1.386901e+00   2.619885e+01   6.126667e-01
  1.391589e+00   2.629665e+01   6.124492e-01
  1.396277e+00   2.621000e+01   6.101517e-01
  1.400965e+00   2.491341e+01   5.937726e-01
  1.405654e+00   2.646998e+01   6.109269e-01
  1.410342e+00   2.708550e+01   6.168447e-01
  1.415030e+00   2.558237e+01   5.981680e-01
  1.419718e+00   2.495870e+01   5.898397e-01
  1.424406e+00   2.496300e+01   5.889803e-01
  1.429095e+00   2.548386e+01   5.940473e-01
  1.433783e+00   2.588565e+01   5.974449e-01
  1.438471e+00   2.625642e+01   6.007780e-01
  1.443159e+00   2.556080e+01   5.918595e-01
  1.447848e+00   2.528430e+01   5.876857e-01
  1.452536e+00   2.559114e+01   5.901285e-01
  1.457224e+00   2.524934e+01   5.852354e-01
  1.461912e+00   2.476861e+01   5.787885e-01
  1.466601e+00   2.537178e+01   5.849029e-01
  1.471289e+00   2.527197e+01   5.827585e-01
  1.475977e+00   2.599897e+01   5.903959e-01
  1.480665e+00   2.584178e+01   5.874732e-01
  1.485353e+00   2.532835e+01   5.898912e-01
  1.490042e+00   2.527025e+01   6.072966e-01
  1.494730e+00   2.541033e+01   6.197249e-01
  1.499418e+00   2.594677e+01   6.342869e-01
  1.504106e+00   2.640305e+01   6.472379e-01
  1.508795e+00   2.623624e+01   6.520382e-01
  1.513483e+00   2.584471e+01   6.307553e-01
  1.518171e+00   2.481932e+01   6.043063e-01
  1.522859e+00   2.539668e+01   6.029001e-01
  1.527548e+00   2.634402e+01   6.074777e-01
  1.532236e+00   2.496152e+01   5.856594e-01
  1.536924e+00   2.519154e+01   5.836734e-01
  1.541612e+00   2.640270e+01   5.943853e-01
  1.546300e+00   2.649444e+01   5.939792e-01
  1.550989e+00   2.637556e+01   5.905340e-01
  1.555677e+00   2.505247e+01   5.725954e-01
  1.560365e+00   2.525293e+01   5.721949e-01
  1.565053e+00   2.596844e+01   5.775719e-01
  1.569742e+00   2.600531e+01   5.756423e-01
  1.574430e+00   2.591808e+01   5.734677e-01
  1.579118e+00   2.566626e+01   5.711012e-01
  1.583806e+00   2.530908e+01   5.677616e-01
  1.588495e+00   2.479093e+01   5.625790e-01
  1.593183e+00   2.517159e+01   5.671496e-01
  1.597871e+00   2.601083e+01   5.761709e-01
  1.602559e+00   2.472793e+01   5.609596e-01
  1.607247e+00   2.604391e+01   5.747814e-01
  1.611936e+00   2.610561e+01   5.743613e-01
  1.616624e+00   2.549022e+01   5.667530e-01
  1.621312e+00   2.488725e+01   5.592009e-01
  1.626000e+00   2.520177e+01   5.618715e-01
  1.630689e+00   2.522334e+01   5.612096e-01
  1.635377e+00   2.580941e+01   5.668516e-01
  1.640065e+00   2.576576e+01   5.655464e-01
  1.644753e+00   2.550710e+01   5.619330e-01
  1.649441e+00   2.612348e+01   5.678756e-01
  1.654130e+00   2.528255e+01   5.577679e-01
  1.658818e+00   2.556738e+01   5.601128e-01
  1.663506e+00   2.460766e+01   5.487807e-01
  1.668194e+00   2.561100e+01   5.591542e-01
  1.672883e+00   2.514557e+01   5.530919e-01
  1.677571e+00   2.615703e+01   5.633698e-01
  1.682259e+00   2.620226e+01   5.631810e-01
  1.686947e+00   2.586553e+01   5.588409e-01
  1.691636e+00   2.541787e+01   5.530789e-01
  1.696324e+00   2.491374e+01   5.468336e-01
  1.701012e+00   2.548490e+01   5.523944e-01
  1.705700e+00   2.573491e+01   5.544419e-01
  1.710388e+00   2.568417e+01   5.530739e-01
  1.715077e+00   2.580532e+01   5.536005e-01
  1.719765e+00   2.649174e+01   5.602208e-01
  1.724453e+00   2.664332e+01   5.611824e-01
  1.729141e+00   2.574127e+01   5.508711e-01
  1.733830e+00   2.546118e+01   5.470243e-01
  1.738518e+00   2.550155e+01   5.468386e-01
  1.743206e+00   2.637574e+01   5.554647e-01
  1.747894e+00   2.543962e+01   5.449414e-01
  1.752583e+00   2.577768e+01   5.479583e-01
  1.757271e+00   2.565460e+01   5.458080e-01
  1.761959e+00   2.539362e+01   5.423006e-01
  1.766647e+00   2.571152e+01   5.450040e-01
  1.771335e+00   2.488473e+01   5.354400e-01
  1.776024e+00   2.511569e+01   5.372410e-01
  1.780712e+00   2.532047e+01   5.387850e-01
  1.785400e+00   2.585374e+01   5.438306e-01
  1.790088e+00   2.522494e+01   5.365167e-01
  1.794777e+00   2.558407e+01   5.395660e-01
  1.799465e+00   2.497236e+01   5.324212e-01
  1.804153e+00   2.529615e+01   5.353587e-01
  1.808841e+00   2.531798e+01   5.349475e-01
  1.813530e+00   2.462785e+01   5.267981e-01
  1.818218e+00   2.583098e+01   5.389324e-01
  1.822906e+00   2.594301e+01   5.395695e-01
  1.827594e+00   2.601991e+01   5.397599e-01
  1.832282e+00   2.637306e+01   5.425178e-01
  1.836971e+00   2.610759e+01   5.392772e-01
  1.841659e+00   2.569916e+01   5.344998e-01
  1.846347e+00   2.547006e+01   5.314894e-01
  1.851035e+00   2.530459e+01   5.289877e-01
  1.855724e+00   2.538547e+01   5.292935e-01
  1.860412e+00   2.541965e+01   5.291039e-01
  1.865100e+00   2.545337e+01   5.288434e-01
  1.869788e+00   2.558706e+01   5.295168e-01
  1.874476e+00   2.595321e+01   5.326948e-01
  1.879165e+00   2.552232e+01   5.277289e-01
  1.883853e+00   2.495797e+01   5.212585e-01
  1.888541e+00   2.538925e+01   5.251179e-01
  1.893229e+00   2.561418e+01   5.270706e-01
  1.897918e+00   2.575171e+01   5.278659e-01
  1.902606e+00   2.558137e+01   5.253370e-01
  1.907294e+00   2.552956e+01   5.242845e-01
  1.911982e+00   2.574672e+01   5.257547e-01
  1.916671e+00   2.564028e+01   5.241445e-01
  1.921359e+00   2.590020e+01   5.262551e-01
  1.926047e+00   2.589291e+01   5.256498e-01
  1.930735e+00   2.603069e+01   5.263134e-01
  1.935423e+00   2.548381e+01   5.202235e-01
  1.940112e+00   2.530345e+01   5.177473e-01
  1.944800e+00   2.569498e+01   5.205701e-01
  1.949488e+00   2.650904e+01   5.273956e-01
  1.954176e+00   2.509306e+01   5.119829e-01
  1.958865e+00   2.482269e+01   5.080915e-01
  1.963553e+00   2.546200e+01   5.136896e-01
  1.968241e+00   2.542483e+01   5.127963e-01
  1.972929e+00   2.515497e+01   5.094282e-01
  1.977618e+00   2.562718e+01   5.137745e-01
  1.982306e+00   2.556966e+01   5.129129e-01
  1.986994e+00   2.468118e+01   5.038481e-01
  1.991682e+00   2.459537e+01   5.030106e-01
  1.996370e+00   2.585719e+01   5.158923e-01
  2.001059e+00   2.573976e+01   5.148772e-01
  2.005747e+00   2.601897e+01   5.174973e-01
  2.010435e+00   2.598013e+01   5.162749e-01
  2.015123e+00   2.561869e+01   5.121269e-01
  2.019812e+00   2.576943e+01   5.131279e-01
  2.024500e+00   2.600064e+01   5.149726e-01
  2.029188e+00   2.524224e+01   5.067831e-01
  2.033876e+00   2.600928e+01   5.138533e-01
  2.038565e+00   2.587139e+01   5.119510e-01
  2.043253e+00   2.559030e+01   5.087811e-01
  2.047941e+00   2.527665e+01   5.050715e-01
  2.052629e+00   2.477507e+01   5.012465e-01
  2.057317e+00   2.554371e+01   5.238357e-01
  2.062006e+00   2.555188e+01   5.334330e-01
  2.066694e+00   2.536288e+01   5.385222e-01
  2.071382e+00   2.608163e+01   5.519623e-01
  2.076070e+00   2.483809e+01   5.438967e-01
  2.080759e+00   2.436482e+01   5.434821e-01
  2.085447e+00   2.551233e+01   5.604087e-01
  2.090135e+00   2.575799e+01   5.652225e-01
  2.094823e+00   2.626434e+01   5.723832e-01
  2.099511e+00   2.592478e+01   5.702739e-01
  2.104200e+00   2.593874e+01   5.719075e-01
  2.108888e+00   2.542710e+01   5.674989e-01
  2.113576e+00   2.549600e+01   5.695211e-01
  2.118264e+00   2.494676e+01   5.578615e-01
  2.122953e+00   2.502055e+01   5.409955e-01
  2.127641e+00   2.490764e+01   5.308387e-01
  2.132329e+00   2.540804e+01   5.296323e-01
  2.137017e+00   2.583375e+01   5.290110e-01
  2.141706e+00   2.591500e+01   5.254552e-01
  2.146394e+00   2.569511e+01   5.193937e-01
  2.151082e+00   2.486933e+01   5.081667e-01
  2.155770e+00   2.543113e+01   5.127547e-01
  2.160458e+00   2.592763e+01   5.165361e-01
  2.165147e+00   2.526799e+01   5.088581e-01
  2.169835e+00   2.481933e+01   5.031432e-01
  2.174523e+00   2.531069e+01   5.072132e-01
  2.179211e+00   2.518294e+01   5.050320e-01
  2.183900e+00   2.618438e+01   5.140687e-01
  2.188588e+00   2.582180e+01   5.095627e-01
  2.193276e+00   2.541651e+01   5.047039e-01
  2.197964e+00   2.516908e+01   5.015073e-01
  2.202653e+00   2.527985e+01   5.018144e-01
  2.207341e+00   2.560769e+01   5.042638e-01
  2.212029e+00   2.530155e+01   5.004653e-01
  2.216717e+00   2.480964e+01   4.949273e-01
  2.221405e+00   2.460402e+01   4.921450e-01
  2.226094e+00   2.480880e+01   4.935108e-01
  2.230782e+00   2.517771e+01   4.964558e-01
  2.235470e+00   2.499895e+01   4.940340e-01
  2.240158e+00   2.524177e+01   4.957829e-01
  2.244847e+00   2.563210e+01   4.990134e-01
  2.249535e+00   2.543419e+01   4.963389e-01
  2.254223e+00   2.541210e+01   4.954813e-01
  2.258911e+00   2.500689e+01   4.909690e-01
  2.263600e+00   2.494431e+01   4.897847e-01
  2.268288e+00   2.540283e+01   4.935814e-01
  2.272976e+00   2.494728e+01   4.884974e-01
  2.277664e+00   2.530600e+01   4.914776e-01
  2.282352e+00   2.558171e+01   4.936067e-01
  2.287041e+00   2.542896e+01   4.915225e-01
  2.291729e+00   2.489128e+01   4.856196e-01
  2.296417e+00   2.578488e+01   4.937978e-01
  2.301105e+00   2.515772e+01   4.872140e-01
  2.305794e+00   2.510148e+01   4.861161e-01
  2.310482e+00   2.445304e+01   4.791344e-01
  2.315170e+00   2.545442e+01   4.883953e-01
  2.319858e+00   2.553140e+01   4.886246e-01
  2.324546e+00   2.525474e+01   4.854249e-01
  2.329235e+00   2.520479e+01   4.842962e-01
  2.333923e+00   2.586146e+01   4.901074e-01
  2.338611e+00   2.536108e+01   4.848485e-01
  2.343299e+00   2.517517e+01   4.825719e-01
  2.347988e+00   2.458536e+01   4.762497e-01
  2.352676e+00   2.485147e+01   4.783806e-01
  2.357364e+00   2.544111e+01   4.835378e-01
  2.362052e+00   2.547911e+01   4.833897e-01
  2.366741e+00   2.596423e+01   4.874163e-01
  2.371429e+00   2.588338e+01   4.861329e-01
  2.376117e+00   2.547590e+01   4.818529e-01
  2.380805e+00   2.473302e+01   4.742742e-01
  2.385493e+00   2.497631e+01   4.760934e-01
  2.390182e+00   2.480756e+01   4.739926e-01
  2.394870e+00   2.552448e+01   4.802735e-01
  2.399558e+00   2.461385e+01   4.712352e-01
  2.404246e+00   2.464246e+01   4.710071e-01
  2.408935e+00   2.537633e+01   4.774441e-01
  2.413623e+00   2.500801e+01   4.734929e-01
  2.418311e+00   2.537067e+01   4.764697e-01
  2.422999e+00   2.526675e+01   4.751022e-01
  2.427688e+00   2.578792e+01   4.793481e-01
  2.432376e+00   2.550896e+01   4.763412e-01
  2.437064e+00   2.509694e+01   4.719884e-01
  2.441752e+00   2.519951e+01   4.726282e-01
  2.446440e+00   2.498635e+01   4.700086e-01
  2.451129e+00   2.560880e+01   4.754034e-01
  2.455817e+00   2.477295e+01   4.672295e-01
  2.460505e+00   2.460668e+01   4.652719e-01
  2.465193e+00   2.494802e+01   4.678813e-01
  2.469882e+00   2.471033e+01   4.651664e-01
  2.474570e+00   2.490598e+01   4.665931e-01
  2.479258e+00   2.440995e+01   4.615492e-01
  2.483946e+00   2.516772e+01   4.681949e-01
  2.488634e+00   2.543101e+01   4.701010e-01
  2.493323e+00   2.524540e+01   4.679984e-01
  2.498011e+00   2.527153e+01   4.678528e-01
  2.502699e+00   2.570908e+01   4.714255e-01
  2.507387e+00   2.518335e+01   4.660764e-01
  2.512076e+00   2.513385e+01   4.652023e-01
  2.516764e+00   2.535690e+01   4.668916e-01
  2.521452e+00   2.536025e+01   4.664883e-01
  2.526140e+00   2.578671e+01   4.698955e-01
  2.530829e+00   2.542017e+01   4.661103e-01
  2.535517e+00   2.497833e+01   4.614213e-01
  2.540205e+00   2.493739e+01   4.601468e-01
  2.544893e+00   2.481737e+01   4.580415e-01
  2.549581e+00   2.449684e+01   4.542690e-01
  2.554270e+00   2.473514e+01   4.560399e-01
  2.558958e+00   2.422912e+01   4.509608e-01
  2.563646e+00   2.537753e+01   4.611185e-01
  2.568334e+00   2.539251e+01   4.607820e-01
  2.573023e+00   2.593264e+01   4.652760e-01
  2.577711e+00   2.534226e+01   4.595635e-01
  2.582399e+00   2.495474e+01   4.556610e-01
  2.587087e+00   2.549186e+01   4.602276e-01
  2.591776e+00   2.521500e+01   4.577855e-01
  2.596464e+00   2.592112e+01   4.643255e-01
  2.601152e+00   2.507500e+01   4.567469e-01
  2.605840e+00   2.435917e+01   4.497705e-01
  2.610528e+00   2.496196e+01   4.548994e-01
  2.615217e+00   2.560028e+01   4.603137e-01
  2.619905e+00   2.587823e+01   4.624833e-01
  2.624593e+00   2.586436e+01   4.618303e-01
  2.629281e+00   2.541681e+01   4.574452e-01
  2.633970e+00   2.535690e+01   4.565136e-01
  2.638658e+00   2.505975e+01   4.535179e-01
  2.643346e+00   2.511035e+01   4.535205e-01
  2.648034e+00   2.448297e+01   4.474746e-01
  2.652723e+00   2.445961e+01   4.468898e-01
  2.657411e+00   2.469408e+01   4.486248e-01
  2.662099e+00   2.471643e+01   4.484275e-01
  2.666787e+00   2.489293e+01   4.495614e-01
  2.671475e+00   2.460266e+01   4.465724e-01
  2.676164e+00   2.507943e+01   4.505957e-01
  2.680852e+00   2.466089e+01   4.465083e-01
  2.685540e+00   2.432836e+01   4.429752e-01
  2.690228e+00   2.458723e+01   4.449092e-01
  2.694917e+00   2.447715e+01   4.436989e-01
  2.699605e+00   2.485534e+01   4.467457e-01
  2.704293e+00   2.525564e+01   4.497790e-01
  2.708981e+00   2.487748e+01   4.460356e-01
  2.713669e+00   2.482899e+01   4.453002e-01
  2.718358e+00   2.506578e+01   4.470422e-01
  2.723046e+00   2.488934e+01   4.450392e-01
  2.727734e+00   2.523462e+01   4.477180e-01
  2.732422e+00   2.531295e+01   4.481110e-01
  2.737111e+00   2.489695e+01   4.440583e-01
  2.741799e+00   2.557781e+01   4.496767e-01
  2.746487e+00   2.529576e+01   4.467788e-01
  2.751175e+00   2.528830e+01   4.464011e-01
  2.755864e+00   2.468187e+01   4.406791e-01
  2.760552e+00   2.463911e+01   4.399122e-01
  2.765240e+00   2.477604e+01   4.407186e-01
  2.769928e+00   2.481469e+01   4.407283e-01
  2.774616e+00   2.444592e+01   4.371562e-01
  2.779305e+00   2.476159e+01   4.395736e-01
  2.783993e+00   2.503145e+01   4.415542e-01
  2.788681e+00   2.485895e+01   4.397151e-01
  2.793369e+00   2.476640e+01   4.386732e-01
  2.798058e+00   2.506093e+01   4.408118e-01
  2.802746e+00   2.465121e+01   4.369927e-01
  2.807434e+00   2.444781e+01   4.349404e-01
  2.812122e+00   2.481624e+01   4.376121e-01
  2.816811e+00   2.513978e+01   4.401606e-01
  2.821499e+00   2.462714e+01   4.352238e-01
  2.826187e+00   2.533729e+01   4.410569e-01
  2.830875e+00   2.533651e+01   4.407203e-01
  2.835563e+00   2.482367e+01   4.359383e-01
  2.840252e+00   2.537614e+01   4.403131e-01
  2.844940e+00   2.452213e+01   4.325350e-01
  2.849628e+00   2.493359e+01   4.358113e-01
  2.854316e+00   2.481339e+01   4.344469e-01
  2.859005e+00   2.513811e+01   4.446383e-01
  2.863693e+00   2.494538e+01   4.526455e-01
  2.868381e+00   2.469056e+01   4.562723e-01
  2.873069e+00   2.466129e+01   4.609457e-01
  2.877758e+00   2.528884e+01   4.708439e-01
  2.882446e+00   2.482837e+01   4.694463e-01
  2.887134e+00   2.498485e+01   4.724860e-01
  2.891822e+00   2.519278e+01   4.758328e-01
  2.896510e+00   2.446122e+01   4.701730e-01
  2.901199e+00   2.461701e+01   4.727724e-01
  2.905887e+00   2.518329e+01   4.793759e-01
  2.910575e+00   2.477234e+01   4.764971e-01
  2.915263e+00   2.499038e+01   4.795702e-01
  2.919952e+00   2.523391e+01   4.824443e-01
  2.924640e+00   2.497974e+01   4.670345e-01
  2.929328e+00   2.517469e+01   4.605660e-01
  2.934016e+00   2.541334e+01   4.574499e-01
  2.938704e+00   2.491511e+01   4.488537e-01
  2.943393e+00   2.515948e+01   4.477974e-01
  2.948081e+00   2.573762e+01   4.511486e-01
  2.952769e+00   2.542137e+01   4.472517e-01
  2.957457e+00   2.478219e+01   4.407011e-01
  2.962146e+00   2.520562e+01   4.435010e-01
  2.966834e+00   2.507831e+01   4.416944e-01
  2.971522e+00   2.509526e+01   4.409776e-01
  2.976210e+00   2.499182e+01   4.393832e-01
  2.980899e+00   2.578986e+01   4.455972e-01
  2.985587e+00   2.543760e+01   4.418729e-01
  2.990275e+00   2.522497e+01   4.393866e-01
  2.994963e+00   2.472996e+01   4.345294e-01
  2.999651e+00   2.547807e+01   4.404191e-01
  3.004340e+00   2.533252e+01   4.385675e-01
  3.009028e+00   2.508907e+01   4.359072e-01
  3.013716e+00   2.501431e+01   4.347785e-01
  3.018404e+00   2.487621e+01   4.330508e-01
  3.023093e+00   2.535201e+01   4.366186e-01
  3.027781e+00   2.465183e+01   4.300446e-01
  3.032469e+00   2.455754e+01   4.287876e-01
  3.037157e+00   2.480213e+01   4.304803e-01
  3.041846e+00   2.503672e+01   4.319637e-01
  3.046534e+00   2.540219e+01   4.346272e-01
  3.051222e+00   2.542702e+01   4.345224e-01
  3.055910e+00   2.455494e+01   4.266024e-01
  3.060598e+00   2.508971e+01   4.305934e-01
  3.065287e+00   2.496009e+01   4.290829e-01
  3.069975e+00   2.476373e+01   4.269865e-01
  3.074663e+00   2.474899e+01   4.265046e-01
  3.079351e+00   2.488957e+01   4.272303e-01
  3.084040e+00   2.537160e+01   4.308857e-01
  3.088728e+00   2.519391e+01   4.290147e-01
  3.093416e+00   2.476201e+01   4.250942e-01
  3.098104e+00   2.478573e+01   4.248357e-01
  3.102793e+00   2.488425e+01   4.252322e-01
  3.107481e+00   2.525644e+01   4.280313e-01
  3.112169e+00   2.496456e+01   4.251367e-01
  3.116857e+00   2.497008e+01   4.247573e-01
  3.121545e+00   2.503549e+01   4.248812e-01
  3.126234e+00   2.493912e+01   4.237112e-01
  3.130922e+00   2.473147e+01   4.216424e-01
  3.135610e+00   2.457075e+01   4.198863e-01
  3.140298e+00   2.445073e+01   4.186609e-01
  3.144987e+00   2.504351e+01   4.233589e-01
  3.149675e+00   2.399764e+01   4.138629e-01
  3.154363e+00   2.474468e+01   4.199334e-01
  3.159051e+00   2.509817e+01   4.224644e-01
  3.163739e+00   2.537941e+01   4.244657e-01
  3.168428e+00   2.544941e+01   4.247751e-01
  3.173116e+00   2.473083e+01   4.184551e-01
  3.177804e+00   2.520686e+01   4.220014e-01
  3.182492e+00   2.529525e+01   4.223776e-01
  3.187181e+00   2.503860e+01   4.199121e-01
  3.191869e+00   2.483446e+01   4.178649e-01
  3.196557e+00   2.449261e+01   4.145920e-01
  3.201245e+00   2.431295e+01   4.127242e-01
  3.205934e+00   2.459430e+01   4.147888e-01
  3.210622e+00   2.544699e+01   4.216466e-01
  3.215310e+00   2.447272e+01   4.130857e-01
  3.219998e+00   2.494912e+01   4.166007e-01
  3.224686e+00   2.493055e+01   4.157689e-01
  3.229375e+00   2.415278e+01   4.084661e-01
  3.234063e+00   2.432352e+01   4.094006e-01
  3.238751e+00   2.449380e+01   4.104780e-01
  3.243439e+00   2.451257e+01   4.103113e-01
  3.248128e+00   2.488793e+01   4.131666e-01
  3.252816e+00   2.526850e+01   4.159950e-01
  3.257504e+00   2.507371e+01   4.139962e-01
  3.262192e+00   2.477121e+01   4.112164e-01
  3.266881e+00   2.477389e+01   4.109330e-01
  3.271569e+00   2.499727e+01   4.124859e-01
  3.276257e+00   2.474024e+01   4.100598e-01
  3.280945e+00   2.473964e+01   4.101204e-01
  3.285633e+00   2.403204e+01   4.043530e-01
  3.290322e+00   2.391914e+01   4.033628e-01
  3.295010e+00   2.440544e+01   4.071015e-01
  3.299698e+00   2.484464e+01   4.104390e-01
  3.304386e+00   2.455439e+01   4.077166e-01
  3.309075e+00   2.487383e+01   4.101091e-01
  3.313763e+00   2.459443e+01   4.074627e-01
  3.318451e+00   2.433848e+01   4.049989e-01
  3.323139e+00   2.519155e+01   4.117713e-01
  3.327828e+00   2.493528e+01   4.093482e-01
  3.332516e+00   2.526185e+01   4.117664e-01
  3.337204e+00   2.507822e+01   4.098819e-01
  3.341892e+00   2.527501e+01   4.112862e-01
  3.346580e+00   2.551201e+01   4.129058e-01
  3.351269e+00   2.515985e+01   4.097041e-01
  3.355957e+00   2.457079e+01   4.053534e-01
  3.360645e+00   2.481113e+01   4.173019e-01
  3.365333e+00   2.474397e+01   4.233331e-01
  3.370022e+00   2.471966e+01   4.277648e-01
  3.374710e+00   2.479742e+01   4.305486e-01
  3.379398e+00   2.444270e+01   4.290535e-01
  3.384086e+00   2.473161e+01   4.329801e-01
  3.388774e+00   2.530697e+01   4.384809e-01
  3.393463e+00   2.528520e+01   4.379240e-01
  3.398151e+00   2.481305e+01   4.342386e-01
  3.402839e+00   2.455672e+01   4.329467e-01
  3.407527e+00   2.509212e+01   4.386120e-01
  3.412216e+00   2.508383e+01   4.393736e-01
  3.416904e+00   2.434311e+01   4.336471e-01
  3.421592e+00   2.440577e+01   4.350384e-01
  3.426280e+00   2.454308e+01   4.369802e-01
  3.430969e+00   2.449739e+01   4.373454e-01
  3.435657e+00   2.494487e+01   4.420606e-01
  3.440345e+00   2.456172e+01   4.392146e-01
  3.445033e+00   2.459946e+01   4.402264e-01
  3.449721e+00   2.466889e+01   4.415705e-01
  3.454410e+00   2.472596e+01   4.425807e-01
  3.459098e+00   2.500432e+01   4.456432e-01
  3.463786e+00   2.516422e+01   4.476347e-01
  3.468474e+00   2.459608e+01   4.431255e-01
  3.473163e+00   2.511411e+01   4.482471e-01
  3.477851e+00   2.415179e+01   4.401267e-01
  3.482539e+00   2.428728e+01   4.420483e-01
  3.487227e+00   2.448423e+01   4.441146e-01
  3.491916e+00   2.514520e+01   4.506034e-01
  3.496604e+00   2.481946e+01   4.481295e-01
  3.501292e+00   2.490757e+01   4.493811e-01
  3.505980e+00   2.429723e+01   4.443108e-01
  3.510668e+00   2.472013e+01   4.486059e-01
  3.515357e+00   2.475450e+01   4.492986e-01
  3.520045e+00   2.520879e+01   4.539063e-01
  3.524733e+00   2.428559e+01   4.458928e-01
  3.529421e+00   2.421666e+01   4.456330e-01
  3.534110e+00   2.462280e+01   4.498064e-01
  3.538798e+00   2.425138e+01   4.467477e-01
  3.543486e+00   2.481466e+01   4.523036e-01
  3.548174e+00   2.501876e+01   4.545617e-01
  3.552863e+00   2.433959e+01   4.486953e-01
  3.557551e+00   2.440053e+01   4.495962e-01
  3.562239e+00   2.485829e+01   4.542019e-01
  3.566927e+00   2.440154e+01   4.503550e-01
  3.571615e+00   2.521044e+01   4.580813e-01
  3.576304e+00   2.496740e+01   4.561928e-01
  3.580992e+00   2.512090e+01   4.578815e-01
  3.585680e+00   2.426601e+01   4.497609e-01
  3.590368e+00   2.383607e+01   4.453393e-01
  3.595057e+00   2.475831e+01   4.534686e-01
  3.599745e+00   2.437594e+01   4.495621e-01
  3.604433e+00   2.403897e+01   4.461752e-01
  3.609121e+00   2.476915e+01   4.533720e-01
  3.613809e+00   2.492800e+01   4.548874e-01
  3.618498e+00   2.444745e+01   4.507177e-01
  3.623186e+00   2.480482e+01   4.543230e-01
  3.627874e+00   2.485758e+01   4.550836e-01
  3.632562e+00   2.512676e+01   4.577819e-01
  3.637251e+00   2.440273e+01   4.514448e-01
  3.641939e+00   2.501330e+01   4.573182e-01
  3.646627e+00   2.439215e+01   4.519116e-01
  3.651315e+00   2.453638e+01   4.534667e-01
  3.656004e+00   2.529536e+01   4.608919e-01
  3.660692e+00   2.509156e+01   4.661214e-01
  3.665380e+00   2.560373e+01   4.876986e-01
  3.670068e+00   2.404580e+01   4.807960e-01
  3.674756e+00   2.431125e+01   4.910525e-01
  3.679445e+00   2.461670e+01   5.000376e-01
  3.684133e+00   2.466151e+01   5.039115e-01
  3.688821e+00   2.462239e+01   5.066209e-01
  3.693509e+00   2.374006e+01   5.004056e-01
  3.698198e+00   2.458090e+01   5.119746e-01
  3.702886e+00   2.540998e+01   5.233804e-01
  3.707574e+00   2.483184e+01   5.199820e-01
  3.712262e+00   2.526859e+01   5.271945e-01
  3.716951e+00   2.510889e+01   5.280228e-01
  3.721639e+00   2.485875e+01   5.278887e-01
  3.726327e+00   2.478378e+01   5.294651e-01
  3.731015e+00   2.396680e+01   5.230575e-01
  3.735703e+00   2.373025e+01   5.227293e-01
  3.740392e+00   2.525819e+01   5.416830e-01
  3.745080e+00   2.510782e+01   5.423137e-01
  3.749768e+00   2.465797e+01   5.397216e-01
  3.754456e+00   2.478903e+01   5.433735e-01
  3.759145e+00   2.482404e+01   5.460076e-01
  3.763833e+00   2.472682e+01   5.471117e-01
  3.768521e+00   2.457252e+01   5.476032e-01
  3.773209e+00   2.523395e+01   5.570884e-01
  3.777897e+00   2.481693e+01   5.546538e-01
  3.782586e+00   2.449238e+01   5.531326e-01
  3.787274e+00   2.519007e+01   5.631281e-01
  3.791962e+00   2.479486e+01   5.608320e-01
  3.796650e+00   2.468122e+01   5.616640e-01
  3.801339e+00   2.486723e+01   5.658957e-01
  3.806027e+00   2.525005e+01   5.723672e-01
  3.810715e+00   2.493674e+01   5.709244e-01
  3.815403e+00   2.426723e+01   5.652830e-01
  3.820092e+00   2.457824e+01   5.709919e-01
  3.824780e+00   2.459091e+01   5.732343e-01
  3.829468e+00   2.522125e+01   5.826790e-01
  3.834156e+00   2.511960e+01   5.835752e-01
  3.838844e+00   2.432162e+01   5.763326e-01
  3.843533e+00   2.461289e+01   5.818399e-01
  3.848221e+00   2.528280e+01   5.918037e-01
  3.852909e+00   2.468290e+01   5.868536e-01
  3.857597e+00   2.472978e+01   5.895113e-01
  3.862286e+00   2.426526e+01   5.860288e-01
  3.866974e+00   2.416533e+01   5.868821e-01
  3.871662e+00   2.445072e+01   5.925556e-01
  3.876350e+00   2.446265e+01   5.948869e-01
  3.881039e+00   2.525786e+01   6.064165e-01
  3.885727e+00   2.538517e+01   6.100815e-01
  3.890415e+00   2.452352e+01   6.016902e-01
  3.895103e+00   2.433690e+01   6.015669e-01
  3.899791e+00   2.500848e+01   6.118853e-01
  3.904480e+00   2.509324e+01   6.151088e-01
  3.909168e+00   2.472555e+01   6.126864e-01
  3.913856e+00   2.461269e+01   6.135105e-01
  3.918544e+00   2.499428e+01   6.203052e-01
  3.923233e+00   2.540662e+01   6.276562e-01
  3.927921e+00   2.507908e+01   6.256993e-01
  3.932609e+00   2.491660e+01   6.257802e-01
  3.937297e+00   2.538123e+01   6.327236e-01
  3.941986e+00   2.487198e+01   6.271313e-01
  3.946674e+00   2.586526e+01   6.401834e-01
  3.951362e+00   2.464163e+01   6.244962e-01
  3.956050e+00   2.470317e+01   6.242217e-01
  3.960738e+00   2.488955e+01   6.264085e-01
  3.965427e+00   2.387502e+01   6.142423e-01
  3.970115e+00   2.456139e+01   6.249352e-01
  3.974803e+00   2.603393e+01   6.454570e-01
  3.979491e+00   2.449252e+01   6.278104e-01
  3.984180e+00   2.463383e+01   6.317396e-01
  3.988868e+00   2.487453e+01   6.369318e-01
  3.993556e+00   2.521015e+01   6.433614e-01
  3.998244e+00   2.448720e+01   6.362343e-01
  4.002932e+00   2.512555e+01   6.466736e-01
  4.007621e+00   2.383423e+01   6.319194e-01
  4.012309e+00   2.495108e+01   6.487388e-01
  4.016997e+00   2.487172e+01   6.499065e-01
  4.021685e+00   2.552889e+01   6.607034e-01
  4.026374e+00   2.534760e+01   6.605819e-01
  4.031062e+00   2.496546e+01   6.577986e-01
  4.035750e+00   2.506511e+01   6.613430e-01
  4.040438e+00   2.442857e+01   6.551490e-01
  4.045127e+00   2.443088e+01   6.574245e-01
  4.049815e+00   2.452680e+01   6.609646e-01
  4.054503e+00   2.419317e+01   6.586917e-01
  4.059191e+00   2.417928e+01   6.608031e-01
  4.063879e+00   2.457529e+01   6.685029e-01
  4.068568e+00   2.431269e+01   6.672077e-01
  4.073256e+00   2.476953e+01   6.757623e-01
  4.077944e+00   2.583266e+01   6.925402e-01
  4.082632e+00   2.461236e+01   6.783347e-01
  4.087321e+00   2.504219e+01   6.866366e-01
  4.092009e+00   2.559646e+01   6.966215e-01
  4.096697e+00   2.480670e+01   6.882030e-01
  4.101385e+00   2.502749e+01   6.936617e-01
  4.106074e+00   2.402561e+01   6.820803e-01
  4.110762e+00   2.434555e+01   6.890654e-01
  4.115450e+00   2.528675e+01   7.047450e-01
  4.120138e+00   2.556239e+01   7.110547e-01
  4.124826e+00   2.512955e+01   7.075516e-01
  4.129515e+00   2.414059e+01   6.960242e-01
  4.134203e+00   2.523092e+01   7.140931e-01
  4.138891e+00   2.396510e+01   6.984819e-01
  4.143579e+00   2.525919e+01   7.196927e-01
  4.148268e+00   2.427191e+01   7.081016e-01
  4.152956e+00   2.460254e+01   7.154973e-01
  4.157644e+00   2.539609e+01   7.295278e-01
  4.162332e+00   2.436331e+01   7.172740e-01
  4.167021e+00   2.592078e+01   7.425762e-01
  4.171709e+00   2.519544e+01   7.347541e-01
  4.176397e+00   2.595357e+01   7.485543e-01
  4.181085e+00   2.592012e+01   7.508641e-01
  4.185773e+00   2.363062e+01   7.196930e-01
  4.190462e+00   2.423026e+01   7.315792e-01
  4.195150e+00   2.431272e+01   7.364717e-01
  4.199838e+00   2.344485e+01   7.252539e-01
  4.204526e+00   2.466815e+01   7.465079e-01
  4.209215e+00   2.408484e+01   7.404785e-01
  4.213903e+00   2.498833e+01   7.571428e-01
  4.218591e+00   2.479405e+01   7.571056e-01
  4.223279e+00   2.542974e+01   7.697743e-01
  4.227967e+00   2.477137e+01   7.626722e-01
  4.232656e+00   2.435964e+01   7.592936e-01
  4.237344e+00   2.598113e+01   7.872962e-01
  4.242032e+00   2.457331e+01   7.686787e-01
  4.246720e+00   2.412935e+01   7.646806e-01
  4.251409e+00   2.480741e+01   7.786009e-01
  4.256097e+00   2.563077e+01   7.945184e-01
  4.260785e+00   2.467039e+01   7.826368e-01
  4.265473e+00   2.483583e+01   7.892345e-01
  4.270162e+00   2.482877e+01   7.930903e-01
  4.274850e+00   2.481525e+01   7.985559e-01
  4.279538e+00   2.536999e+01   8.110599e-01
  4.284226e+00   2.505466e+01   8.058910e-01
  4.288914e+00   2.448775e+01   7.992301e-01
  4.293603e+00   2.379423e+01   7.911910e-01
  4.298291e+00   2.418781e+01   8.012169e-01
  4.302979e+00   2.482916e+01   8.150663e-01
  4.307667e+00   2.458146e+01   8.145174e-01
  4.312356e+00   2.419486e+01   8.116723e-01
  4.317044e+00   2.422954e+01   8.156411e-01
  4.321732e+00   2.495656e+01   8.314539e-01
  4.326420e+00   2.590858e+01   8.509666e-01
  4.331109e+00   2.565162e+01   8.503608e-01
  4.335797e+00   2.571418e+01   8.552281e-01
  4.340485e+00   2.413215e+01   8.330228e-01
  4.345173e+00   2.472056e+01   8.463380e-01
  4.349861e+00   2.451302e+01   8.463624e-01
  4.354550e+00   2.434700e+01   8.474061e-01
  4.359238e+00   2.381860e+01   8.419800e-01
  4.363926e+00   2.440495e+01   8.562123e-01
  4.368614e+00   2.534666e+01   8.766362e-01
  4.373303e+00   2.425315e+01   8.616266e-01
  4.377991e+00   2.466954e+01   8.730538e-01
  4.382679e+00   2.535862e+01   8.893592e-01
  4.387367e+00   2.525126e+01   8.918469e-01
  4.392056e+00   2.568003e+01   9.036775e-01
  4.396744e+00   2.451199e+01   8.871505e-01
  4.401432e+00   2.415025e+01   8.858441e-01
  4.406120e+00   2.406681e+01   8.868082e-01
  4.410808e+00   2.520898e+01   9.082388e-01
  4.415497e+00   2.455465e+01   8.969713e-01
  4.420185e+00   2.437345e+01   8.942081e-01
  4.424873e+00   2.460720e+01   8.991696e-01
  4.429561e+00   2.538263e+01   9.138510e-01
  4.434250e+00   2.466534e+01   9.014712e-01
  4.438938e+00   2.433987e+01   8.961800e-01
  4.443626e+00   2.513391e+01   9.111939e-01
  4.448314e+00   2.600672e+01   9.290977e-01
  4.453002e+00   2.501443e+01   9.155831e-01
  4.457691e+00   2.543405e+01   9.279274e-01
  4.462379e+00   2.562391e+01   9.360865e-01
  4.467067e+00   2.550183e+01   9.386136e-01
  4.471755e+00   2.470781e+01   9.286317e-01
  4.476444e+00   2.481120e+01   9.354589e-01
  4.481132e+00   2.512428e+01   9.462779e-01
  4.485820e+00   2.559654e+01   9.602533e-01
  4.490508e+00   2.604248e+01   9.737303e-01
  4.495197e+00   2.549471e+01   9.686096e-01
  4.499885e+00   2.487525e+01   9.619483e-01
  4.504573e+00   2.533902e+01   9.761769e-01
  4.509261e+00   2.478106e+01   9.707325e-01
  4.513949e+00   2.590057e+01   9.980133e-01
  4.518638e+00   2.578632e+01   1.001436e+00
  4.523326e+00   2.447334e+01   9.811902e-01
  4.528014e+00   2.474099e+01   9.921970e-01
  4.532702e+00   2.531964e+01   1.009542e+00
  4.537391e+00   2.450578e+01   9.989876e-01
  4.542079e+00   2.522408e+01   1.019593e+00
  4.546767e+00   2.533438e+01   1.027961e+00
  4.551455e+00   2.470213e+01   1.021168e+00
  4.556144e+00   2.507823e+01   1.035185e+00
  4.560832e+00   2.426456e+01   1.024520e+00
  4.565520e+00   2.563554e+01   1.059615e+00
  4.570208e+00   2.556698e+01   1.064983e+00
  4.574896e+00   2.430897e+01   1.045150e+00
  4.579585e+00   2.493610e+01   1.065351e+00
  4.584273e+00   2.470090e+01   1.067210e+00
  4.588961e+00   2.541990e+01   1.089757e+00
  4.593649e+00   2.556895e+01   1.100226e+00
  4.598338e+00   2.456648e+01   1.085886e+00
  4.603026e+00   2.531052e+01   1.109732e+00
  4.607714e+00   2.554674e+01   1.122595e+00
  4.612402e+00   2.545807e+01   1.128475e+00
  4.617091e+00   2.486734e+01   1.123192e+00
  4.621779e+00   2.541325e+01   1.143752e+00
  4.626467e+00   2.525345e+01   1.148503e+00
  4.631155e+00   2.394885e+01   1.126673e+00
  4.635843e+00   2.418120e+01   1.140562e+00
  4.640532e+00   2.396158e+01   1.143948e+00
  4.645220e+00   2.414501e+01   1.157294e+00
  4.649908e+00   2.504432e+01   1.187904e+00
  4.654596e+00   2.554996e+01   1.209284e+00
  4.659285e+00   2.721438e+01   1.258031e+00
  4.663973e+00   2.751452e+01   1.275209e+00
  4.668661e+00   2.463310e+01   1.216812e+00
  4.673349e+00   2.422619e+01   1.216846e+00
  4.678037e+00   2.487385e+01   1.243476e+00
  4.682726e+00   2.520331e+01   1.262472e+00
  4.687414e+00   2.395933e+01   1.241830e+00
  4.692102e+00   2.502029e+01   1.280593e+00
  4.696790e+00   2.588005e+01   1.314209e+00
  4.701479e+00   2.459404e+01   1.292944e+00
  4.706167e+00   2.525031e+01   1.322359e+00
  4.710855e+00   2.730215e+01   1.388564e+00
  4.715543e+00   2.673817e+01   1.387557e+00
  4.720232e+00   2.558683e+01   1.370778e+00
  4.724920e+00   2.431099e+01   1.349623e+00
  4.729608e+00   2.400237e+01   1.355118e+00
  4.734296e+00   2.649255e+01   1.438810e+00
  4.738984e+00   2.638765e+01   1.451294e+00
  4.743673e+00   2.535292e+01   1.438067e+00
  4.748361e+00   2.556707e+01   1.460502e+00
  4.753049e+00   2.555880e+01   1.477207e+00
  4.757737e+00   2.635024e+01   1.517340e+00
  4.762426e+00   2.541232e+01   1.507800e+00
  4.767114e+00   2.657018e+01   1.560915e+00
  4.771802e+00   2.620840e+01   1.570090e+00
  4.776490e+00   2.447077e+01   1.536514e+00
  4.781179e+00   2.605525e+01   1.606203e+00
  4.785867e+00   2.288257e+01   1.525879e+00
  4.790555e+00   2.378185e+01   1.577405e+00
  4.795243e+00   2.543666e+01   1.654435e+00
  4.799931e+00   2.520894e+01   1.670958e+00
  4.804620e+00   2.465982e+01   1.678125e+00
  4.809308e+00   2.560941e+01   1.736802e+00
  4.813996e+00   2.529920e+01   1.753662e+00
  4.818684e+00   2.303585e+01   1.700774e+00
  4.823373e+00   2.305733e+01   1.731592e+00
  4.828061e+00   2.377042e+01   1.789376e+00
  4.832749e+00   2.591951e+01   1.902433e+00
  4.837437e+00   2.695908e+01   1.977167e+00
  4.842125e+00   2.503074e+01   1.943478e+00
  4.846814e+00   2.671250e+01   2.048453e+00
  4.851502e+00   2.289498e+01   1.936483e+00
  4.856190e+00   2.432751e+01   2.041588e+00
  4.860878e+00   2.432855e+01   2.089311e+00
  4.865567e+00   2.153958e+01   2.013350e+00
  4.870255e+00   2.125641e+01   2.051746e+00
  4.874943e+00   2.297469e+01   2.192664e+00
  4.879631e+00   2.760284e+01   2.471174e+00
  4.884320e+00   2.954322e+01   2.632910e+00
  4.889008e+00   2.476884e+01   2.490112e+00
  4.893696e+00   2.353788e+01   2.510806e+00
  4.898384e+00   2.549582e+01   2.708133e+00
  4.903072e+00   2.863818e+01   2.984555e+00
  4.907761e+00   2.695047e+01   3.059621e+00
  4.912449e+00   2.411784e+01   3.999219e+00
  4.917137e+00   2.121900e+01   1.031237e+01
