# [1] GI
# Sample c= 1.06 mg/ml
#
# Sample environment:
# Detector = Pilatus
# PixelSize_1 = 0.000172
# PixelSize_2 = 0.000172
#
# title = [1] GI
# Frame 26 of 120
# Time per frame (s) = 1.0
# SampleDistance = 2.869
# WaveLength = 9.919e-11
# Normalization = 0.001062898
# DiodeCurr = 8.665004e-05
# MachCurr = 68.72763
# Mask = /data/bm29/archive/CALIBRATION/MASK/BM29/Pcon_19thNovember2015_7keV_v3.edf
#
# N 3
# L q*nm  I_[1] GI  stddev
#
# Sample Information:
# Storage Temperature (degrees C): 20.0
# Measurement Temperature (degrees C): 20.08
# Concentration: 1.06
# Code: GI
  3.200246e-02   1.644189e+02   1.933399e+01
  3.669069e-02   5.585195e+02   1.617827e+01
  4.137892e-02   8.884891e+02   1.520039e+01
  4.606715e-02   8.139286e+02   1.204632e+01
  5.075538e-02   6.368304e+02   9.679066e+00
  5.544361e-02   5.144628e+02   8.037232e+00
  6.013183e-02   4.228750e+02   6.966705e+00
  6.482006e-02   3.674599e+02   6.230803e+00
  6.950829e-02   3.353051e+02   5.710999e+00
  7.419652e-02   3.157828e+02   5.320117e+00
  7.888475e-02   2.917197e+02   4.943152e+00
  8.357298e-02   2.738629e+02   4.646824e+00
  8.826121e-02   2.618262e+02   4.414879e+00
  9.294944e-02   2.507587e+02   4.193945e+00
  9.763767e-02   2.470891e+02   4.048330e+00
  1.023259e-01   2.436632e+02   3.924506e+00
  1.070141e-01   2.344023e+02   3.761255e+00
  1.117024e-01   2.334251e+02   3.668342e+00
  1.163906e-01   2.280429e+02   3.538013e+00
  1.210788e-01   2.218759e+02   3.421243e+00
  1.257670e-01   2.217984e+02   3.354934e+00
  1.304553e-01   2.219918e+02   3.297280e+00
  1.351435e-01   2.200122e+02   3.216413e+00
  1.398317e-01   2.166928e+02   3.136942e+00
  1.445200e-01   2.099261e+02   3.036547e+00
  1.492082e-01   2.094915e+02   2.984998e+00
  1.538964e-01   2.077994e+02   2.920583e+00
  1.585846e-01   2.077883e+02   2.874171e+00
  1.632729e-01   2.054353e+02   2.816344e+00
  1.679611e-01   2.047431e+02   2.772023e+00
  1.726493e-01   2.009569e+02   2.705579e+00
  1.773376e-01   2.009244e+02   2.664926e+00
  1.820258e-01   1.983118e+02   2.613544e+00
  1.867140e-01   1.965299e+02   2.569033e+00
  1.914022e-01   1.956712e+02   2.531051e+00
  1.960905e-01   1.914446e+02   2.468721e+00
  2.007787e-01   1.955295e+02   2.468309e+00
  2.054669e-01   1.910344e+02   2.411934e+00
  2.101552e-01   1.905887e+02   2.382131e+00
  2.148434e-01   1.899473e+02   2.347665e+00
  2.195316e-01   1.898836e+02   2.321637e+00
  2.242199e-01   1.874925e+02   2.283053e+00
  2.289081e-01   1.879317e+02   2.262290e+00
  2.335963e-01   1.821315e+02   2.202130e+00
  2.382845e-01   1.784872e+02   2.157036e+00
  2.429728e-01   1.791042e+02   2.140128e+00
  2.476610e-01   1.777110e+02   2.111704e+00
  2.523492e-01   1.790449e+02   2.098738e+00
  2.570375e-01   1.765018e+02   2.062420e+00
  2.617257e-01   1.727559e+02   2.022402e+00
  2.664139e-01   1.707568e+02   1.993136e+00
  2.711021e-01   1.688717e+02   1.964968e+00
  2.757904e-01   1.702965e+02   1.954309e+00
  2.804786e-01   1.673447e+02   1.921981e+00
  2.851668e-01   1.679574e+02   1.909889e+00
  2.898551e-01   1.646519e+02   1.874667e+00
  2.945433e-01   1.594844e+02   1.830151e+00
  2.992315e-01   1.600319e+02   1.859630e+00
  3.039197e-01   1.591904e+02   1.869387e+00
  3.086080e-01   1.576483e+02   1.865701e+00
  3.132962e-01   1.575283e+02   1.865963e+00
  3.179844e-01   1.551712e+02   1.851588e+00
  3.226727e-01   1.551333e+02   1.851310e+00
  3.273609e-01   1.484145e+02   1.808757e+00
  3.320491e-01   1.471451e+02   1.797770e+00
  3.367374e-01   1.491121e+02   1.804982e+00
  3.414256e-01   1.482724e+02   1.796236e+00
  3.461138e-01   1.442480e+02   1.768069e+00
  3.508020e-01   1.416568e+02   1.747905e+00
  3.554903e-01   1.403615e+02   1.733402e+00
  3.601785e-01   1.395770e+02   1.725251e+00
  3.648667e-01   1.414690e+02   1.749418e+00
  3.695550e-01   1.365743e+02   1.757819e+00
  3.742432e-01   1.374893e+02   1.783632e+00
  3.789314e-01   1.355249e+02   1.787567e+00
  3.836196e-01   1.352683e+02   1.797309e+00
  3.883079e-01   1.322043e+02   1.786489e+00
  3.929961e-01   1.300889e+02   1.788326e+00
  3.976843e-01   1.284447e+02   1.801137e+00
  4.023726e-01   1.247301e+02   1.792506e+00
  4.070608e-01   1.234662e+02   1.790668e+00
  4.117490e-01   1.233021e+02   1.792995e+00
  4.164372e-01   1.223444e+02   1.789018e+00
  4.211255e-01   1.242327e+02   1.806376e+00
  4.258137e-01   1.167265e+02   1.752433e+00
  4.305019e-01   1.148388e+02   1.736583e+00
  4.351902e-01   1.166740e+02   1.746796e+00
  4.398784e-01   1.142721e+02   1.726629e+00
  4.445666e-01   1.120069e+02   1.729013e+00
  4.492548e-01   1.129369e+02   1.795461e+00
  4.539431e-01   1.116096e+02   1.819232e+00
  4.586313e-01   1.108093e+02   1.840032e+00
  4.633195e-01   1.100154e+02   1.857949e+00
  4.680078e-01   1.093860e+02   1.874504e+00
  4.726960e-01   1.053244e+02   1.859036e+00
  4.773842e-01   1.041564e+02   1.867085e+00
  4.820725e-01   1.029396e+02   1.873984e+00
  4.867607e-01   1.001682e+02   1.866240e+00
  4.914489e-01   9.791000e+01   1.861191e+00
  4.961371e-01   9.977308e+01   1.894298e+00
  5.008254e-01   9.824445e+01   1.895180e+00
  5.055136e-01   9.764185e+01   1.905184e+00
  5.102018e-01   9.259882e+01   1.812783e+00
  5.148901e-01   9.508043e+01   1.772732e+00
  5.195783e-01   9.249769e+01   1.719102e+00
  5.242665e-01   8.732718e+01   1.650780e+00
  5.289547e-01   8.875917e+01   1.648439e+00
  5.336430e-01   8.824034e+01   1.629364e+00
  5.383312e-01   8.343925e+01   1.572895e+00
  5.430194e-01   8.307741e+01   1.560030e+00
  5.477077e-01   8.077529e+01   1.529724e+00
  5.523959e-01   8.150697e+01   1.528080e+00
  5.570841e-01   8.012363e+01   1.506783e+00
  5.617723e-01   7.940787e+01   1.493682e+00
  5.664606e-01   7.888504e+01   1.482221e+00
  5.711488e-01   7.545895e+01   1.443955e+00
  5.758370e-01   7.659776e+01   1.446689e+00
  5.805253e-01   7.498644e+01   1.422562e+00
  5.852135e-01   7.400613e+01   1.404183e+00
  5.899017e-01   7.248511e+01   1.380055e+00
  5.945900e-01   7.113846e+01   1.356204e+00
  5.992782e-01   7.145175e+01   1.350441e+00
  6.039664e-01   6.917836e+01   1.320980e+00
  6.086546e-01   6.776508e+01   1.299627e+00
  6.133429e-01   6.686654e+01   1.282650e+00
  6.180311e-01   6.718533e+01   1.278115e+00
  6.227193e-01   6.636021e+01   1.263246e+00
  6.274076e-01   6.590479e+01   1.253649e+00
  6.320958e-01   6.621918e+01   1.253137e+00
  6.367840e-01   6.155109e+01   1.204690e+00
  6.414722e-01   6.138335e+01   1.200628e+00
  6.461605e-01   6.018079e+01   1.186055e+00
  6.508487e-01   5.952259e+01   1.177026e+00
  6.555369e-01   5.761090e+01   1.154508e+00
  6.602252e-01   5.870339e+01   1.162935e+00
  6.649134e-01   5.716468e+01   1.145202e+00
  6.696016e-01   5.564865e+01   1.127569e+00
  6.742898e-01   5.508831e+01   1.118738e+00
  6.789781e-01   5.364990e+01   1.101635e+00
  6.836663e-01   5.428360e+01   1.105785e+00
  6.883545e-01   5.347636e+01   1.095497e+00
  6.930428e-01   5.505663e+01   1.108540e+00
  6.977310e-01   5.182794e+01   1.073102e+00
  7.024192e-01   5.131211e+01   1.065602e+00
  7.071074e-01   4.873283e+01   1.036487e+00
  7.117957e-01   4.944297e+01   1.041639e+00
  7.164839e-01   4.866044e+01   1.030687e+00
  7.211721e-01   4.721688e+01   1.013363e+00
  7.258604e-01   4.646135e+01   1.003172e+00
  7.305486e-01   4.694706e+01   1.006694e+00
  7.352368e-01   4.623928e+01   9.959990e-01
  7.399251e-01   4.705386e+01   1.003108e+00
  7.446133e-01   4.640957e+01   9.944342e-01
  7.493015e-01   4.467334e+01   9.745248e-01
  7.539897e-01   4.385891e+01   9.628001e-01
  7.586780e-01   4.356382e+01   9.570808e-01
  7.633662e-01   4.418989e+01   9.620383e-01
  7.680544e-01   4.327056e+01   9.503205e-01
  7.727427e-01   4.307295e+01   9.459967e-01
  7.774309e-01   4.287852e+01   9.416656e-01
  7.821191e-01   4.116483e+01   9.210472e-01
  7.868073e-01   4.122508e+01   9.200724e-01
  7.914956e-01   4.183452e+01   9.248651e-01
  7.961838e-01   3.971459e+01   8.990802e-01
  8.008720e-01   3.802044e+01   8.780804e-01
  8.055603e-01   3.937532e+01   8.919137e-01
  8.102485e-01   3.839668e+01   8.792891e-01
  8.149367e-01   3.798410e+01   8.723180e-01
  8.196249e-01   3.791721e+01   8.698944e-01
  8.243132e-01   3.740084e+01   8.625742e-01
  8.290014e-01   3.649875e+01   8.505281e-01
  8.336896e-01   3.592812e+01   8.419021e-01
  8.383779e-01   3.672112e+01   8.495198e-01
  8.430661e-01   3.474187e+01   8.249044e-01
  8.477543e-01   3.333271e+01   8.065217e-01
  8.524425e-01   3.436804e+01   8.173518e-01
  8.571308e-01   3.475562e+01   8.206220e-01
  8.618190e-01   3.478251e+01   8.192660e-01
  8.665072e-01   3.429468e+01   8.118944e-01
  8.711955e-01   3.358339e+01   8.019944e-01
  8.758837e-01   3.428112e+01   8.084456e-01
  8.805719e-01   3.439968e+01   8.084230e-01
  8.852602e-01   3.478265e+01   8.116109e-01
  8.899484e-01   3.369355e+01   7.975003e-01
  8.946366e-01   3.337221e+01   7.916691e-01
  8.993248e-01   3.203342e+01   7.745031e-01
  9.040131e-01   3.274026e+01   7.815711e-01
  9.087013e-01   3.220251e+01   7.739167e-01
  9.133895e-01   3.071519e+01   7.541600e-01
  9.180778e-01   3.151182e+01   7.625978e-01
  9.227660e-01   3.176029e+01   7.641660e-01
  9.274542e-01   3.015883e+01   7.435468e-01
  9.321424e-01   3.140838e+01   7.573657e-01
  9.368307e-01   3.130703e+01   7.545299e-01
  9.415189e-01   3.112274e+01   7.511408e-01
  9.462071e-01   3.022652e+01   7.391319e-01
  9.508954e-01   3.022939e+01   7.377829e-01
  9.555836e-01   3.032927e+01   7.374806e-01
  9.602718e-01   2.900753e+01   7.200772e-01
  9.649600e-01   2.948772e+01   7.248485e-01
  9.696483e-01   2.968021e+01   7.261178e-01
  9.743365e-01   2.938032e+01   7.207587e-01
  9.790247e-01   2.900761e+01   7.151422e-01
  9.837130e-01   2.872744e+01   7.104795e-01
  9.884012e-01   2.927290e+01   7.161002e-01
  9.930894e-01   2.918343e+01   7.135944e-01
  9.977777e-01   2.930029e+01   7.137555e-01
  1.002466e+00   2.929567e+01   7.126266e-01
  1.007154e+00   2.812658e+01   6.971247e-01
  1.011842e+00   2.817783e+01   6.966115e-01
  1.016531e+00   2.870727e+01   7.017166e-01
  1.021219e+00   2.853075e+01   6.984507e-01
  1.025907e+00   2.876348e+01   7.003201e-01
  1.030595e+00   2.897942e+01   7.018304e-01
  1.035283e+00   2.849895e+01   6.944366e-01
  1.039972e+00   2.872400e+01   6.962281e-01
  1.044660e+00   2.778354e+01   6.837682e-01
  1.049348e+00   2.809683e+01   6.864234e-01
  1.054036e+00   2.879405e+01   6.935664e-01
  1.058725e+00   2.753728e+01   6.772484e-01
  1.063413e+00   2.730921e+01   6.733710e-01
  1.068101e+00   2.737708e+01   6.732494e-01
  1.072789e+00   2.720753e+01   6.699021e-01
  1.077478e+00   2.776702e+01   6.756498e-01
  1.082166e+00   2.748759e+01   6.711963e-01
  1.086854e+00   2.690045e+01   6.630376e-01
  1.091542e+00   2.728059e+01   6.666985e-01
  1.096230e+00   2.843305e+01   6.792482e-01
  1.100919e+00   2.834763e+01   6.772823e-01
  1.105607e+00   2.754130e+01   6.666895e-01
  1.110295e+00   2.801063e+01   6.712933e-01
  1.114983e+00   2.779394e+01   6.675866e-01
  1.119672e+00   2.735692e+01   6.613767e-01
  1.124360e+00   2.748120e+01   6.617670e-01
  1.129048e+00   2.774379e+01   6.639223e-01
  1.133736e+00   2.774258e+01   6.626835e-01
  1.138425e+00   2.725887e+01   6.558948e-01
  1.143113e+00   2.611307e+01   6.410113e-01
  1.147801e+00   2.794699e+01   6.623064e-01
  1.152489e+00   2.732817e+01   6.537432e-01
  1.157177e+00   2.664751e+01   6.444514e-01
  1.161866e+00   2.719136e+01   6.502015e-01
  1.166554e+00   2.719191e+01   6.492609e-01
  1.171242e+00   2.730843e+01   6.495618e-01
  1.175930e+00   2.732726e+01   6.487601e-01
  1.180619e+00   2.729770e+01   6.474796e-01
  1.185307e+00   2.692063e+01   6.420603e-01
  1.189995e+00   2.630225e+01   6.338393e-01
  1.194683e+00   2.697153e+01   6.406046e-01
  1.199372e+00   2.680738e+01   6.377757e-01
  1.204060e+00   2.712907e+01   6.408921e-01
  1.208748e+00   2.667557e+01   6.349930e-01
  1.213436e+00   2.755360e+01   6.438720e-01
  1.218124e+00   2.828862e+01   6.513037e-01
  1.222813e+00   2.783097e+01   6.451010e-01
  1.227501e+00   2.741117e+01   6.394594e-01
  1.232189e+00   2.760808e+01   6.406753e-01
  1.236877e+00   2.779550e+01   6.417658e-01
  1.241566e+00   2.842103e+01   6.481729e-01
  1.246254e+00   2.798669e+01   6.423744e-01
  1.250942e+00   2.763589e+01   6.523286e-01
  1.255630e+00   2.775428e+01   6.714177e-01
  1.260318e+00   2.734774e+01   6.776134e-01
  1.265007e+00   2.716445e+01   6.842809e-01
  1.269695e+00   2.672851e+01   6.865270e-01
  1.274383e+00   2.780715e+01   7.073452e-01
  1.279071e+00   2.755761e+01   7.109560e-01
  1.283760e+00   2.761948e+01   7.180305e-01
  1.288448e+00   2.706933e+01   7.167761e-01
  1.293136e+00   2.674169e+01   7.180563e-01
  1.297824e+00   2.767397e+01   7.359467e-01
  1.302513e+00   2.799379e+01   7.445931e-01
  1.307201e+00   2.704114e+01   7.339208e-01
  1.311889e+00   2.749705e+01   7.407571e-01
  1.316577e+00   2.792745e+01   7.178412e-01
  1.321265e+00   2.645408e+01   6.813211e-01
  1.325954e+00   2.699100e+01   6.771130e-01
  1.330642e+00   2.725981e+01   6.718192e-01
  1.335330e+00   2.767844e+01   6.695651e-01
  1.340018e+00   2.679148e+01   6.526285e-01
  1.344707e+00   2.676995e+01   6.469021e-01
  1.349395e+00   2.715327e+01   6.466848e-01
  1.354083e+00   2.716127e+01   6.418760e-01
  1.358771e+00   2.716387e+01   6.376467e-01
  1.363460e+00   2.744138e+01   6.373931e-01
  1.368148e+00   2.769217e+01   6.384935e-01
  1.372836e+00   2.647855e+01   6.226530e-01
  1.377524e+00   2.505990e+01   6.043616e-01
  1.382212e+00   2.804427e+01   6.380740e-01
  1.386901e+00   2.797696e+01   6.359763e-01
  1.391589e+00   2.718908e+01   6.255679e-01
  1.396277e+00   2.760697e+01   6.290297e-01
  1.400965e+00   2.655122e+01   6.157483e-01
  1.405654e+00   2.702422e+01   6.200781e-01
  1.410342e+00   2.683289e+01   6.167350e-01
  1.415030e+00   2.735216e+01   6.213067e-01
  1.419718e+00   2.817726e+01   6.295494e-01
  1.424406e+00   2.812508e+01   6.279957e-01
  1.429095e+00   2.666378e+01   6.103891e-01
  1.433783e+00   2.674095e+01   6.099778e-01
  1.438471e+00   2.666410e+01   6.081591e-01
  1.443159e+00   2.710112e+01   6.121846e-01
  1.447848e+00   2.620700e+01   6.010157e-01
  1.452536e+00   2.665895e+01   6.050354e-01
  1.457224e+00   2.791382e+01   6.181198e-01
  1.461912e+00   2.651861e+01   6.015918e-01
  1.466601e+00   2.719601e+01   6.083006e-01
  1.471289e+00   2.656449e+01   6.001742e-01
  1.475977e+00   2.668820e+01   6.008726e-01
  1.480665e+00   2.743370e+01   6.080320e-01
  1.485353e+00   2.617678e+01   6.023987e-01
  1.490042e+00   2.610656e+01   6.200524e-01
  1.494730e+00   2.701467e+01   6.418759e-01
  1.499418e+00   2.633507e+01   6.419020e-01
  1.504106e+00   2.625895e+01   6.483851e-01
  1.508795e+00   2.681042e+01   6.621121e-01
  1.513483e+00   2.721396e+01   6.501722e-01
  1.518171e+00   2.779219e+01   6.423637e-01
  1.522859e+00   2.778729e+01   6.334866e-01
  1.527548e+00   2.690109e+01   6.166401e-01
  1.532236e+00   2.631477e+01   6.040415e-01
  1.536924e+00   2.718660e+01   6.090845e-01
  1.541612e+00   2.714593e+01   6.054158e-01
  1.546300e+00   2.653381e+01   5.971056e-01
  1.550989e+00   2.671521e+01   5.970089e-01
  1.555677e+00   2.808549e+01   6.090052e-01
  1.560365e+00   2.646092e+01   5.883666e-01
  1.565053e+00   2.687556e+01   5.902274e-01
  1.569742e+00   2.673223e+01   5.862688e-01
  1.574430e+00   2.699963e+01   5.879547e-01
  1.579118e+00   2.712489e+01   5.897571e-01
  1.583806e+00   2.614830e+01   5.797050e-01
  1.588495e+00   2.662499e+01   5.856516e-01
  1.593183e+00   2.678498e+01   5.876862e-01
  1.597871e+00   2.629085e+01   5.818807e-01
  1.602559e+00   2.569122e+01   5.743645e-01
  1.607247e+00   2.618001e+01   5.788846e-01
  1.611936e+00   2.636046e+01   5.797653e-01
  1.616624e+00   2.614771e+01   5.766090e-01
  1.621312e+00   2.551202e+01   5.687342e-01
  1.626000e+00   2.614007e+01   5.748206e-01
  1.630689e+00   2.634663e+01   5.761608e-01
  1.635377e+00   2.677098e+01   5.799224e-01
  1.640065e+00   2.791343e+01   5.913039e-01
  1.644753e+00   2.748575e+01   5.859563e-01
  1.649441e+00   2.613779e+01   5.705971e-01
  1.654130e+00   2.577499e+01   5.657178e-01
  1.658818e+00   2.635522e+01   5.712460e-01
  1.663506e+00   2.664379e+01   5.736132e-01
  1.668194e+00   2.733988e+01   5.803286e-01
  1.672883e+00   2.635316e+01   5.687748e-01
  1.677571e+00   2.582642e+01   5.623270e-01
  1.682259e+00   2.580163e+01   5.613835e-01
  1.686947e+00   2.610554e+01   5.639638e-01
  1.691636e+00   2.628571e+01   5.649824e-01
  1.696324e+00   2.648111e+01   5.663192e-01
  1.701012e+00   2.588101e+01   5.591854e-01
  1.705700e+00   2.584742e+01   5.581627e-01
  1.710388e+00   2.601705e+01   5.591611e-01
  1.715077e+00   2.609767e+01   5.592425e-01
  1.719765e+00   2.592353e+01   5.566837e-01
  1.724453e+00   2.553623e+01   5.518813e-01
  1.729141e+00   2.655749e+01   5.620642e-01
  1.733830e+00   2.627451e+01   5.582029e-01
  1.738518e+00   2.655710e+01   5.605620e-01
  1.743206e+00   2.645256e+01   5.587859e-01
  1.747894e+00   2.626330e+01   5.561944e-01
  1.752583e+00   2.672601e+01   5.604671e-01
  1.757271e+00   2.629804e+01   5.551066e-01
  1.761959e+00   2.667156e+01   5.582894e-01
  1.766647e+00   2.574900e+01   5.478649e-01
  1.771335e+00   2.645480e+01   5.545670e-01
  1.776024e+00   2.585370e+01   5.475395e-01
  1.780712e+00   2.638613e+01   5.524907e-01
  1.785400e+00   2.622354e+01   5.501804e-01
  1.790088e+00   2.692171e+01   5.567715e-01
  1.794777e+00   2.672939e+01   5.540026e-01
  1.799465e+00   2.554935e+01   5.409697e-01
  1.804153e+00   2.638420e+01   5.492209e-01
  1.808841e+00   2.576135e+01   5.420488e-01
  1.813530e+00   2.601663e+01   5.438935e-01
  1.818218e+00   2.658545e+01   5.492162e-01
  1.822906e+00   2.523324e+01   5.345411e-01
  1.827594e+00   2.572652e+01   5.391328e-01
  1.832282e+00   2.609635e+01   5.421022e-01
  1.836971e+00   2.601424e+01   5.407441e-01
  1.841659e+00   2.593249e+01   5.393463e-01
  1.846347e+00   2.519263e+01   5.309747e-01
  1.851035e+00   2.552972e+01   5.337359e-01
  1.855724e+00   2.633906e+01   5.415787e-01
  1.860412e+00   2.594044e+01   5.369111e-01
  1.865100e+00   2.546929e+01   5.313985e-01
  1.869788e+00   2.659292e+01   5.422630e-01
  1.874476e+00   2.630914e+01   5.387580e-01
  1.879165e+00   2.584730e+01   5.334771e-01
  1.883853e+00   2.657110e+01   5.402699e-01
  1.888541e+00   2.643997e+01   5.382944e-01
  1.893229e+00   2.623670e+01   5.358468e-01
  1.897918e+00   2.617729e+01   5.346141e-01
  1.902606e+00   2.624925e+01   5.345546e-01
  1.907294e+00   2.623082e+01   5.338370e-01
  1.911982e+00   2.545487e+01   5.251280e-01
  1.916671e+00   2.575337e+01   5.276722e-01
  1.921359e+00   2.563609e+01   5.259302e-01
  1.926047e+00   2.568338e+01   5.258836e-01
  1.930735e+00   2.550214e+01   5.232959e-01
  1.935423e+00   2.536698e+01   5.213743e-01
  1.940112e+00   2.513237e+01   5.183249e-01
  1.944800e+00   2.560501e+01   5.220054e-01
  1.949488e+00   2.616394e+01   5.263184e-01
  1.954176e+00   2.595395e+01   5.230435e-01
  1.958865e+00   2.653094e+01   5.276565e-01
  1.963553e+00   2.545150e+01   5.159038e-01
  1.968241e+00   2.521722e+01   5.130054e-01
  1.972929e+00   2.522139e+01   5.124047e-01
  1.977618e+00   2.523416e+01   5.121228e-01
  1.982306e+00   2.566790e+01   5.162187e-01
  1.986994e+00   2.586765e+01   5.181465e-01
  1.991682e+00   2.529427e+01   5.124118e-01
  1.996370e+00   2.518818e+01   5.114747e-01
  2.001059e+00   2.572337e+01   5.170384e-01
  2.005747e+00   2.543857e+01   5.140045e-01
  2.010435e+00   2.578661e+01   5.166721e-01
  2.015123e+00   2.517125e+01   5.099280e-01
  2.019812e+00   2.567069e+01   5.144575e-01
  2.024500e+00   2.568845e+01   5.141839e-01
  2.029188e+00   2.601531e+01   5.168090e-01
  2.033876e+00   2.605602e+01   5.166381e-01
  2.038565e+00   2.568366e+01   5.123944e-01
  2.043253e+00   2.498654e+01   5.050145e-01
  2.047941e+00   2.576637e+01   5.122443e-01
  2.052629e+00   2.622868e+01   5.180713e-01
  2.057317e+00   2.579351e+01   5.287688e-01
  2.062006e+00   2.563758e+01   5.367405e-01
  2.066694e+00   2.548409e+01   5.422461e-01
  2.071382e+00   2.587637e+01   5.522696e-01
  2.076070e+00   2.554414e+01   5.540646e-01
  2.080759e+00   2.589799e+01   5.628520e-01
  2.085447e+00   2.481067e+01   5.551451e-01
  2.090135e+00   2.544865e+01   5.643561e-01
  2.094823e+00   2.583976e+01   5.703026e-01
  2.099511e+00   2.577283e+01   5.711687e-01
  2.104200e+00   2.496247e+01   5.635760e-01
  2.108888e+00   2.500971e+01   5.653644e-01
  2.113576e+00   2.541675e+01   5.712041e-01
  2.118264e+00   2.584943e+01   5.704299e-01
  2.122953e+00   2.587052e+01   5.525929e-01
  2.127641e+00   2.583152e+01   5.430362e-01
  2.132329e+00   2.567024e+01   5.347629e-01
  2.137017e+00   2.547675e+01   5.277163e-01
  2.141706e+00   2.504718e+01   5.189159e-01
  2.146394e+00   2.552892e+01   5.200502e-01
  2.151082e+00   2.541527e+01   5.160348e-01
  2.155770e+00   2.593386e+01   5.201371e-01
  2.160458e+00   2.535941e+01   5.131524e-01
  2.165147e+00   2.499236e+01   5.083613e-01
  2.169835e+00   2.543550e+01   5.116515e-01
  2.174523e+00   2.616205e+01   5.180025e-01
  2.179211e+00   2.573166e+01   5.128107e-01
  2.183900e+00   2.562674e+01   5.108627e-01
  2.188588e+00   2.541817e+01   5.078482e-01
  2.193276e+00   2.578170e+01   5.106132e-01
  2.197964e+00   2.567984e+01   5.088587e-01
  2.202653e+00   2.667122e+01   5.177675e-01
  2.207341e+00   2.633360e+01   5.136713e-01
  2.212029e+00   2.529665e+01   5.026773e-01
  2.216717e+00   2.591797e+01   5.081466e-01
  2.221405e+00   2.651826e+01   5.132395e-01
  2.226094e+00   2.562951e+01   5.038733e-01
  2.230782e+00   2.652773e+01   5.118939e-01
  2.235470e+00   2.530986e+01   4.993422e-01
  2.240158e+00   2.510645e+01   4.966860e-01
  2.244847e+00   2.536265e+01   4.986260e-01
  2.249535e+00   2.528499e+01   4.971166e-01
  2.254223e+00   2.552932e+01   4.988662e-01
  2.258911e+00   2.570078e+01   4.999826e-01
  2.263600e+00   2.512475e+01   4.937735e-01
  2.268288e+00   2.563809e+01   4.981017e-01
  2.272976e+00   2.471189e+01   4.883838e-01
  2.277664e+00   2.527898e+01   4.934341e-01
  2.282352e+00   2.568879e+01   4.968733e-01
  2.287041e+00   2.616739e+01   5.008605e-01
  2.291729e+00   2.533143e+01   4.921075e-01
  2.296417e+00   2.474314e+01   4.859052e-01
  2.301105e+00   2.462398e+01   4.841954e-01
  2.305794e+00   2.538596e+01   4.910712e-01
  2.310482e+00   2.568579e+01   4.932815e-01
  2.315170e+00   2.543780e+01   4.904413e-01
  2.319858e+00   2.540496e+01   4.896150e-01
  2.324546e+00   2.531905e+01   4.882383e-01
  2.329235e+00   2.600261e+01   4.941235e-01
  2.333923e+00   2.547613e+01   4.886399e-01
  2.338611e+00   2.525613e+01   4.860300e-01
  2.343299e+00   2.495959e+01   4.826720e-01
  2.347988e+00   2.498103e+01   4.822354e-01
  2.352676e+00   2.418392e+01   4.740435e-01
  2.357364e+00   2.595274e+01   4.905818e-01
  2.362052e+00   2.514635e+01   4.823921e-01
  2.366741e+00   2.494313e+01   4.798939e-01
  2.371429e+00   2.531390e+01   4.829270e-01
  2.376117e+00   2.531800e+01   4.825272e-01
  2.380805e+00   2.528066e+01   4.816621e-01
  2.385493e+00   2.554022e+01   4.836129e-01
  2.390182e+00   2.545418e+01   4.822991e-01
  2.394870e+00   2.504929e+01   4.779312e-01
  2.399558e+00   2.483745e+01   4.755092e-01
  2.404246e+00   2.508429e+01   4.773576e-01
  2.408935e+00   2.519808e+01   4.779136e-01
  2.413623e+00   2.514810e+01   4.769620e-01
  2.418311e+00   2.599899e+01   4.845125e-01
  2.422999e+00   2.619424e+01   4.859289e-01
  2.427688e+00   2.495563e+01   4.736795e-01
  2.432376e+00   2.551109e+01   4.785130e-01
  2.437064e+00   2.510080e+01   4.741570e-01
  2.441752e+00   2.587614e+01   4.810948e-01
  2.446440e+00   2.517214e+01   4.738838e-01
  2.451129e+00   2.539174e+01   4.755228e-01
  2.455817e+00   2.507964e+01   4.722364e-01
  2.460505e+00   2.574230e+01   4.780369e-01
  2.465193e+00   2.614635e+01   4.811500e-01
  2.469882e+00   2.507054e+01   4.706612e-01
  2.474570e+00   2.486220e+01   4.682888e-01
  2.479258e+00   2.537883e+01   4.727460e-01
  2.483946e+00   2.525905e+01   4.711625e-01
  2.488634e+00   2.510491e+01   4.691872e-01
  2.493323e+00   2.553197e+01   4.727733e-01
  2.498011e+00   2.531076e+01   4.703310e-01
  2.502699e+00   2.557486e+01   4.723174e-01
  2.507387e+00   2.557301e+01   4.717899e-01
  2.512076e+00   2.554510e+01   4.711114e-01
  2.516764e+00   2.601801e+01   4.750754e-01
  2.521452e+00   2.526398e+01   4.677053e-01
  2.526140e+00   2.583425e+01   4.724530e-01
  2.530829e+00   2.483756e+01   4.628192e-01
  2.535517e+00   2.595302e+01   4.724624e-01
  2.540205e+00   2.594126e+01   4.714372e-01
  2.544893e+00   2.548123e+01   4.662240e-01
  2.549581e+00   2.577836e+01   4.681048e-01
  2.554270e+00   2.525707e+01   4.629079e-01
  2.558958e+00   2.513476e+01   4.613863e-01
  2.563646e+00   2.522405e+01   4.617989e-01
  2.568334e+00   2.507588e+01   4.599687e-01
  2.573023e+00   2.512172e+01   4.600123e-01
  2.577711e+00   2.540555e+01   4.622156e-01
  2.582399e+00   2.485116e+01   4.567684e-01
  2.587087e+00   2.504070e+01   4.581972e-01
  2.591776e+00   2.482153e+01   4.562516e-01
  2.596464e+00   2.471821e+01   4.554719e-01
  2.601152e+00   2.497851e+01   4.579266e-01
  2.605840e+00   2.520028e+01   4.595364e-01
  2.610528e+00   2.496552e+01   4.569871e-01
  2.615217e+00   2.492697e+01   4.562719e-01
  2.619905e+00   2.453962e+01   4.523975e-01
  2.624593e+00   2.560966e+01   4.616266e-01
  2.629281e+00   2.569223e+01   4.619946e-01
  2.633970e+00   2.573979e+01   4.620251e-01
  2.638658e+00   2.537729e+01   4.584440e-01
  2.643346e+00   2.469723e+01   4.518061e-01
  2.648034e+00   2.453839e+01   4.500044e-01
  2.652723e+00   2.479211e+01   4.519496e-01
  2.657411e+00   2.517739e+01   4.550400e-01
  2.662099e+00   2.570449e+01   4.593687e-01
  2.666787e+00   2.485285e+01   4.512285e-01
  2.671475e+00   2.478715e+01   4.502684e-01
  2.676164e+00   2.505912e+01   4.524479e-01
  2.680852e+00   2.463548e+01   4.482941e-01
  2.685540e+00   2.494166e+01   4.505502e-01
  2.690228e+00   2.528025e+01   4.531737e-01
  2.694917e+00   2.543235e+01   4.543166e-01
  2.699605e+00   2.504755e+01   4.504957e-01
  2.704293e+00   2.544351e+01   4.534882e-01
  2.708981e+00   2.599548e+01   4.580076e-01
  2.713669e+00   2.567831e+01   4.548980e-01
  2.718358e+00   2.488282e+01   4.474198e-01
  2.723046e+00   2.483825e+01   4.465905e-01
  2.727734e+00   2.495226e+01   4.472173e-01
  2.732422e+00   2.471056e+01   4.447469e-01
  2.737111e+00   2.465739e+01   4.439131e-01
  2.741799e+00   2.544399e+01   4.505249e-01
  2.746487e+00   2.517733e+01   4.477452e-01
  2.751175e+00   2.493263e+01   4.452530e-01
  2.755864e+00   2.611760e+01   4.553627e-01
  2.760552e+00   2.563710e+01   4.507600e-01
  2.765240e+00   2.546623e+01   4.488334e-01
  2.769928e+00   2.518204e+01   4.459841e-01
  2.774616e+00   2.480824e+01   4.423734e-01
  2.779305e+00   2.473882e+01   4.413563e-01
  2.783993e+00   2.514396e+01   4.445446e-01
  2.788681e+00   2.580756e+01   4.500502e-01
  2.793369e+00   2.547060e+01   4.468757e-01
  2.798058e+00   2.516102e+01   4.436865e-01
  2.802746e+00   2.511560e+01   4.430822e-01
  2.807434e+00   2.542637e+01   4.455633e-01
  2.812122e+00   2.574106e+01   4.477051e-01
  2.816811e+00   2.529740e+01   4.435329e-01
  2.821499e+00   2.540936e+01   4.440788e-01
  2.826187e+00   2.503829e+01   4.404274e-01
  2.830875e+00   2.531536e+01   4.425263e-01
  2.835563e+00   2.512556e+01   4.405623e-01
  2.840252e+00   2.544577e+01   4.429086e-01
  2.844940e+00   2.486796e+01   4.375420e-01
  2.849628e+00   2.536113e+01   4.415174e-01
  2.854316e+00   2.547845e+01   4.422192e-01
  2.859005e+00   2.556046e+01   4.503833e-01
  2.863693e+00   2.532368e+01   4.581251e-01
  2.868381e+00   2.515435e+01   4.626181e-01
  2.873069e+00   2.542459e+01   4.701391e-01
  2.877758e+00   2.518236e+01   4.719741e-01
  2.882446e+00   2.442350e+01   4.677062e-01
  2.887134e+00   2.452513e+01   4.702337e-01
  2.891822e+00   2.464625e+01   4.727693e-01
  2.896510e+00   2.498780e+01   4.773535e-01
  2.901199e+00   2.516432e+01   4.801583e-01
  2.905887e+00   2.503390e+01   4.801109e-01
  2.910575e+00   2.520208e+01   4.827834e-01
  2.915263e+00   2.523498e+01   4.840885e-01
  2.919952e+00   2.510508e+01   4.833851e-01
  2.924640e+00   2.464706e+01   4.660097e-01
  2.929328e+00   2.452879e+01   4.566731e-01
  2.934016e+00   2.493272e+01   4.551505e-01
  2.938704e+00   2.518153e+01   4.532855e-01
  2.943393e+00   2.585649e+01   4.560086e-01
  2.948081e+00   2.505306e+01   4.471192e-01
  2.952769e+00   2.471612e+01   4.429963e-01
  2.957457e+00   2.486833e+01   4.434606e-01
  2.962146e+00   2.476307e+01   4.415761e-01
  2.966834e+00   2.504021e+01   4.433525e-01
  2.971522e+00   2.490332e+01   4.412724e-01
  2.976210e+00   2.497877e+01   4.412527e-01
  2.980899e+00   2.529829e+01   4.433238e-01
  2.985587e+00   2.474265e+01   4.377638e-01
  2.990275e+00   2.519801e+01   4.411354e-01
  2.994963e+00   2.582783e+01   4.460761e-01
  2.999651e+00   2.540142e+01   4.417427e-01
  3.004340e+00   2.533750e+01   4.405919e-01
  3.009028e+00   2.544453e+01   4.409673e-01
  3.013716e+00   2.512864e+01   4.377395e-01
  3.018404e+00   2.471858e+01   4.336266e-01
  3.023093e+00   2.490667e+01   4.347216e-01
  3.027781e+00   2.520310e+01   4.367906e-01
  3.032469e+00   2.545235e+01   4.385016e-01
  3.037157e+00   2.490031e+01   4.332800e-01
  3.041846e+00   2.521235e+01   4.354343e-01
  3.046534e+00   2.506847e+01   4.337133e-01
  3.051222e+00   2.490265e+01   4.319611e-01
  3.055910e+00   2.476063e+01   4.303206e-01
  3.060598e+00   2.522609e+01   4.337125e-01
  3.065287e+00   2.504173e+01   4.317256e-01
  3.069975e+00   2.495447e+01   4.305639e-01
  3.074663e+00   2.532052e+01   4.333501e-01
  3.079351e+00   2.541874e+01   4.336984e-01
  3.084040e+00   2.588824e+01   4.372168e-01
  3.088728e+00   2.550752e+01   4.336267e-01
  3.093416e+00   2.494795e+01   4.286148e-01
  3.098104e+00   2.444528e+01   4.238139e-01
  3.102793e+00   2.489676e+01   4.272605e-01
  3.107481e+00   2.497647e+01   4.275752e-01
  3.112169e+00   2.434850e+01   4.217550e-01
  3.116857e+00   2.421731e+01   4.201953e-01
  3.121545e+00   2.527357e+01   4.288251e-01
  3.126234e+00   2.517873e+01   4.276650e-01
  3.130922e+00   2.470382e+01   4.233103e-01
  3.135610e+00   2.490425e+01   4.246358e-01
  3.140298e+00   2.548135e+01   4.293239e-01
  3.144987e+00   2.506055e+01   4.254160e-01
  3.149675e+00   2.484446e+01   4.230039e-01
  3.154363e+00   2.527784e+01   4.263507e-01
  3.159051e+00   2.514359e+01   4.247566e-01
  3.163739e+00   2.499499e+01   4.231417e-01
  3.168428e+00   2.506182e+01   4.234322e-01
  3.173116e+00   2.460910e+01   4.193095e-01
  3.177804e+00   2.546375e+01   4.260623e-01
  3.182492e+00   2.533765e+01   4.246410e-01
  3.187181e+00   2.519186e+01   4.230979e-01
  3.191869e+00   2.546870e+01   4.250787e-01
  3.196557e+00   2.519750e+01   4.224152e-01
  3.201245e+00   2.511924e+01   4.214070e-01
  3.205934e+00   2.530552e+01   4.226442e-01
  3.210622e+00   2.475413e+01   4.177454e-01
  3.215310e+00   2.490499e+01   4.186005e-01
  3.219998e+00   2.486037e+01   4.177377e-01
  3.224686e+00   2.440125e+01   4.131898e-01
  3.229375e+00   2.474393e+01   4.153022e-01
  3.234063e+00   2.528597e+01   4.193074e-01
  3.238751e+00   2.470821e+01   4.141331e-01
  3.243439e+00   2.521500e+01   4.180286e-01
  3.248128e+00   2.513776e+01   4.171108e-01
  3.252816e+00   2.512089e+01   4.166519e-01
  3.257504e+00   2.508581e+01   4.159667e-01
  3.262192e+00   2.487440e+01   4.139335e-01
  3.266881e+00   2.473877e+01   4.124967e-01
  3.271569e+00   2.455660e+01   4.106808e-01
  3.276257e+00   2.536581e+01   4.170874e-01
  3.280945e+00   2.494088e+01   4.136453e-01
  3.285633e+00   2.454140e+01   4.104615e-01
  3.290322e+00   2.515615e+01   4.155302e-01
  3.295010e+00   2.532029e+01   4.165348e-01
  3.299698e+00   2.557356e+01   4.182976e-01
  3.304386e+00   2.509641e+01   4.140541e-01
  3.309075e+00   2.528519e+01   4.153543e-01
  3.313763e+00   2.528576e+01   4.150160e-01
  3.318451e+00   2.598921e+01   4.203985e-01
  3.323139e+00   2.538487e+01   4.152156e-01
  3.327828e+00   2.505938e+01   4.122193e-01
  3.332516e+00   2.486103e+01   4.103319e-01
  3.337204e+00   2.456607e+01   4.075076e-01
  3.341892e+00   2.548919e+01   4.148909e-01
  3.346580e+00   2.478052e+01   4.087817e-01
  3.351269e+00   2.455763e+01   4.065996e-01
  3.355957e+00   2.501421e+01   4.108422e-01
  3.360645e+00   2.492762e+01   4.201699e-01
  3.365333e+00   2.559598e+01   4.325047e-01
  3.370022e+00   2.520095e+01   4.338601e-01
  3.374710e+00   2.569153e+01   4.402216e-01
  3.379398e+00   2.553941e+01   4.405546e-01
  3.384086e+00   2.410460e+01   4.293873e-01
  3.388774e+00   2.465087e+01   4.347146e-01
  3.393463e+00   2.496676e+01   4.371235e-01
  3.398151e+00   2.453842e+01   4.337795e-01
  3.402839e+00   2.467566e+01   4.359545e-01
  3.407527e+00   2.520990e+01   4.416263e-01
  3.412216e+00   2.401771e+01   4.318772e-01
  3.416904e+00   2.471129e+01   4.388877e-01
  3.421592e+00   2.515520e+01   4.436624e-01
  3.426280e+00   2.541232e+01   4.466598e-01
  3.430969e+00   2.440249e+01   4.384695e-01
  3.435657e+00   2.401583e+01   4.357100e-01
  3.440345e+00   2.497812e+01   4.449228e-01
  3.445033e+00   2.578398e+01   4.527367e-01
  3.449721e+00   2.483386e+01   4.450460e-01
  3.454410e+00   2.403443e+01   4.383189e-01
  3.459098e+00   2.452168e+01   4.433149e-01
  3.463786e+00   2.489607e+01   4.472546e-01
  3.468474e+00   2.504753e+01   4.491937e-01
  3.473163e+00   2.472557e+01   4.467753e-01
  3.477851e+00   2.521425e+01   4.517348e-01
  3.482539e+00   2.511499e+01   4.515483e-01
  3.487227e+00   2.483395e+01   4.492957e-01
  3.491916e+00   2.452445e+01   4.470169e-01
  3.496604e+00   2.533479e+01   4.548032e-01
  3.501292e+00   2.507115e+01   4.528910e-01
  3.505980e+00   2.483219e+01   4.512046e-01
  3.510668e+00   2.495523e+01   4.527702e-01
  3.515357e+00   2.474552e+01   4.512464e-01
  3.520045e+00   2.437797e+01   4.483803e-01
  3.524733e+00   2.459631e+01   4.507632e-01
  3.529421e+00   2.454642e+01   4.506837e-01
  3.534110e+00   2.504514e+01   4.556970e-01
  3.538798e+00   2.433180e+01   4.495092e-01
  3.543486e+00   2.461674e+01   4.525313e-01
  3.548174e+00   2.472838e+01   4.539575e-01
  3.552863e+00   2.526432e+01   4.592045e-01
  3.557551e+00   2.536471e+01   4.604638e-01
  3.562239e+00   2.488614e+01   4.565092e-01
  3.566927e+00   2.520716e+01   4.597967e-01
  3.571615e+00   2.483349e+01   4.566974e-01
  3.576304e+00   2.500718e+01   4.586186e-01
  3.580992e+00   2.466035e+01   4.557142e-01
  3.585680e+00   2.474152e+01   4.561976e-01
  3.590368e+00   2.500111e+01   4.581533e-01
  3.595057e+00   2.454283e+01   4.535305e-01
  3.599745e+00   2.500629e+01   4.573948e-01
  3.604433e+00   2.461515e+01   4.535302e-01
  3.609121e+00   2.432324e+01   4.513022e-01
  3.613809e+00   2.485349e+01   4.562588e-01
  3.618498e+00   2.465914e+01   4.547097e-01
  3.623186e+00   2.494241e+01   4.576394e-01
  3.627874e+00   2.466971e+01   4.554087e-01
  3.632562e+00   2.474896e+01   4.563795e-01
  3.637251e+00   2.460716e+01   4.553797e-01
  3.641939e+00   2.465553e+01   4.560868e-01
  3.646627e+00   2.487627e+01   4.584358e-01
  3.651315e+00   2.494500e+01   4.592925e-01
  3.656004e+00   2.500044e+01   4.602671e-01
  3.660692e+00   2.444285e+01   4.621347e-01
  3.665380e+00   2.447428e+01   4.789743e-01
  3.670068e+00   2.529100e+01   4.953152e-01
  3.674756e+00   2.470117e+01   4.972108e-01
  3.679445e+00   2.498294e+01   5.060192e-01
  3.684133e+00   2.439832e+01   5.034797e-01
  3.688821e+00   2.412858e+01   5.037805e-01
  3.693509e+00   2.505880e+01   5.164387e-01
  3.698198e+00   2.458551e+01   5.143357e-01
  3.702886e+00   2.499377e+01   5.214211e-01
  3.707574e+00   2.490487e+01   5.230984e-01
  3.712262e+00   2.525331e+01   5.294158e-01
  3.716951e+00   2.537006e+01   5.331594e-01
  3.721639e+00   2.427653e+01   5.240268e-01
  3.726327e+00   2.425561e+01   5.261591e-01
  3.731015e+00   2.450106e+01   5.312442e-01
  3.735703e+00   2.508735e+01   5.398965e-01
  3.740392e+00   2.595520e+01   5.515867e-01
  3.745080e+00   2.567880e+01   5.509230e-01
  3.749768e+00   2.448307e+01   5.402336e-01
  3.754456e+00   2.465867e+01   5.443910e-01
  3.759145e+00   2.439230e+01   5.436836e-01
  3.763833e+00   2.472337e+01   5.495448e-01
  3.768521e+00   2.443274e+01   5.485101e-01
  3.773209e+00   2.519632e+01   5.591877e-01
  3.777897e+00   2.480499e+01   5.570253e-01
  3.782586e+00   2.436258e+01   5.541571e-01
  3.787274e+00   2.520366e+01   5.658246e-01
  3.791962e+00   2.457796e+01   5.608959e-01
  3.796650e+00   2.443298e+01   5.613568e-01
  3.801339e+00   2.516245e+01   5.718164e-01
  3.806027e+00   2.537575e+01   5.763822e-01
  3.810715e+00   2.503768e+01   5.746630e-01
  3.815403e+00   2.494756e+01   5.757412e-01
  3.820092e+00   2.467439e+01   5.746921e-01
  3.824780e+00   2.494158e+01   5.799149e-01
  3.829468e+00   2.499424e+01   5.826712e-01
  3.834156e+00   2.526043e+01   5.878524e-01
  3.838844e+00   2.551073e+01   5.929196e-01
  3.843533e+00   2.523690e+01   5.918311e-01
  3.848221e+00   2.480784e+01   5.888668e-01
  3.852909e+00   2.544130e+01   5.984926e-01
  3.857597e+00   2.483675e+01   5.934537e-01
  3.862286e+00   2.491198e+01   5.964692e-01
  3.866974e+00   2.450885e+01   5.937089e-01
  3.871662e+00   2.454590e+01   5.963898e-01
  3.876350e+00   2.482308e+01   6.019605e-01
  3.881039e+00   2.514648e+01   6.078113e-01
  3.885727e+00   2.477423e+01   6.054181e-01
  3.890415e+00   2.478143e+01   6.075782e-01
  3.895103e+00   2.462648e+01   6.078689e-01
  3.899791e+00   2.572114e+01   6.233457e-01
  3.904480e+00   2.547593e+01   6.225814e-01
  3.909168e+00   2.461373e+01   6.140609e-01
  3.913856e+00   2.514965e+01   6.229681e-01
  3.918544e+00   2.549341e+01   6.292984e-01
  3.923233e+00   2.500727e+01   6.255168e-01
  3.927921e+00   2.428700e+01   6.185207e-01
  3.932609e+00   2.432294e+01   6.210736e-01
  3.937297e+00   2.413847e+01   6.198262e-01
  3.941986e+00   2.456119e+01   6.260163e-01
  3.946674e+00   2.438134e+01   6.243560e-01
  3.951362e+00   2.460067e+01   6.267958e-01
  3.956050e+00   2.466698e+01   6.265821e-01
  3.960738e+00   2.508847e+01   6.317476e-01
  3.965427e+00   2.490204e+01   6.301484e-01
  3.970115e+00   2.440774e+01   6.257916e-01
  3.974803e+00   2.477660e+01   6.325222e-01
  3.979491e+00   2.474339e+01   6.338678e-01
  3.984180e+00   2.461362e+01   6.343330e-01
  3.988868e+00   2.492908e+01   6.405104e-01
  3.993556e+00   2.496651e+01   6.431374e-01
  3.998244e+00   2.450141e+01   6.392937e-01
  4.002932e+00   2.514663e+01   6.498672e-01
  4.007621e+00   2.532551e+01   6.543313e-01
  4.012309e+00   2.440726e+01   6.445284e-01
  4.016997e+00   2.485915e+01   6.526773e-01
  4.021685e+00   2.453386e+01   6.506253e-01
  4.026374e+00   2.508659e+01   6.601406e-01
  4.031062e+00   2.450825e+01   6.546918e-01
  4.035750e+00   2.448229e+01   6.565615e-01
  4.040438e+00   2.476680e+01   6.626488e-01
  4.045127e+00   2.520989e+01   6.708406e-01
  4.049815e+00   2.442270e+01   6.625400e-01
  4.054503e+00   2.427975e+01   6.628501e-01
  4.059191e+00   2.536876e+01   6.799194e-01
  4.063879e+00   2.429366e+01   6.676640e-01
  4.068568e+00   2.509221e+01   6.808813e-01
  4.073256e+00   2.497104e+01   6.815706e-01
  4.077944e+00   2.539695e+01   6.897770e-01
  4.082632e+00   2.481605e+01   6.842126e-01
  4.087321e+00   2.522478e+01   6.922485e-01
  4.092009e+00   2.455248e+01   6.853494e-01
  4.096697e+00   2.449679e+01   6.869799e-01
  4.101385e+00   2.405081e+01   6.830641e-01
  4.106074e+00   2.475392e+01   6.954688e-01
  4.110762e+00   2.414993e+01   6.893919e-01
  4.115450e+00   2.459532e+01   6.981830e-01
  4.120138e+00   2.576002e+01   7.170225e-01
  4.124826e+00   2.508868e+01   7.101697e-01
  4.129515e+00   2.425556e+01   7.008315e-01
  4.134203e+00   2.368539e+01   6.950018e-01
  4.138891e+00   2.442510e+01   7.083390e-01
  4.143579e+00   2.482368e+01   7.166843e-01
  4.148268e+00   2.505565e+01   7.226931e-01
  4.152956e+00   2.420326e+01   7.128736e-01
  4.157644e+00   2.465690e+01   7.220795e-01
  4.162332e+00   2.570422e+01   7.400763e-01
  4.167021e+00   2.565030e+01   7.420287e-01
  4.171709e+00   2.535387e+01   7.403900e-01
  4.176397e+00   2.575637e+01   7.490737e-01
  4.181085e+00   2.612772e+01   7.572705e-01
  4.185773e+00   2.581169e+01   7.555711e-01
  4.190462e+00   2.528630e+01   7.507278e-01
  4.195150e+00   2.492646e+01   7.490780e-01
  4.199838e+00   2.604939e+01   7.679315e-01
  4.204526e+00   2.616673e+01   7.723218e-01
  4.209215e+00   2.547827e+01   7.650380e-01
  4.213903e+00   2.433783e+01   7.505983e-01
  4.218591e+00   2.472374e+01   7.594467e-01
  4.223279e+00   2.456568e+01   7.600012e-01
  4.227967e+00   2.483236e+01   7.670600e-01
  4.232656e+00   2.461650e+01   7.667345e-01
  4.237344e+00   2.457915e+01   7.692190e-01
  4.242032e+00   2.540341e+01   7.850844e-01
  4.246720e+00   2.548012e+01   7.893423e-01
  4.251409e+00   2.575374e+01   7.968963e-01
  4.256097e+00   2.472355e+01   7.838554e-01
  4.260785e+00   2.416495e+01   7.780772e-01
  4.265473e+00   2.429319e+01   7.840909e-01
  4.270162e+00   2.456017e+01   7.923521e-01
  4.274850e+00   2.443829e+01   7.960474e-01
  4.279538e+00   2.543160e+01   8.157124e-01
  4.284226e+00   2.469356e+01   8.036768e-01
  4.288914e+00   2.469271e+01   8.061933e-01
  4.293603e+00   2.525286e+01   8.187632e-01
  4.298291e+00   2.382396e+01   7.987600e-01
  4.302979e+00   2.448763e+01   8.130978e-01
  4.307667e+00   2.476141e+01   8.211862e-01
  4.312356e+00   2.513829e+01   8.310831e-01
  4.317044e+00   2.491460e+01   8.308277e-01
  4.321732e+00   2.481623e+01   8.328582e-01
  4.326420e+00   2.589609e+01   8.546047e-01
  4.331109e+00   2.461029e+01   8.366845e-01
  4.335797e+00   2.479813e+01   8.436504e-01
  4.340485e+00   2.559644e+01   8.617991e-01
  4.345173e+00   2.500647e+01   8.550637e-01
  4.349861e+00   2.519325e+01   8.619014e-01
  4.354550e+00   2.493358e+01   8.614272e-01
  4.359238e+00   2.509310e+01   8.681172e-01
  4.363926e+00   2.506859e+01   8.716955e-01
  4.368614e+00   2.457808e+01   8.671426e-01
  4.373303e+00   2.447343e+01   8.694403e-01
  4.377991e+00   2.450700e+01   8.741039e-01
  4.382679e+00   2.443599e+01   8.769741e-01
  4.387367e+00   2.503637e+01   8.920557e-01
  4.392056e+00   2.514218e+01   8.982034e-01
  4.396744e+00   2.493783e+01   8.988655e-01
  4.401432e+00   2.519680e+01   9.089220e-01
  4.406120e+00   2.486667e+01   9.054964e-01
  4.410808e+00   2.491224e+01   9.069559e-01
  4.415497e+00   2.601335e+01   9.274004e-01
  4.420185e+00   2.420984e+01   8.952280e-01
  4.424873e+00   2.436972e+01   8.988623e-01
  4.429561e+00   2.521371e+01   9.149195e-01
  4.434250e+00   2.564332e+01   9.233211e-01
  4.438938e+00   2.593811e+01   9.293146e-01
  4.443626e+00   2.444470e+01   9.026737e-01
  4.448314e+00   2.438079e+01   9.036491e-01
  4.453002e+00   2.581677e+01   9.343526e-01
  4.457691e+00   2.512825e+01   9.264991e-01
  4.462379e+00   2.482723e+01   9.255821e-01
  4.467067e+00   2.557800e+01   9.442607e-01
  4.471755e+00   2.627809e+01   9.620125e-01
  4.476444e+00   2.572076e+01   9.567536e-01
  4.481132e+00   2.551554e+01   9.579255e-01
  4.485820e+00   2.503028e+01   9.538623e-01
  4.490508e+00   2.520587e+01   9.622895e-01
  4.495197e+00   2.624459e+01   9.871906e-01
  4.499885e+00   2.580533e+01   9.841928e-01
  4.504573e+00   2.582481e+01   9.899419e-01
  4.509261e+00   2.489261e+01   9.773099e-01
  4.513949e+00   2.578000e+01   1.000185e+00
  4.518638e+00   2.498291e+01   9.901648e-01
  4.523326e+00   2.500033e+01   9.961776e-01
  4.528014e+00   2.670261e+01   1.035437e+00
  4.532702e+00   2.497419e+01   1.007161e+00
  4.537391e+00   2.499508e+01   1.013469e+00
  4.542079e+00   2.440116e+01   1.007354e+00
  4.546767e+00   2.540452e+01   1.034033e+00
  4.551455e+00   2.571588e+01   1.046617e+00
  4.556144e+00   2.553335e+01   1.049255e+00
  4.560832e+00   2.556495e+01   1.056365e+00
  4.565520e+00   2.435323e+01   1.037439e+00
  4.570208e+00   2.345225e+01   1.024596e+00
  4.574896e+00   2.482968e+01   1.061056e+00
  4.579585e+00   2.606809e+01   1.094184e+00
  4.584273e+00   2.522638e+01   1.083374e+00
  4.588961e+00   2.584674e+01   1.103832e+00
  4.593649e+00   2.519664e+01   1.097120e+00
  4.598338e+00   2.667280e+01   1.136591e+00
  4.603026e+00   2.453985e+01   1.097643e+00
  4.607714e+00   2.437798e+01   1.101568e+00
  4.612402e+00   2.434264e+01   1.108461e+00
  4.617091e+00   2.410173e+01   1.110762e+00
  4.621779e+00   2.624075e+01   1.167474e+00
  4.626467e+00   2.543318e+01   1.157790e+00
  4.631155e+00   2.449330e+01   1.144555e+00
  4.635843e+00   2.527625e+01   1.171369e+00
  4.640532e+00   2.419184e+01   1.154623e+00
  4.645220e+00   2.403659e+01   1.159909e+00
  4.649908e+00   2.384405e+01   1.164325e+00
  4.654596e+00   2.341243e+01   1.162824e+00
  4.659285e+00   2.391882e+01   1.184731e+00
  4.663973e+00   2.491339e+01   1.218917e+00
  4.668661e+00   2.621876e+01   1.261036e+00
  4.673349e+00   2.519833e+01   1.246626e+00
  4.678037e+00   2.569028e+01   1.269428e+00
  4.682726e+00   2.575006e+01   1.281856e+00
  4.687414e+00   2.502144e+01   1.274790e+00
  4.692102e+00   2.472077e+01   1.278655e+00
  4.696790e+00   2.657076e+01   1.337646e+00
  4.701479e+00   2.547922e+01   1.321951e+00
  4.706167e+00   2.374088e+01   1.288018e+00
  4.710855e+00   2.366817e+01   1.298695e+00
  4.715543e+00   2.412773e+01   1.324039e+00
  4.720232e+00   2.426266e+01   1.340867e+00
  4.724920e+00   2.440998e+01   1.358477e+00
  4.729608e+00   2.625175e+01   1.423596e+00
  4.734296e+00   2.472379e+01   1.396228e+00
  4.738984e+00   2.514039e+01   1.422979e+00
  4.743673e+00   2.517587e+01   1.439509e+00
  4.748361e+00   2.429781e+01   1.430220e+00
  4.753049e+00   2.512312e+01   1.471178e+00
  4.757737e+00   2.481372e+01   1.479088e+00
  4.762426e+00   2.594137e+01   1.530296e+00
  4.767114e+00   2.640637e+01   1.563125e+00
  4.771802e+00   2.598988e+01   1.570594e+00
  4.776490e+00   2.542468e+01   1.573251e+00
  4.781179e+00   2.362100e+01   1.536242e+00
  4.785867e+00   2.481522e+01   1.596188e+00
  4.790555e+00   2.409316e+01   1.594869e+00
  4.795243e+00   2.778474e+01   1.736921e+00
  4.799931e+00   2.704124e+01   1.738437e+00
  4.804620e+00   2.525601e+01   1.705962e+00
  4.809308e+00   2.456137e+01   1.708575e+00
  4.813996e+00   2.310793e+01   1.683567e+00
  4.818684e+00   2.523246e+01   1.788059e+00
  4.823373e+00   2.540404e+01   1.825786e+00
  4.828061e+00   2.511307e+01   1.847526e+00
  4.832749e+00   2.539739e+01   1.891681e+00
  4.837437e+00   2.487856e+01   1.907923e+00
  4.842125e+00   2.354747e+01   1.893532e+00
  4.846814e+00   2.464291e+01   1.976387e+00
  4.851502e+00   2.468544e+01   2.019861e+00
  4.856190e+00   2.457692e+01   2.061296e+00
  4.860878e+00   2.739032e+01   2.226901e+00
  4.865567e+00   2.703615e+01   2.265846e+00
  4.870255e+00   2.550864e+01   2.257771e+00
  4.874943e+00   2.241621e+01   2.175634e+00
  4.879631e+00   2.605659e+01   2.411808e+00
  4.884320e+00   2.657995e+01   2.508660e+00
  4.889008e+00   2.611367e+01   2.568367e+00
  4.893696e+00   2.796210e+01   2.748982e+00
  4.898384e+00   2.717632e+01   2.808591e+00
  4.903072e+00   2.668761e+01   2.894137e+00
  4.907761e+00   2.340165e+01   2.863948e+00
  4.912449e+00   2.534108e+01   4.117902e+00
  4.917137e+00   3.202710e+01   1.272657e+01
