# [1] GI
# Sample c= 1.06 mg/ml
#
# Sample environment:
# Detector = Pilatus
# PixelSize_1 = 0.000172
# PixelSize_2 = 0.000172
#
# title = [1] GI
# Frame 95 of 120
# Time per frame (s) = 1.0
# SampleDistance = 2.869
# WaveLength = 9.919e-11
# Normalization = 0.001062898
# DiodeCurr = 8.639571e-05
# MachCurr = 68.66365
# Mask = /data/bm29/archive/CALIBRATION/MASK/BM29/Pcon_19thNovember2015_7keV_v3.edf
#
# N 3
# L q*nm  I_[1] GI  stddev
#
# Sample Information:
# Storage Temperature (degrees C): 20.0
# Measurement Temperature (degrees C): 20.08
# Concentration: 1.06
# Code: GI
  3.200246e-02   1.810896e+02   2.032033e+01
  3.669069e-02   5.300145e+02   1.578321e+01
  4.137892e-02   8.342827e+02   1.475107e+01
  4.606715e-02   8.039177e+02   1.198962e+01
  5.075538e-02   6.177562e+02   9.547034e+00
  5.544361e-02   4.884796e+02   7.843160e+00
  6.013183e-02   3.977924e+02   6.766873e+00
  6.482006e-02   3.457365e+02   6.052711e+00
  6.950829e-02   3.083044e+02   5.484287e+00
  7.419652e-02   2.849611e+02   5.061253e+00
  7.888475e-02   2.632775e+02   4.702905e+00
  8.357298e-02   2.512825e+02   4.457680e+00
  8.826121e-02   2.384461e+02   4.219352e+00
  9.294944e-02   2.232123e+02   3.962708e+00
  9.763767e-02   2.187497e+02   3.814706e+00
  1.023259e-01   2.146478e+02   3.688854e+00
  1.070141e-01   2.078840e+02   3.547323e+00
  1.117024e-01   2.038435e+02   3.433071e+00
  1.163906e-01   1.998182e+02   3.316706e+00
  1.210788e-01   1.951791e+02   3.213540e+00
  1.257670e-01   1.916463e+02   3.123153e+00
  1.304553e-01   1.914205e+02   3.066337e+00
  1.351435e-01   1.876651e+02   2.974942e+00
  1.398317e-01   1.829193e+02   2.886373e+00
  1.445200e-01   1.832392e+02   2.841151e+00
  1.492082e-01   1.836369e+02   2.798847e+00
  1.538964e-01   1.820510e+02   2.737677e+00
  1.585846e-01   1.786930e+02   2.669280e+00
  1.632729e-01   1.744525e+02   2.599113e+00
  1.679611e-01   1.745065e+02   2.562928e+00
  1.726493e-01   1.720961e+02   2.507451e+00
  1.773376e-01   1.697932e+02   2.453394e+00
  1.820258e-01   1.691269e+02   2.417130e+00
  1.867140e-01   1.701557e+02   2.393960e+00
  1.914022e-01   1.722307e+02   2.378104e+00
  1.960905e-01   1.675205e+02   2.312719e+00
  2.007787e-01   1.660418e+02   2.277930e+00
  2.054669e-01   1.586876e+02   2.201504e+00
  2.101552e-01   1.606277e+02   2.190108e+00
  2.148434e-01   1.625154e+02   2.174729e+00
  2.195316e-01   1.600789e+02   2.134795e+00
  2.242199e-01   1.552692e+02   2.080678e+00
  2.289081e-01   1.550471e+02   2.057872e+00
  2.335963e-01   1.558983e+02   2.040373e+00
  2.382845e-01   1.542639e+02   2.008281e+00
  2.429728e-01   1.515763e+02   1.971701e+00
  2.476610e-01   1.489688e+02   1.936252e+00
  2.523492e-01   1.498380e+02   1.922767e+00
  2.570375e-01   1.479140e+02   1.890799e+00
  2.617257e-01   1.480185e+02   1.874767e+00
  2.664139e-01   1.463425e+02   1.847870e+00
  2.711021e-01   1.464212e+02   1.832387e+00
  2.757904e-01   1.424191e+02   1.789834e+00
  2.804786e-01   1.398336e+02   1.759491e+00
  2.851668e-01   1.379702e+02   1.733562e+00
  2.898551e-01   1.367218e+02   1.710796e+00
  2.945433e-01   1.362736e+02   1.694228e+00
  2.992315e-01   1.346875e+02   1.708540e+00
  3.039197e-01   1.333448e+02   1.713433e+00
  3.086080e-01   1.326929e+02   1.714192e+00
  3.132962e-01   1.320625e+02   1.711008e+00
  3.179844e-01   1.318781e+02   1.709478e+00
  3.226727e-01   1.298000e+02   1.695907e+00
  3.273609e-01   1.277601e+02   1.680653e+00
  3.320491e-01   1.266453e+02   1.670299e+00
  3.367374e-01   1.251454e+02   1.656007e+00
  3.414256e-01   1.233276e+02   1.640595e+00
  3.461138e-01   1.215329e+02   1.625286e+00
  3.508020e-01   1.204531e+02   1.614159e+00
  3.554903e-01   1.202589e+02   1.606838e+00
  3.601785e-01   1.165385e+02   1.578768e+00
  3.648667e-01   1.170825e+02   1.593850e+00
  3.695550e-01   1.143423e+02   1.610762e+00
  3.742432e-01   1.139593e+02   1.626238e+00
  3.789314e-01   1.125097e+02   1.631121e+00
  3.836196e-01   1.097385e+02   1.621222e+00
  3.883079e-01   1.084332e+02   1.620306e+00
  3.929961e-01   1.074074e+02   1.627353e+00
  3.976843e-01   1.060223e+02   1.638799e+00
  4.023726e-01   1.069263e+02   1.662093e+00
  4.070608e-01   1.066670e+02   1.666841e+00
  4.117490e-01   1.052471e+02   1.658965e+00
  4.164372e-01   1.019923e+02   1.635855e+00
  4.211255e-01   1.001333e+02   1.624119e+00
  4.258137e-01   1.007452e+02   1.630449e+00
  4.305019e-01   1.001022e+02   1.623721e+00
  4.351902e-01   9.943196e+01   1.614940e+00
  4.398784e-01   9.956451e+01   1.614060e+00
  4.445666e-01   9.546257e+01   1.598567e+00
  4.492548e-01   9.107506e+01   1.614716e+00
  4.539431e-01   9.327551e+01   1.665556e+00
  4.586313e-01   9.342676e+01   1.692042e+00
  4.633195e-01   8.999390e+01   1.682875e+00
  4.680078e-01   8.902777e+01   1.693583e+00
  4.726960e-01   8.827826e+01   1.704467e+00
  4.773842e-01   8.652144e+01   1.704203e+00
  4.820725e-01   8.733422e+01   1.728642e+00
  4.867607e-01   8.610342e+01   1.732811e+00
  4.914489e-01   8.338283e+01   1.720102e+00
  4.961371e-01   8.018639e+01   1.700710e+00
  5.008254e-01   8.290520e+01   1.743515e+00
  5.055136e-01   8.194035e+01   1.747858e+00
  5.102018e-01   8.272420e+01   1.715922e+00
  5.148901e-01   7.900114e+01   1.618276e+00
  5.195783e-01   7.741623e+01   1.575036e+00
  5.242665e-01   7.837119e+01   1.566141e+00
  5.289547e-01   7.741444e+01   1.541756e+00
  5.336430e-01   7.405502e+01   1.494858e+00
  5.383312e-01   7.263881e+01   1.469729e+00
  5.430194e-01   7.169112e+01   1.451318e+00
  5.477077e-01   7.284547e+01   1.454834e+00
  5.523959e-01   7.254027e+01   1.443699e+00
  5.570841e-01   7.144362e+01   1.424920e+00
  5.617723e-01   6.996701e+01   1.404143e+00
  5.664606e-01   6.882836e+01   1.386557e+00
  5.711488e-01   6.859641e+01   1.378756e+00
  5.758370e-01   6.776647e+01   1.362740e+00
  5.805253e-01   6.700211e+01   1.346674e+00
  5.852135e-01   6.275547e+01   1.294953e+00
  5.899017e-01   6.329969e+01   1.291550e+00
  5.945900e-01   6.268763e+01   1.274976e+00
  5.992782e-01   6.399282e+01   1.279891e+00
  6.039664e-01   6.211904e+01   1.253608e+00
  6.086546e-01   6.117232e+01   1.236606e+00
  6.133429e-01   6.101949e+01   1.227090e+00
  6.180311e-01   6.008147e+01   1.210435e+00
  6.227193e-01   5.898804e+01   1.192764e+00
  6.274076e-01   5.760625e+01   1.173791e+00
  6.320958e-01   5.837224e+01   1.178279e+00
  6.367840e-01   5.698672e+01   1.160867e+00
  6.414722e-01   5.567774e+01   1.145150e+00
  6.461605e-01   5.377806e+01   1.122837e+00
  6.508487e-01   5.415199e+01   1.124322e+00
  6.555369e-01   5.290642e+01   1.107993e+00
  6.602252e-01   5.407013e+01   1.117740e+00
  6.649134e-01   5.206816e+01   1.094568e+00
  6.696016e-01   5.278566e+01   1.099796e+00
  6.742898e-01   5.348169e+01   1.103925e+00
  6.789781e-01   5.145785e+01   1.080481e+00
  6.836663e-01   5.110409e+01   1.074491e+00
  6.883545e-01   4.914120e+01   1.051699e+00
  6.930428e-01   4.831263e+01   1.039956e+00
  6.977310e-01   4.817221e+01   1.036086e+00
  7.024192e-01   4.778513e+01   1.029840e+00
  7.071074e-01   4.652386e+01   1.014213e+00
  7.117957e-01   4.654413e+01   1.012129e+00
  7.164839e-01   4.692716e+01   1.013653e+00
  7.211721e-01   4.565734e+01   9.979528e-01
  7.258604e-01   4.574184e+01   9.968382e-01
  7.305486e-01   4.522644e+01   9.895273e-01
  7.352368e-01   4.609208e+01   9.958750e-01
  7.399251e-01   4.521440e+01   9.847520e-01
  7.446133e-01   4.367027e+01   9.660587e-01
  7.493015e-01   4.223982e+01   9.490039e-01
  7.539897e-01   4.364806e+01   9.618958e-01
  7.586780e-01   4.319713e+01   9.544462e-01
  7.633662e-01   4.226946e+01   9.422857e-01
  7.680544e-01   4.114993e+01   9.281040e-01
  7.727427e-01   4.132590e+01   9.279760e-01
  7.774309e-01   4.151188e+01   9.279004e-01
  7.821191e-01   4.100601e+01   9.206207e-01
  7.868073e-01   3.997690e+01   9.073694e-01
  7.914956e-01   3.956340e+01   9.007329e-01
  7.961838e-01   3.967369e+01   8.999389e-01
  8.008720e-01   3.819442e+01   8.813815e-01
  8.055603e-01   3.847921e+01   8.830029e-01
  8.102485e-01   3.779614e+01   8.736691e-01
  8.149367e-01   3.815836e+01   8.756027e-01
  8.196249e-01   3.913354e+01   8.850365e-01
  8.243132e-01   3.817509e+01   8.727387e-01
  8.290014e-01   3.700904e+01   8.577128e-01
  8.336896e-01   3.740308e+01   8.602732e-01
  8.383779e-01   3.665769e+01   8.500343e-01
  8.430661e-01   3.589227e+01   8.396837e-01
  8.477543e-01   3.630839e+01   8.429903e-01
  8.524425e-01   3.613775e+01   8.393643e-01
  8.571308e-01   3.572723e+01   8.332371e-01
  8.618190e-01   3.603489e+01   8.351114e-01
  8.665072e-01   3.607617e+01   8.339397e-01
  8.711955e-01   3.511302e+01   8.212615e-01
  8.758837e-01   3.569851e+01   8.262029e-01
  8.805719e-01   3.432293e+01   8.087084e-01
  8.852602e-01   3.522025e+01   8.179017e-01
  8.899484e-01   3.438652e+01   8.068446e-01
  8.946366e-01   3.365089e+01   7.961369e-01
  8.993248e-01   3.276599e+01   7.844612e-01
  9.040131e-01   3.302439e+01   7.861096e-01
  9.087013e-01   3.252489e+01   7.789248e-01
  9.133895e-01   3.246773e+01   7.765174e-01
  9.180778e-01   3.260501e+01   7.768538e-01
  9.227660e-01   3.363164e+01   7.875132e-01
  9.274542e-01   3.321067e+01   7.814088e-01
  9.321424e-01   3.299268e+01   7.773740e-01
  9.368307e-01   3.184229e+01   7.620720e-01
  9.415189e-01   3.187532e+01   7.612863e-01
  9.462071e-01   3.204294e+01   7.621357e-01
  9.508954e-01   3.182141e+01   7.580745e-01
  9.555836e-01   3.230738e+01   7.622700e-01
  9.602718e-01   3.234590e+01   7.615030e-01
  9.649600e-01   3.199126e+01   7.561024e-01
  9.696483e-01   3.132938e+01   7.471156e-01
  9.743365e-01   3.045059e+01   7.348486e-01
  9.790247e-01   3.146876e+01   7.459582e-01
  9.837130e-01   3.228374e+01   7.542813e-01
  9.884012e-01   3.119184e+01   7.402863e-01
  9.930894e-01   3.064442e+01   7.323140e-01
  9.977777e-01   2.979823e+01   7.208536e-01
  1.002466e+00   2.935926e+01   7.144489e-01
  1.007154e+00   2.942194e+01   7.140455e-01
  1.011842e+00   2.991138e+01   7.187756e-01
  1.016531e+00   3.012654e+01   7.199109e-01
  1.021219e+00   2.987622e+01   7.157813e-01
  1.025907e+00   3.063194e+01   7.237715e-01
  1.030595e+00   3.046708e+01   7.206776e-01
  1.035283e+00   3.020599e+01   7.159835e-01
  1.039972e+00   3.038620e+01   7.171426e-01
  1.044660e+00   2.985261e+01   7.098140e-01
  1.049348e+00   3.098096e+01   7.218537e-01
  1.054036e+00   2.932753e+01   7.009914e-01
  1.058725e+00   2.966842e+01   7.040007e-01
  1.063413e+00   3.032443e+01   7.106151e-01
  1.068101e+00   2.990321e+01   7.046599e-01
  1.072789e+00   2.874325e+01   6.895615e-01
  1.077478e+00   2.911987e+01   6.929311e-01
  1.082166e+00   2.939860e+01   6.951568e-01
  1.086854e+00   2.813703e+01   6.791033e-01
  1.091542e+00   2.930240e+01   6.919783e-01
  1.096230e+00   2.911767e+01   6.883880e-01
  1.100919e+00   2.955512e+01   6.925737e-01
  1.105607e+00   2.978313e+01   6.943123e-01
  1.110295e+00   2.889406e+01   6.827999e-01
  1.114983e+00   2.958643e+01   6.897904e-01
  1.119672e+00   2.878767e+01   6.794490e-01
  1.124360e+00   2.877679e+01   6.781828e-01
  1.129048e+00   2.926007e+01   6.828264e-01
  1.133736e+00   2.838904e+01   6.713459e-01
  1.138425e+00   2.881743e+01   6.753768e-01
  1.143113e+00   2.861134e+01   6.719609e-01
  1.147801e+00   2.831703e+01   6.676574e-01
  1.152489e+00   2.903885e+01   6.748853e-01
  1.157177e+00   2.863694e+01   6.690576e-01
  1.161866e+00   2.858509e+01   6.676373e-01
  1.166554e+00   2.910099e+01   6.726538e-01
  1.171242e+00   2.873830e+01   6.673304e-01
  1.175930e+00   2.888923e+01   6.680247e-01
  1.180619e+00   2.879525e+01   6.659811e-01
  1.185307e+00   2.897758e+01   6.671179e-01
  1.189995e+00   2.843429e+01   6.599974e-01
  1.194683e+00   2.889895e+01   6.640741e-01
  1.199372e+00   2.866855e+01   6.605139e-01
  1.204060e+00   2.830850e+01   6.556381e-01
  1.208748e+00   2.867801e+01   6.593636e-01
  1.213436e+00   2.889524e+01   6.603312e-01
  1.218124e+00   2.760874e+01   6.443760e-01
  1.222813e+00   2.774733e+01   6.450784e-01
  1.227501e+00   2.789786e+01   6.460601e-01
  1.232189e+00   2.843919e+01   6.512036e-01
  1.236877e+00   2.877587e+01   6.539459e-01
  1.241566e+00   2.886396e+01   6.541649e-01
  1.246254e+00   2.818911e+01   6.456416e-01
  1.250942e+00   2.856138e+01   6.641369e-01
  1.255630e+00   2.875124e+01   6.843755e-01
  1.260318e+00   2.811517e+01   6.880657e-01
  1.265007e+00   2.772002e+01   6.922596e-01
  1.269695e+00   2.762459e+01   6.989666e-01
  1.274383e+00   2.878454e+01   7.207276e-01
  1.279071e+00   2.759074e+01   7.124295e-01
  1.283760e+00   2.774920e+01   7.207733e-01
  1.288448e+00   2.769541e+01   7.260842e-01
  1.293136e+00   2.775355e+01   7.325909e-01
  1.297824e+00   2.746535e+01   7.342458e-01
  1.302513e+00   2.779827e+01   7.430796e-01
  1.307201e+00   2.758675e+01   7.423782e-01
  1.311889e+00   2.754832e+01   7.425380e-01
  1.316577e+00   2.754066e+01   7.139013e-01
  1.321265e+00   2.883683e+01   7.123896e-01
  1.325954e+00   2.923580e+01   7.057446e-01
  1.330642e+00   2.762888e+01   6.773466e-01
  1.335330e+00   2.692712e+01   6.613865e-01
  1.340018e+00   2.751464e+01   6.623507e-01
  1.344707e+00   2.809585e+01   6.637036e-01
  1.349395e+00   2.760383e+01   6.529870e-01
  1.354083e+00   2.786680e+01   6.511155e-01
  1.358771e+00   2.804763e+01   6.488895e-01
  1.363460e+00   2.825428e+01   6.477163e-01
  1.368148e+00   2.795122e+01   6.424165e-01
  1.372836e+00   2.836510e+01   6.454008e-01
  1.377524e+00   2.732355e+01   6.319956e-01
  1.382212e+00   2.765875e+01   6.346052e-01
  1.386901e+00   2.770373e+01   6.337939e-01
  1.391589e+00   2.783799e+01   6.339200e-01
  1.396277e+00   2.730830e+01   6.265381e-01
  1.400965e+00   2.667686e+01   6.181113e-01
  1.405654e+00   2.679842e+01   6.183904e-01
  1.410342e+00   2.724750e+01   6.223956e-01
  1.415030e+00   2.841559e+01   6.342009e-01
  1.419718e+00   2.773421e+01   6.254991e-01
  1.424406e+00   2.864849e+01   6.347443e-01
  1.429095e+00   2.821578e+01   6.288257e-01
  1.433783e+00   2.735415e+01   6.178395e-01
  1.438471e+00   2.689805e+01   6.117197e-01
  1.443159e+00   2.724140e+01   6.146697e-01
  1.447848e+00   2.699422e+01   6.108729e-01
  1.452536e+00   2.730560e+01   6.132301e-01
  1.457224e+00   2.696879e+01   6.084601e-01
  1.461912e+00   2.780711e+01   6.169399e-01
  1.466601e+00   2.783692e+01   6.163319e-01
  1.471289e+00   2.817809e+01   6.190427e-01
  1.475977e+00   2.794716e+01   6.157862e-01
  1.480665e+00   2.723324e+01   6.066975e-01
  1.485353e+00   2.814972e+01   6.256065e-01
  1.490042e+00   2.739034e+01   6.360490e-01
  1.494730e+00   2.686411e+01   6.410262e-01
  1.499418e+00   2.636106e+01   6.431633e-01
  1.504106e+00   2.778337e+01   6.679211e-01
  1.508795e+00   2.667870e+01   6.614550e-01
  1.513483e+00   2.811304e+01   6.617969e-01
  1.518171e+00   2.764217e+01   6.415698e-01
  1.522859e+00   2.727225e+01   6.285114e-01
  1.527548e+00   2.720356e+01   6.210091e-01
  1.532236e+00   2.756081e+01   6.190864e-01
  1.536924e+00   2.708418e+01   6.088303e-01
  1.541612e+00   2.713325e+01   6.061646e-01
  1.546300e+00   2.670811e+01   5.999447e-01
  1.550989e+00   2.707023e+01   6.018466e-01
  1.555677e+00   2.758985e+01   6.044953e-01
  1.560365e+00   2.680395e+01   5.930390e-01
  1.565053e+00   2.653745e+01   5.873657e-01
  1.569742e+00   2.751031e+01   5.956144e-01
  1.574430e+00   2.695115e+01   5.882905e-01
  1.579118e+00   2.787943e+01   5.987830e-01
  1.583806e+00   2.773035e+01   5.978625e-01
  1.588495e+00   2.677398e+01   5.881517e-01
  1.593183e+00   2.680192e+01   5.887367e-01
  1.597871e+00   2.678337e+01   5.881696e-01
  1.602559e+00   2.638427e+01   5.829160e-01
  1.607247e+00   2.694645e+01   5.881611e-01
  1.611936e+00   2.733076e+01   5.912074e-01
  1.616624e+00   2.776996e+01   5.951006e-01
  1.621312e+00   2.617639e+01   5.769393e-01
  1.626000e+00   2.675931e+01   5.824448e-01
  1.630689e+00   2.704244e+01   5.845780e-01
  1.635377e+00   2.665324e+01   5.794969e-01
  1.640065e+00   2.614882e+01   5.731502e-01
  1.644753e+00   2.718602e+01   5.836098e-01
  1.649441e+00   2.775929e+01   5.888947e-01
  1.654130e+00   2.734558e+01   5.835559e-01
  1.658818e+00   2.674361e+01   5.762860e-01
  1.663506e+00   2.719432e+01   5.803615e-01
  1.668194e+00   2.760475e+01   5.839907e-01
  1.672883e+00   2.631421e+01   5.691903e-01
  1.677571e+00   2.641611e+01   5.695470e-01
  1.682259e+00   2.649199e+01   5.696809e-01
  1.686947e+00   2.639588e+01   5.679255e-01
  1.691636e+00   2.635293e+01   5.665363e-01
  1.696324e+00   2.684124e+01   5.709956e-01
  1.701012e+00   2.620742e+01   5.635282e-01
  1.705700e+00   2.580604e+01   5.585360e-01
  1.710388e+00   2.676815e+01   5.680091e-01
  1.715077e+00   2.692969e+01   5.689228e-01
  1.719765e+00   2.702363e+01   5.692087e-01
  1.724453e+00   2.647300e+01   5.627392e-01
  1.729141e+00   2.670737e+01   5.644771e-01
  1.733830e+00   2.662471e+01   5.627370e-01
  1.738518e+00   2.618224e+01   5.574104e-01
  1.743206e+00   2.629138e+01   5.579002e-01
  1.747894e+00   2.698687e+01   5.646332e-01
  1.752583e+00   2.649412e+01   5.588512e-01
  1.757271e+00   2.652589e+01   5.583262e-01
  1.761959e+00   2.675999e+01   5.600368e-01
  1.766647e+00   2.628348e+01   5.543360e-01
  1.771335e+00   2.657981e+01   5.566934e-01
  1.776024e+00   2.630213e+01   5.530798e-01
  1.780712e+00   2.620929e+01   5.514461e-01
  1.785400e+00   2.607178e+01   5.493929e-01
  1.790088e+00   2.642259e+01   5.523974e-01
  1.794777e+00   2.657546e+01   5.532176e-01
  1.799465e+00   2.656352e+01   5.524133e-01
  1.804153e+00   2.607561e+01   5.468026e-01
  1.808841e+00   2.582668e+01   5.435339e-01
  1.813530e+00   2.654949e+01   5.502434e-01
  1.818218e+00   2.642464e+01   5.483580e-01
  1.822906e+00   2.692923e+01   5.530252e-01
  1.827594e+00   2.696588e+01   5.527781e-01
  1.832282e+00   2.660793e+01   5.481951e-01
  1.836971e+00   2.567953e+01   5.380443e-01
  1.841659e+00   2.629502e+01   5.439020e-01
  1.846347e+00   2.664096e+01   5.468274e-01
  1.851035e+00   2.635634e+01   5.431057e-01
  1.855724e+00   2.654746e+01   5.445167e-01
  1.860412e+00   2.692143e+01   5.477735e-01
  1.865100e+00   2.591356e+01   5.368015e-01
  1.869788e+00   2.607714e+01   5.377684e-01
  1.874476e+00   2.605699e+01   5.369588e-01
  1.879165e+00   2.620650e+01   5.379613e-01
  1.883853e+00   2.589667e+01   5.341537e-01
  1.888541e+00   2.620698e+01   5.367057e-01
  1.893229e+00   2.611436e+01   5.353824e-01
  1.897918e+00   2.562983e+01   5.297722e-01
  1.902606e+00   2.622092e+01   5.350518e-01
  1.907294e+00   2.633691e+01   5.357022e-01
  1.911982e+00   2.616043e+01   5.331391e-01
  1.916671e+00   2.652115e+01   5.362676e-01
  1.921359e+00   2.638263e+01   5.343176e-01
  1.926047e+00   2.609401e+01   5.308505e-01
  1.930735e+00   2.646927e+01   5.339103e-01
  1.935423e+00   2.688505e+01   5.375378e-01
  1.940112e+00   2.602971e+01   5.282729e-01
  1.944800e+00   2.601404e+01   5.269321e-01
  1.949488e+00   2.606114e+01   5.260561e-01
  1.954176e+00   2.682216e+01   5.325021e-01
  1.958865e+00   2.675175e+01   5.306271e-01
  1.963553e+00   2.585085e+01   5.207002e-01
  1.968241e+00   2.573608e+01   5.190185e-01
  1.972929e+00   2.564809e+01   5.174810e-01
  1.977618e+00   2.572061e+01   5.177958e-01
  1.982306e+00   2.527216e+01   5.129771e-01
  1.986994e+00   2.514993e+01   5.116593e-01
  1.991682e+00   2.564109e+01   5.166715e-01
  1.996370e+00   2.651691e+01   5.255640e-01
  2.001059e+00   2.582376e+01   5.188083e-01
  2.005747e+00   2.666851e+01   5.270577e-01
  2.010435e+00   2.631020e+01   5.226588e-01
  2.015123e+00   2.576754e+01   5.166915e-01
  2.019812e+00   2.590437e+01   5.175538e-01
  2.024500e+00   2.608256e+01   5.188752e-01
  2.029188e+00   2.647019e+01   5.220745e-01
  2.033876e+00   2.603617e+01   5.172009e-01
  2.038565e+00   2.608245e+01   5.171165e-01
  2.043253e+00   2.668832e+01   5.226966e-01
  2.047941e+00   2.603306e+01   5.156458e-01
  2.052629e+00   2.617414e+01   5.182937e-01
  2.057317e+00   2.615533e+01   5.332478e-01
  2.062006e+00   2.669567e+01   5.485101e-01
  2.066694e+00   2.673626e+01   5.562248e-01
  2.071382e+00   2.604828e+01   5.549161e-01
  2.076070e+00   2.606234e+01   5.604795e-01
  2.080759e+00   2.630125e+01   5.680514e-01
  2.085447e+00   2.612733e+01   5.705229e-01
  2.090135e+00   2.669904e+01   5.789047e-01
  2.094823e+00   2.655407e+01   5.789818e-01
  2.099511e+00   2.613802e+01   5.760473e-01
  2.104200e+00   2.577702e+01   5.735396e-01
  2.108888e+00   2.618470e+01   5.793436e-01
  2.113576e+00   2.619098e+01   5.806915e-01
  2.118264e+00   2.564781e+01   5.690367e-01
  2.122953e+00   2.638079e+01   5.588367e-01
  2.127641e+00   2.696882e+01   5.556778e-01
  2.132329e+00   2.653236e+01   5.444683e-01
  2.137017e+00   2.641256e+01   5.381113e-01
  2.141706e+00   2.606862e+01   5.301697e-01
  2.146394e+00   2.580825e+01   5.236565e-01
  2.151082e+00   2.552003e+01   5.178578e-01
  2.155770e+00   2.601257e+01   5.216920e-01
  2.160458e+00   2.579246e+01   5.182763e-01
  2.165147e+00   2.593653e+01   5.186365e-01
  2.169835e+00   2.608908e+01   5.189455e-01
  2.174523e+00   2.588565e+01   5.160168e-01
  2.179211e+00   2.634979e+01   5.196968e-01
  2.183900e+00   2.577646e+01   5.131065e-01
  2.188588e+00   2.591623e+01   5.135539e-01
  2.193276e+00   2.472614e+01   5.007865e-01
  2.197964e+00   2.523332e+01   5.051572e-01
  2.202653e+00   2.572134e+01   5.092118e-01
  2.207341e+00   2.606657e+01   5.118119e-01
  2.212029e+00   2.535389e+01   5.039859e-01
  2.216717e+00   2.579903e+01   5.077250e-01
  2.221405e+00   2.611131e+01   5.100352e-01
  2.226094e+00   2.581948e+01   5.064812e-01
  2.230782e+00   2.617211e+01   5.091990e-01
  2.235470e+00   2.637781e+01   5.105180e-01
  2.240158e+00   2.612367e+01   5.073932e-01
  2.244847e+00   2.544570e+01   5.001763e-01
  2.249535e+00   2.621194e+01   5.068912e-01
  2.254223e+00   2.692632e+01   5.130873e-01
  2.258911e+00   2.588485e+01   5.025078e-01
  2.263600e+00   2.653386e+01   5.081775e-01
  2.268288e+00   2.623514e+01   5.046093e-01
  2.272976e+00   2.534940e+01   4.953707e-01
  2.277664e+00   2.507120e+01   4.921249e-01
  2.282352e+00   2.549427e+01   4.957165e-01
  2.287041e+00   2.588617e+01   4.988945e-01
  2.291729e+00   2.564144e+01   4.958377e-01
  2.296417e+00   2.511658e+01   4.902783e-01
  2.301105e+00   2.558891e+01   4.943172e-01
  2.305794e+00   2.605587e+01   4.982403e-01
  2.310482e+00   2.558638e+01   4.930501e-01
  2.315170e+00   2.539887e+01   4.907866e-01
  2.319858e+00   2.579912e+01   4.941243e-01
  2.324546e+00   2.555562e+01   4.912354e-01
  2.329235e+00   2.566037e+01   4.915829e-01
  2.333923e+00   2.580649e+01   4.925213e-01
  2.338611e+00   2.564255e+01   4.904544e-01
  2.343299e+00   2.554418e+01   4.890098e-01
  2.347988e+00   2.524643e+01   4.855033e-01
  2.352676e+00   2.578940e+01   4.902458e-01
  2.357364e+00   2.571415e+01   4.890398e-01
  2.362052e+00   2.575433e+01   4.889069e-01
  2.366741e+00   2.563832e+01   4.872510e-01
  2.371429e+00   2.595331e+01   4.897074e-01
  2.376117e+00   2.589567e+01   4.887187e-01
  2.380805e+00   2.585970e+01   4.878635e-01
  2.385493e+00   2.571732e+01   4.860005e-01
  2.390182e+00   2.553006e+01   4.837279e-01
  2.394870e+00   2.586582e+01   4.863727e-01
  2.399558e+00   2.605588e+01   4.877492e-01
  2.404246e+00   2.619973e+01   4.885732e-01
  2.408935e+00   2.606078e+01   4.867406e-01
  2.413623e+00   2.578526e+01   4.836770e-01
  2.418311e+00   2.518958e+01   4.776124e-01
  2.422999e+00   2.567648e+01   4.818100e-01
  2.427688e+00   2.541455e+01   4.787180e-01
  2.432376e+00   2.582079e+01   4.821169e-01
  2.437064e+00   2.531383e+01   4.768651e-01
  2.441752e+00   2.615197e+01   4.843636e-01
  2.446440e+00   2.555735e+01   4.781982e-01
  2.451129e+00   2.589302e+01   4.809000e-01
  2.455817e+00   2.638103e+01   4.850461e-01
  2.460505e+00   2.558831e+01   4.773060e-01
  2.465193e+00   2.538775e+01   4.748161e-01
  2.469882e+00   2.499741e+01   4.706655e-01
  2.474570e+00   2.539949e+01   4.740179e-01
  2.479258e+00   2.538326e+01   4.734826e-01
  2.483946e+00   2.448706e+01   4.645889e-01
  2.488634e+00   2.553991e+01   4.739307e-01
  2.493323e+00   2.541776e+01   4.724085e-01
  2.498011e+00   2.589669e+01   4.764434e-01
  2.502699e+00   2.499685e+01   4.676363e-01
  2.507387e+00   2.584426e+01   4.749831e-01
  2.512076e+00   2.527458e+01   4.692996e-01
  2.516764e+00   2.590124e+01   4.747053e-01
  2.521452e+00   2.552550e+01   4.708113e-01
  2.526140e+00   2.572794e+01   4.721735e-01
  2.530829e+00   2.544330e+01   4.691180e-01
  2.535517e+00   2.514582e+01   4.657411e-01
  2.540205e+00   2.573228e+01   4.702252e-01
  2.544893e+00   2.518765e+01   4.642122e-01
  2.549581e+00   2.570225e+01   4.681008e-01
  2.554270e+00   2.558253e+01   4.665661e-01
  2.558958e+00   2.537673e+01   4.642838e-01
  2.563646e+00   2.523485e+01   4.625771e-01
  2.568334e+00   2.495396e+01   4.595241e-01
  2.573023e+00   2.567790e+01   4.657606e-01
  2.577711e+00   2.603806e+01   4.686222e-01
  2.582399e+00   2.555874e+01   4.639069e-01
  2.587087e+00   2.546318e+01   4.627261e-01
  2.591776e+00   2.613453e+01   4.688520e-01
  2.596464e+00   2.574666e+01   4.655344e-01
  2.601152e+00   2.589088e+01   4.669004e-01
  2.605840e+00   2.559233e+01   4.637784e-01
  2.610528e+00   2.570245e+01   4.643646e-01
  2.615217e+00   2.501902e+01   4.577860e-01
  2.619905e+00   2.562150e+01   4.629423e-01
  2.624593e+00   2.521943e+01   4.587698e-01
  2.629281e+00   2.560273e+01   4.618675e-01
  2.633970e+00   2.550843e+01   4.606205e-01
  2.638658e+00   2.568463e+01   4.618900e-01
  2.643346e+00   2.585309e+01   4.629377e-01
  2.648034e+00   2.589075e+01   4.629183e-01
  2.652723e+00   2.560303e+01   4.599569e-01
  2.657411e+00   2.522860e+01   4.561724e-01
  2.662099e+00   2.556099e+01   4.587583e-01
  2.666787e+00   2.541221e+01   4.569492e-01
  2.671475e+00   2.569129e+01   4.590812e-01
  2.676164e+00   2.613740e+01   4.627593e-01
  2.680852e+00   2.602369e+01   4.614295e-01
  2.685540e+00   2.553985e+01   4.565917e-01
  2.690228e+00   2.542295e+01   4.551194e-01
  2.694917e+00   2.510440e+01   4.520418e-01
  2.699605e+00   2.563246e+01   4.563956e-01
  2.704293e+00   2.608801e+01   4.598713e-01
  2.708981e+00   2.548726e+01   4.541756e-01
  2.713669e+00   2.597559e+01   4.581966e-01
  2.718358e+00   2.630095e+01   4.606695e-01
  2.723046e+00   2.597243e+01   4.573447e-01
  2.727734e+00   2.549192e+01   4.526925e-01
  2.732422e+00   2.524085e+01   4.501549e-01
  2.737111e+00   2.596176e+01   4.561732e-01
  2.741799e+00   2.538929e+01   4.507023e-01
  2.746487e+00   2.473098e+01   4.444112e-01
  2.751175e+00   2.487242e+01   4.453692e-01
  2.755864e+00   2.567522e+01   4.521539e-01
  2.760552e+00   2.530505e+01   4.484901e-01
  2.765240e+00   2.522512e+01   4.473606e-01
  2.769928e+00   2.552269e+01   4.496509e-01
  2.774616e+00   2.563048e+01   4.503059e-01
  2.779305e+00   2.570881e+01   4.505875e-01
  2.783993e+00   2.530292e+01   4.466036e-01
  2.788681e+00   2.560710e+01   4.489583e-01
  2.793369e+00   2.549289e+01   4.477287e-01
  2.798058e+00   2.543691e+01   4.467685e-01
  2.802746e+00   2.567270e+01   4.486282e-01
  2.807434e+00   2.539581e+01   4.459505e-01
  2.812122e+00   2.592726e+01   4.499823e-01
  2.816811e+00   2.528036e+01   4.440356e-01
  2.821499e+00   2.525483e+01   4.433776e-01
  2.826187e+00   2.591349e+01   4.487177e-01
  2.830875e+00   2.543447e+01   4.442187e-01
  2.835563e+00   2.527037e+01   4.424800e-01
  2.840252e+00   2.523107e+01   4.416848e-01
  2.844940e+00   2.531717e+01   4.421255e-01
  2.849628e+00   2.524652e+01   4.411665e-01
  2.854316e+00   2.552086e+01   4.432380e-01
  2.859005e+00   2.551577e+01   4.506513e-01
  2.863693e+00   2.580993e+01   4.631827e-01
  2.868381e+00   2.558112e+01   4.672122e-01
  2.873069e+00   2.579676e+01   4.742641e-01
  2.877758e+00   2.624500e+01   4.825381e-01
  2.882446e+00   2.580642e+01   4.814724e-01
  2.887134e+00   2.476128e+01   4.731872e-01
  2.891822e+00   2.494074e+01   4.762849e-01
  2.896510e+00   2.523199e+01   4.803858e-01
  2.901199e+00   2.504705e+01   4.797428e-01
  2.905887e+00   2.556097e+01   4.858524e-01
  2.910575e+00   2.462105e+01   4.778876e-01
  2.915263e+00   2.530693e+01   4.854911e-01
  2.919952e+00   2.561458e+01   4.889837e-01
  2.924640e+00   2.544136e+01   4.741556e-01
  2.929328e+00   2.533609e+01   4.648100e-01
  2.934016e+00   2.470926e+01   4.537727e-01
  2.938704e+00   2.459379e+01   4.486233e-01
  2.943393e+00   2.482661e+01   4.474919e-01
  2.948081e+00   2.555463e+01   4.522369e-01
  2.952769e+00   2.557446e+01   4.512856e-01
  2.957457e+00   2.503721e+01   4.456184e-01
  2.962146e+00   2.518753e+01   4.459996e-01
  2.966834e+00   2.572512e+01   4.500360e-01
  2.971522e+00   2.559168e+01   4.479876e-01
  2.976210e+00   2.536345e+01   4.452915e-01
  2.980899e+00   2.498786e+01   4.412434e-01
  2.985587e+00   2.577756e+01   4.474824e-01
  2.990275e+00   2.600905e+01   4.488378e-01
  2.994963e+00   2.580445e+01   4.465299e-01
  2.999651e+00   2.490732e+01   4.380687e-01
  3.004340e+00   2.598931e+01   4.468794e-01
  3.009028e+00   2.540027e+01   4.412318e-01
  3.013716e+00   2.531118e+01   4.399728e-01
  3.018404e+00   2.568003e+01   4.426294e-01
  3.023093e+00   2.509091e+01   4.369683e-01
  3.027781e+00   2.454778e+01   4.317088e-01
  3.032469e+00   2.497083e+01   4.349727e-01
  3.037157e+00   2.529955e+01   4.373820e-01
  3.041846e+00   2.540779e+01   4.377616e-01
  3.046534e+00   2.538227e+01   4.370613e-01
  3.051222e+00   2.502428e+01   4.336517e-01
  3.055910e+00   2.586425e+01   4.404530e-01
  3.060598e+00   2.623641e+01   4.429630e-01
  3.065287e+00   2.571340e+01   4.381207e-01
  3.069975e+00   2.531646e+01   4.343135e-01
  3.074663e+00   2.565262e+01   4.368242e-01
  3.079351e+00   2.496031e+01   4.304018e-01
  3.084040e+00   2.517360e+01   4.317740e-01
  3.088728e+00   2.554685e+01   4.345991e-01
  3.093416e+00   2.555985e+01   4.344774e-01
  3.098104e+00   2.519837e+01   4.309255e-01
  3.102793e+00   2.534447e+01   4.317192e-01
  3.107481e+00   2.503913e+01   4.287409e-01
  3.112169e+00   2.516102e+01   4.293649e-01
  3.116857e+00   2.544183e+01   4.313212e-01
  3.121545e+00   2.508946e+01   4.278888e-01
  3.126234e+00   2.555679e+01   4.314975e-01
  3.130922e+00   2.570929e+01   4.324741e-01
  3.135610e+00   2.527837e+01   4.284427e-01
  3.140298e+00   2.541562e+01   4.294005e-01
  3.144987e+00   2.490307e+01   4.247011e-01
  3.149675e+00   2.480127e+01   4.232576e-01
  3.154363e+00   2.564029e+01   4.300280e-01
  3.159051e+00   2.486795e+01   4.230433e-01
  3.163739e+00   2.505571e+01   4.242785e-01
  3.168428e+00   2.500816e+01   4.236008e-01
  3.173116e+00   2.547851e+01   4.272797e-01
  3.177804e+00   2.521274e+01   4.245807e-01
  3.182492e+00   2.572060e+01   4.284673e-01
  3.187181e+00   2.483231e+01   4.206856e-01
  3.191869e+00   2.509029e+01   4.225296e-01
  3.196557e+00   2.621363e+01   4.314820e-01
  3.201245e+00   2.547470e+01   4.250024e-01
  3.205934e+00   2.504447e+01   4.210770e-01
  3.210622e+00   2.510545e+01   4.213182e-01
  3.215310e+00   2.503297e+01   4.202919e-01
  3.219998e+00   2.518608e+01   4.210837e-01
  3.224686e+00   2.466517e+01   4.160292e-01
  3.229375e+00   2.503615e+01   4.183618e-01
  3.234063e+00   2.552777e+01   4.219271e-01
  3.238751e+00   2.532958e+01   4.199249e-01
  3.243439e+00   2.461833e+01   4.136606e-01
  3.248128e+00   2.482478e+01   4.151157e-01
  3.252816e+00   2.540636e+01   4.196289e-01
  3.257504e+00   2.471983e+01   4.135287e-01
  3.262192e+00   2.533208e+01   4.183387e-01
  3.266881e+00   2.491814e+01   4.145983e-01
  3.271569e+00   2.533239e+01   4.177310e-01
  3.276257e+00   2.595477e+01   4.225223e-01
  3.280945e+00   2.509985e+01   4.155718e-01
  3.285633e+00   2.526189e+01   4.170557e-01
  3.290322e+00   2.532161e+01   4.175077e-01
  3.295010e+00   2.486481e+01   4.133784e-01
  3.299698e+00   2.533128e+01   4.169237e-01
  3.304386e+00   2.523293e+01   4.157894e-01
  3.309075e+00   2.505711e+01   4.140849e-01
  3.313763e+00   2.526518e+01   4.154572e-01
  3.318451e+00   2.560049e+01   4.178565e-01
  3.323139e+00   2.572499e+01   4.186027e-01
  3.327828e+00   2.553046e+01   4.166878e-01
  3.332516e+00   2.549004e+01   4.161015e-01
  3.337204e+00   2.473263e+01   4.094881e-01
  3.341892e+00   2.538173e+01   4.146244e-01
  3.346580e+00   2.561073e+01   4.161841e-01
  3.351269e+00   2.485798e+01   4.096802e-01
  3.355957e+00   2.508395e+01   4.120197e-01
  3.360645e+00   2.529381e+01   4.238674e-01
  3.365333e+00   2.562008e+01   4.333448e-01
  3.370022e+00   2.446406e+01   4.280986e-01
  3.374710e+00   2.432205e+01   4.289580e-01
  3.379398e+00   2.473232e+01   4.341752e-01
  3.384086e+00   2.474521e+01   4.356955e-01
  3.388774e+00   2.454123e+01   4.343847e-01
  3.393463e+00   2.483206e+01   4.365839e-01
  3.398151e+00   2.451818e+01   4.342384e-01
  3.402839e+00   2.538412e+01   4.428189e-01
  3.407527e+00   2.571288e+01   4.466662e-01
  3.412216e+00   2.544188e+01   4.451509e-01
  3.416904e+00   2.535891e+01   4.452556e-01
  3.421592e+00   2.566569e+01   4.488007e-01
  3.426280e+00   2.496134e+01   4.433299e-01
  3.430969e+00   2.486368e+01   4.432443e-01
  3.435657e+00   2.523208e+01   4.472636e-01
  3.440345e+00   2.541336e+01   4.494426e-01
  3.445033e+00   2.475892e+01   4.442986e-01
  3.449721e+00   2.471011e+01   4.445886e-01
  3.454410e+00   2.500447e+01   4.477343e-01
  3.459098e+00   2.486049e+01   4.470236e-01
  3.463786e+00   2.435332e+01   4.430032e-01
  3.468474e+00   2.489643e+01   4.484954e-01
  3.473163e+00   2.461412e+01   4.464230e-01
  3.477851e+00   2.460356e+01   4.468869e-01
  3.482539e+00   2.462012e+01   4.477350e-01
  3.487227e+00   2.439859e+01   4.459950e-01
  3.491916e+00   2.471534e+01   4.494133e-01
  3.496604e+00   2.502765e+01   4.527028e-01
  3.501292e+00   2.479066e+01   4.510128e-01
  3.505980e+00   2.443636e+01   4.482524e-01
  3.510668e+00   2.543868e+01   4.578072e-01
  3.515357e+00   2.489240e+01   4.532492e-01
  3.520045e+00   2.493531e+01   4.541437e-01
  3.524733e+00   2.512058e+01   4.562120e-01
  3.529421e+00   2.518124e+01   4.571457e-01
  3.534110e+00   2.516389e+01   4.574479e-01
  3.538798e+00   2.524612e+01   4.585505e-01
  3.543486e+00   2.506593e+01   4.573130e-01
  3.548174e+00   2.492755e+01   4.564524e-01
  3.552863e+00   2.479208e+01   4.555615e-01
  3.557551e+00   2.481677e+01   4.561329e-01
  3.562239e+00   2.501451e+01   4.583583e-01
  3.566927e+00   2.573131e+01   4.652357e-01
  3.571615e+00   2.452983e+01   4.545643e-01
  3.576304e+00   2.464820e+01   4.559846e-01
  3.580992e+00   2.537277e+01   4.629298e-01
  3.585680e+00   2.489091e+01   4.582459e-01
  3.590368e+00   2.456444e+01   4.548026e-01
  3.595057e+00   2.487458e+01   4.572569e-01
  3.599745e+00   2.500724e+01   4.580762e-01
  3.604433e+00   2.548299e+01   4.621345e-01
  3.609121e+00   2.548962e+01   4.626756e-01
  3.613809e+00   2.529246e+01   4.609475e-01
  3.618498e+00   2.515387e+01   4.599239e-01
  3.623186e+00   2.561272e+01   4.644301e-01
  3.627874e+00   2.570794e+01   4.655767e-01
  3.632562e+00   2.506050e+01   4.599186e-01
  3.637251e+00   2.537905e+01   4.631471e-01
  3.641939e+00   2.501032e+01   4.600323e-01
  3.646627e+00   2.517605e+01   4.618681e-01
  3.651315e+00   2.535138e+01   4.636996e-01
  3.656004e+00   2.466373e+01   4.578295e-01
  3.660692e+00   2.549524e+01   4.726727e-01
  3.665380e+00   2.515652e+01   4.863186e-01
  3.670068e+00   2.522671e+01   4.954128e-01
  3.674756e+00   2.497551e+01   5.006996e-01
  3.679445e+00   2.454800e+01   5.023329e-01
  3.684133e+00   2.563800e+01   5.168712e-01
  3.688821e+00   2.497271e+01   5.132709e-01
  3.693509e+00   2.531499e+01   5.198354e-01
  3.698198e+00   2.523404e+01   5.218416e-01
  3.702886e+00   2.514032e+01   5.237167e-01
  3.707574e+00   2.609236e+01   5.362116e-01
  3.712262e+00   2.569518e+01   5.348131e-01
  3.716951e+00   2.518271e+01   5.319685e-01
  3.721639e+00   2.521279e+01   5.348216e-01
  3.726327e+00   2.440881e+01   5.285944e-01
  3.731015e+00   2.513883e+01   5.389056e-01
  3.735703e+00   2.491311e+01   5.388097e-01
  3.740392e+00   2.525493e+01   5.448952e-01
  3.745080e+00   2.458042e+01   5.398046e-01
  3.749768e+00   2.468262e+01   5.432284e-01
  3.754456e+00   2.551349e+01   5.545610e-01
  3.759145e+00   2.437294e+01   5.442672e-01
  3.763833e+00   2.461514e+01   5.491470e-01
  3.768521e+00   2.448151e+01   5.498649e-01
  3.773209e+00   2.513653e+01   5.593454e-01
  3.777897e+00   2.450169e+01   5.544236e-01
  3.782586e+00   2.511241e+01   5.634479e-01
  3.787274e+00   2.493721e+01   5.636535e-01
  3.791962e+00   2.508538e+01   5.674897e-01
  3.796650e+00   2.520812e+01   5.710305e-01
  3.801339e+00   2.509912e+01   5.719363e-01
  3.806027e+00   2.494758e+01   5.723394e-01
  3.810715e+00   2.522054e+01   5.776060e-01
  3.815403e+00   2.429316e+01   5.689757e-01
  3.820092e+00   2.482514e+01   5.772927e-01
  3.824780e+00   2.498537e+01   5.812777e-01
  3.829468e+00   2.533879e+01   5.875363e-01
  3.834156e+00   2.500753e+01   5.857626e-01
  3.838844e+00   2.441446e+01   5.808930e-01
  3.843533e+00   2.494328e+01   5.892436e-01
  3.848221e+00   2.446973e+01   5.857004e-01
  3.852909e+00   2.462190e+01   5.896417e-01
  3.857597e+00   2.561007e+01   6.035081e-01
  3.862286e+00   2.573293e+01   6.071093e-01
  3.866974e+00   2.511290e+01   6.018646e-01
  3.871662e+00   2.521406e+01   6.053415e-01
  3.876350e+00   2.476550e+01   6.021461e-01
  3.881039e+00   2.531185e+01   6.107035e-01
  3.885727e+00   2.508773e+01   6.101328e-01
  3.890415e+00   2.473635e+01   6.079180e-01
  3.895103e+00   2.526968e+01   6.166617e-01
  3.899791e+00   2.437653e+01   6.077265e-01
  3.904480e+00   2.454899e+01   6.120489e-01
  3.909168e+00   2.531058e+01   6.236086e-01
  3.913856e+00   2.489586e+01   6.207286e-01
  3.918544e+00   2.470312e+01   6.203787e-01
  3.923233e+00   2.507243e+01   6.272524e-01
  3.927921e+00   2.483274e+01   6.263514e-01
  3.932609e+00   2.397992e+01   6.175857e-01
  3.937297e+00   2.527395e+01   6.351699e-01
  3.941986e+00   2.572187e+01   6.415794e-01
  3.946674e+00   2.483142e+01   6.310192e-01
  3.951362e+00   2.447621e+01   6.261278e-01
  3.956050e+00   2.523735e+01   6.347170e-01
  3.960738e+00   2.418543e+01   6.211861e-01
  3.965427e+00   2.476681e+01   6.293592e-01
  3.970115e+00   2.503724e+01   6.347424e-01
  3.974803e+00   2.471157e+01   6.326206e-01
  3.979491e+00   2.568696e+01   6.467907e-01
  3.984180e+00   2.519527e+01   6.427283e-01
  3.988868e+00   2.443125e+01   6.350154e-01
  3.993556e+00   2.492025e+01   6.434861e-01
  3.998244e+00   2.512415e+01   6.483194e-01
  4.002932e+00   2.467607e+01   6.447051e-01
  4.007621e+00   2.454334e+01   6.450952e-01
  4.012309e+00   2.492510e+01   6.522880e-01
  4.016997e+00   2.537826e+01   6.604269e-01
  4.021685e+00   2.420479e+01   6.471978e-01
  4.026374e+00   2.461053e+01   6.548088e-01
  4.031062e+00   2.474950e+01   6.588737e-01
  4.035750e+00   2.456323e+01   6.586133e-01
  4.040438e+00   2.425151e+01   6.566836e-01
  4.045127e+00   2.422800e+01   6.586139e-01
  4.049815e+00   2.483288e+01   6.690631e-01
  4.054503e+00   2.526341e+01   6.771386e-01
  4.059191e+00   2.565059e+01   6.846913e-01
  4.063879e+00   2.514186e+01   6.802185e-01
  4.068568e+00   2.575267e+01   6.907985e-01
  4.073256e+00   2.498967e+01   6.828278e-01
  4.077944e+00   2.530006e+01   6.894726e-01
  4.082632e+00   2.510073e+01   6.891381e-01
  4.087321e+00   2.488604e+01   6.885961e-01
  4.092009e+00   2.546914e+01   6.990524e-01
  4.096697e+00   2.435695e+01   6.860239e-01
  4.101385e+00   2.514789e+01   6.994967e-01
  4.106074e+00   2.453222e+01   6.933658e-01
  4.110762e+00   2.492397e+01   7.013826e-01
  4.115450e+00   2.604181e+01   7.194770e-01
  4.120138e+00   2.532702e+01   7.120166e-01
  4.124826e+00   2.493549e+01   7.090395e-01
  4.129515e+00   2.578285e+01   7.236217e-01
  4.134203e+00   2.534814e+01   7.200408e-01
  4.138891e+00   2.494326e+01   7.168660e-01
  4.143579e+00   2.472262e+01   7.162761e-01
  4.148268e+00   2.481646e+01   7.202931e-01
  4.152956e+00   2.501284e+01   7.257640e-01
  4.157644e+00   2.491883e+01   7.269725e-01
  4.162332e+00   2.553029e+01   7.386531e-01
  4.167021e+00   2.519784e+01   7.365369e-01
  4.171709e+00   2.537590e+01   7.418008e-01
  4.176397e+00   2.508780e+01   7.403752e-01
  4.181085e+00   2.526761e+01   7.457969e-01
  4.185773e+00   2.604972e+01   7.601635e-01
  4.190462e+00   2.624714e+01   7.659830e-01
  4.195150e+00   2.549858e+01   7.587403e-01
  4.199838e+00   2.522930e+01   7.568585e-01
  4.204526e+00   2.565265e+01   7.658222e-01
  4.209215e+00   2.569061e+01   7.693493e-01
  4.213903e+00   2.577052e+01   7.735110e-01
  4.218591e+00   2.477330e+01   7.613257e-01
  4.223279e+00   2.433942e+01   7.576058e-01
  4.227967e+00   2.472892e+01   7.665866e-01
  4.232656e+00   2.503973e+01   7.744349e-01
  4.237344e+00   2.482592e+01   7.742079e-01
  4.242032e+00   2.462247e+01   7.740600e-01
  4.246720e+00   2.405462e+01   7.680726e-01
  4.251409e+00   2.355788e+01   7.632875e-01
  4.256097e+00   2.429563e+01   7.781848e-01
  4.260785e+00   2.607847e+01   8.094856e-01
  4.265473e+00   2.380311e+01   7.772834e-01
  4.270162e+00   2.460766e+01   7.942842e-01
  4.274850e+00   2.497787e+01   8.059713e-01
  4.279538e+00   2.430320e+01   7.985834e-01
  4.284226e+00   2.547643e+01   8.175176e-01
  4.288914e+00   2.511011e+01   8.141743e-01
  4.293603e+00   2.492630e+01   8.146484e-01
  4.298291e+00   2.516570e+01   8.221521e-01
  4.302979e+00   2.612574e+01   8.410892e-01
  4.307667e+00   2.482714e+01   8.234850e-01
  4.312356e+00   2.388357e+01   8.112683e-01
  4.317044e+00   2.496500e+01   8.328909e-01
  4.321732e+00   2.500817e+01   8.373027e-01
  4.326420e+00   2.586538e+01   8.553539e-01
  4.331109e+00   2.492408e+01   8.432401e-01
  4.335797e+00   2.414785e+01   8.337399e-01
  4.340485e+00   2.567767e+01   8.644350e-01
  4.345173e+00   2.514392e+01   8.586716e-01
  4.349861e+00   2.545981e+01   8.677234e-01
  4.354550e+00   2.572084e+01   8.762080e-01
  4.359238e+00   2.494359e+01   8.668003e-01
  4.363926e+00   2.508578e+01   8.732769e-01
  4.368614e+00   2.504463e+01   8.766215e-01
  4.373303e+00   2.566597e+01   8.916810e-01
  4.377991e+00   2.647923e+01   9.099319e-01
  4.382679e+00   2.507389e+01   8.896539e-01
  4.387367e+00   2.446132e+01   8.830484e-01
  4.392056e+00   2.419628e+01   8.824412e-01
  4.396744e+00   2.496287e+01   9.006394e-01
  4.401432e+00   2.449140e+01   8.974268e-01
  4.406120e+00   2.471818e+01   9.041166e-01
  4.410808e+00   2.399984e+01   8.915020e-01
  4.415497e+00   2.478020e+01   9.064834e-01
  4.420185e+00   2.597836e+01   9.287135e-01
  4.424873e+00   2.605482e+01   9.307868e-01
  4.429561e+00   2.608002e+01   9.318733e-01
  4.434250e+00   2.525801e+01   9.177059e-01
  4.438938e+00   2.563189e+01   9.251713e-01
  4.443626e+00   2.602645e+01   9.327903e-01
  4.448314e+00   2.536896e+01   9.231361e-01
  4.453002e+00   2.487435e+01   9.184893e-01
  4.457691e+00   2.454889e+01   9.171028e-01
  4.462379e+00   2.438666e+01   9.186821e-01
  4.467067e+00   2.484962e+01   9.320878e-01
  4.471755e+00   2.464744e+01   9.330565e-01
  4.476444e+00   2.543970e+01   9.529117e-01
  4.481132e+00   2.546542e+01   9.583916e-01
  4.485820e+00   2.452846e+01   9.456409e-01
  4.490508e+00   2.528967e+01   9.653054e-01
  4.495197e+00   2.468296e+01   9.587780e-01
  4.499885e+00   2.448148e+01   9.600253e-01
  4.504573e+00   2.462907e+01   9.681737e-01
  4.509261e+00   2.533577e+01   9.874212e-01
  4.513949e+00   2.545237e+01   9.952713e-01
  4.518638e+00   2.540180e+01   9.998998e-01
  4.523326e+00   2.614058e+01   1.020140e+00
  4.528014e+00   2.714128e+01   1.045443e+00
  4.532702e+00   2.599277e+01   1.029006e+00
  4.537391e+00   2.532359e+01   1.021608e+00
  4.542079e+00   2.454364e+01   1.011777e+00
  4.546767e+00   2.537963e+01   1.035047e+00
  4.551455e+00   2.519869e+01   1.037563e+00
  4.556144e+00   2.479506e+01   1.035495e+00
  4.560832e+00   2.506142e+01   1.047449e+00
  4.565520e+00   2.473550e+01   1.047088e+00
  4.570208e+00   2.457798e+01   1.050441e+00
  4.574896e+00   2.508218e+01   1.068006e+00
  4.579585e+00   2.471995e+01   1.067082e+00
  4.584273e+00   2.646836e+01   1.111354e+00
  4.588961e+00   2.533545e+01   1.094467e+00
  4.593649e+00   2.431256e+01   1.079286e+00
  4.598338e+00   2.350902e+01   1.068626e+00
  4.603026e+00   2.391245e+01   1.085114e+00
  4.607714e+00   2.517752e+01   1.121134e+00
  4.612402e+00   2.579682e+01   1.142768e+00
  4.617091e+00   2.495753e+01   1.131973e+00
  4.621779e+00   2.550773e+01   1.152746e+00
  4.626467e+00   2.427154e+01   1.132704e+00
  4.631155e+00   2.441776e+01   1.144470e+00
  4.635843e+00   2.524636e+01   1.172398e+00
  4.640532e+00   2.529736e+01   1.182447e+00
  4.645220e+00   2.396679e+01   1.159927e+00
  4.649908e+00   2.484621e+01   1.190289e+00
  4.654596e+00   2.511854e+01   1.206219e+00
  4.659285e+00   2.651193e+01   1.249133e+00
  4.663973e+00   2.569239e+01   1.239648e+00
  4.668661e+00   2.438857e+01   1.218016e+00
  4.673349e+00   2.393547e+01   1.216773e+00
  4.678037e+00   2.520567e+01   1.259247e+00
  4.682726e+00   2.620594e+01   1.295056e+00
  4.687414e+00   2.700539e+01   1.326313e+00
  4.692102e+00   2.422396e+01   1.267603e+00
  4.696790e+00   2.732737e+01   1.358553e+00
  4.701479e+00   2.569157e+01   1.329401e+00
  4.706167e+00   2.669707e+01   1.367867e+00
  4.710855e+00   2.597725e+01   1.362573e+00
  4.715543e+00   2.580800e+01   1.371381e+00
  4.720232e+00   2.461275e+01   1.352492e+00
  4.724920e+00   2.374962e+01   1.341946e+00
  4.729608e+00   2.609783e+01   1.421504e+00
  4.734296e+00   2.542341e+01   1.417928e+00
  4.738984e+00   2.487687e+01   1.417583e+00
  4.743673e+00   2.499506e+01   1.436440e+00
  4.748361e+00   2.547198e+01   1.466523e+00
  4.753049e+00   2.514131e+01   1.473875e+00
  4.757737e+00   2.603949e+01   1.517409e+00
  4.762426e+00   2.579695e+01   1.528275e+00
  4.767114e+00   2.437326e+01   1.503954e+00
  4.771802e+00   2.461174e+01   1.530633e+00
  4.776490e+00   2.338391e+01   1.511009e+00
  4.781179e+00   2.510745e+01   1.586171e+00
  4.785867e+00   2.542192e+01   1.617959e+00
  4.790555e+00   2.578903e+01   1.652471e+00
  4.795243e+00   2.725652e+01   1.722863e+00
  4.799931e+00   2.506519e+01   1.676176e+00
  4.804620e+00   2.382870e+01   1.659493e+00
  4.809308e+00   2.348671e+01   1.673237e+00
  4.813996e+00   2.248498e+01   1.663161e+00
  4.818684e+00   2.645140e+01   1.833431e+00
  4.823373e+00   2.697083e+01   1.884013e+00
  4.828061e+00   2.556318e+01   1.866751e+00
  4.832749e+00   2.183695e+01   1.756660e+00
  4.837437e+00   2.556730e+01   1.936996e+00
  4.842125e+00   2.583823e+01   1.986416e+00
  4.846814e+00   2.533607e+01   2.006938e+00
  4.851502e+00   2.653280e+01   2.097156e+00
  4.856190e+00   2.672715e+01   2.152738e+00
  4.860878e+00   2.665877e+01   2.200194e+00
  4.865567e+00   2.561102e+01   2.208561e+00
  4.870255e+00   2.825636e+01   2.379758e+00
  4.874943e+00   2.368775e+01   2.239778e+00
  4.879631e+00   2.525815e+01   2.378063e+00
  4.884320e+00   2.413296e+01   2.393912e+00
  4.889008e+00   2.374379e+01   2.452656e+00
  4.893696e+00   2.453440e+01   2.578773e+00
  4.898384e+00   2.600311e+01   2.751339e+00
  4.903072e+00   2.204609e+01   2.634320e+00
  4.907761e+00   2.162381e+01   2.757059e+00
  4.912449e+00   2.591678e+01   4.170537e+00
  4.917137e+00   2.928190e+01   1.218685e+01
