# GI Buffer
# Sample c= 0.0 mg/ml
#
# Sample environment:
# Detector = Pilatus
# PixelSize_1 = 0.000172
# PixelSize_2 = 0.000172
#
# title = GI Buffer
# Frame 108 of 120
# Time per frame (s) = 1.0
# SampleDistance = 2.869
# WaveLength = 9.919e-11
# Normalization = 0.001062898
# DiodeCurr = 8.713694e-05
# MachCurr = 68.82923
# Mask = /data/bm29/archive/CALIBRATION/MASK/BM29/Pcon_19thNovember2015_7keV_v3.edf
#
# N 3
# L q*nm  I_GI Buffer  stddev
#
# Sample Information:
# Storage Temperature (degrees C): 20.0
# Measurement Temperature (degrees C): 20.08
# Concentration: 0.0
# Code: GIBuffer
  3.200246e-02   1.611285e+02   1.908601e+01
  3.669069e-02   4.734889e+02   1.485426e+01
  4.137892e-02   6.523797e+02   1.298859e+01
  4.606715e-02   5.686316e+02   1.004061e+01
  5.075538e-02   3.846800e+02   7.501612e+00
  5.544361e-02   2.807603e+02   5.920804e+00
  6.013183e-02   2.117851e+02   4.916459e+00
  6.482006e-02   1.561292e+02   4.050087e+00
  6.950829e-02   1.276393e+02   3.513723e+00
  7.419652e-02   1.109596e+02   3.144797e+00
  7.888475e-02   9.021013e+01   2.741144e+00
  8.357298e-02   7.691884e+01   2.455778e+00
  8.826121e-02   6.690376e+01   2.225465e+00
  9.294944e-02   6.304309e+01   2.096992e+00
  9.763767e-02   5.745042e+01   1.946610e+00
  1.023259e-01   5.165944e+01   1.801972e+00
  1.070141e-01   5.122073e+01   1.753307e+00
  1.117024e-01   4.922047e+01   1.679779e+00
  1.163906e-01   4.263894e+01   1.525589e+00
  1.210788e-01   4.280320e+01   1.498477e+00
  1.257670e-01   4.002001e+01   1.421106e+00
  1.304553e-01   3.881642e+01   1.374923e+00
  1.351435e-01   3.633695e+01   1.303485e+00
  1.398317e-01   3.529340e+01   1.262450e+00
  1.445200e-01   3.493300e+01   1.235231e+00
  1.492082e-01   3.469113e+01   1.211305e+00
  1.538964e-01   3.317413e+01   1.163671e+00
  1.585846e-01   3.288128e+01   1.140144e+00
  1.632729e-01   3.203124e+01   1.108966e+00
  1.679611e-01   3.239741e+01   1.099589e+00
  1.726493e-01   3.209299e+01   1.078194e+00
  1.773376e-01   3.278323e+01   1.073440e+00
  1.820258e-01   3.058710e+01   1.023547e+00
  1.867140e-01   3.055179e+01   1.010083e+00
  1.914022e-01   2.984985e+01   9.858066e-01
  1.960905e-01   3.104709e+01   9.913892e-01
  2.007787e-01   2.967623e+01   9.589167e-01
  2.054669e-01   2.798380e+01   9.205475e-01
  2.101552e-01   2.850301e+01   9.186404e-01
  2.148434e-01   2.939247e+01   9.209176e-01
  2.195316e-01   2.868784e+01   8.998765e-01
  2.242199e-01   2.848184e+01   8.873424e-01
  2.289081e-01   2.872212e+01   8.819414e-01
  2.335963e-01   2.814034e+01   8.631741e-01
  2.382845e-01   2.912824e+01   8.689491e-01
  2.429728e-01   2.916424e+01   8.611831e-01
  2.476610e-01   2.829340e+01   8.402370e-01
  2.523492e-01   2.956952e+01   8.505163e-01
  2.570375e-01   2.940976e+01   8.395208e-01
  2.617257e-01   2.762124e+01   8.064099e-01
  2.664139e-01   2.660268e+01   7.845015e-01
  2.711021e-01   2.657054e+01   7.772494e-01
  2.757904e-01   2.627435e+01   7.654902e-01
  2.804786e-01   2.748170e+01   7.766907e-01
  2.851668e-01   2.769680e+01   7.734042e-01
  2.898551e-01   2.728447e+01   7.609951e-01
  2.945433e-01   2.809036e+01   7.659310e-01
  2.992315e-01   2.682633e+01   7.592541e-01
  3.039197e-01   2.617972e+01   7.559734e-01
  3.086080e-01   2.733430e+01   7.747018e-01
  3.132962e-01   2.670465e+01   7.661265e-01
  3.179844e-01   2.660686e+01   7.645726e-01
  3.226727e-01   2.604267e+01   7.564018e-01
  3.273609e-01   2.686596e+01   7.674082e-01
  3.320491e-01   2.658915e+01   7.620732e-01
  3.367374e-01   2.732787e+01   7.705532e-01
  3.414256e-01   2.676053e+01   7.609633e-01
  3.461138e-01   2.771714e+01   7.728618e-01
  3.508020e-01   2.665500e+01   7.560868e-01
  3.554903e-01   2.620935e+01   7.469416e-01
  3.601785e-01   2.653244e+01   7.500966e-01
  3.648667e-01   2.622232e+01   7.510725e-01
  3.695550e-01   2.611117e+01   7.664540e-01
  3.742432e-01   2.540443e+01   7.645551e-01
  3.789314e-01   2.594712e+01   7.799749e-01
  3.836196e-01   2.591521e+01   7.844862e-01
  3.883079e-01   2.711799e+01   8.068441e-01
  3.929961e-01   2.691484e+01   8.111585e-01
  3.976843e-01   2.592012e+01   8.068455e-01
  4.023726e-01   2.732699e+01   8.366693e-01
  4.070608e-01   2.689369e+01   8.333920e-01
  4.117490e-01   2.666480e+01   8.314695e-01
  4.164372e-01   2.750325e+01   8.458591e-01
  4.211255e-01   2.661834e+01   8.338040e-01
  4.258137e-01   2.563005e+01   8.188695e-01
  4.305019e-01   2.518361e+01   8.109491e-01
  4.351902e-01   2.613798e+01   8.244690e-01
  4.398784e-01   2.593009e+01   8.201897e-01
  4.445666e-01   2.726982e+01   8.507468e-01
  4.492548e-01   2.754665e+01   8.842512e-01
  4.539431e-01   2.555427e+01   8.680648e-01
  4.586313e-01   2.676148e+01   9.017280e-01
  4.633195e-01   2.628032e+01   9.055359e-01
  4.680078e-01   2.615022e+01   9.139585e-01
  4.726960e-01   2.638567e+01   9.278775e-01
  4.773842e-01   2.586350e+01   9.277864e-01
  4.820725e-01   2.633465e+01   9.451954e-01
  4.867607e-01   2.552989e+01   9.395293e-01
  4.914489e-01   2.618544e+01   9.598219e-01
  4.961371e-01   2.638005e+01   9.713210e-01
  5.008254e-01   2.509803e+01   9.552112e-01
  5.055136e-01   2.699554e+01   9.989601e-01
  5.102018e-01   2.658318e+01   9.685672e-01
  5.148901e-01   2.723487e+01   9.461140e-01
  5.195783e-01   2.638393e+01   9.155651e-01
  5.242665e-01   2.680411e+01   9.120072e-01
  5.289547e-01   2.628292e+01   8.945123e-01
  5.336430e-01   2.506549e+01   8.659758e-01
  5.383312e-01   2.772598e+01   9.041516e-01
  5.430194e-01   2.583610e+01   8.675376e-01
  5.477077e-01   2.651181e+01   8.739302e-01
  5.523959e-01   2.571281e+01   8.558679e-01
  5.570841e-01   2.546901e+01   8.471486e-01
  5.617723e-01   2.559320e+01   8.456135e-01
  5.664606e-01   2.514416e+01   8.344831e-01
  5.711488e-01   2.640416e+01   8.517608e-01
  5.758370e-01   2.742585e+01   8.632380e-01
  5.805253e-01   2.649741e+01   8.432667e-01
  5.852135e-01   2.639354e+01   8.362225e-01
  5.899017e-01   2.634527e+01   8.296725e-01
  5.945900e-01   2.579023e+01   8.142982e-01
  5.992782e-01   2.656011e+01   8.210456e-01
  6.039664e-01   2.648298e+01   8.150380e-01
  6.086546e-01   2.661970e+01   8.122702e-01
  6.133429e-01   2.697626e+01   8.124146e-01
  6.180311e-01   2.707762e+01   8.091354e-01
  6.227193e-01   2.721077e+01   8.066551e-01
  6.274076e-01   2.618060e+01   7.879354e-01
  6.320958e-01   2.553139e+01   7.759382e-01
  6.367840e-01   2.705081e+01   7.963991e-01
  6.414722e-01   2.573164e+01   7.751760e-01
  6.461605e-01   2.531602e+01   7.671086e-01
  6.508487e-01   2.654671e+01   7.838511e-01
  6.555369e-01   2.715005e+01   7.903386e-01
  6.602252e-01   2.673809e+01   7.826586e-01
  6.649134e-01   2.681951e+01   7.822165e-01
  6.696016e-01   2.455843e+01   7.469633e-01
  6.742898e-01   2.614786e+01   7.685989e-01
  6.789781e-01   2.572110e+01   7.606436e-01
  6.836663e-01   2.659101e+01   7.717687e-01
  6.883545e-01   2.708093e+01   7.774011e-01
  6.930428e-01   2.615273e+01   7.618831e-01
  6.977310e-01   2.701357e+01   7.725620e-01
  7.024192e-01   2.693395e+01   7.698717e-01
  7.071074e-01   2.593264e+01   7.539798e-01
  7.117957e-01   2.617424e+01   7.557623e-01
  7.164839e-01   2.715387e+01   7.677818e-01
  7.211721e-01   2.586464e+01   7.479160e-01
  7.258604e-01   2.615248e+01   7.505320e-01
  7.305486e-01   2.563357e+01   7.417901e-01
  7.352368e-01   2.557963e+01   7.387266e-01
  7.399251e-01   2.593464e+01   7.426317e-01
  7.446133e-01   2.655597e+01   7.501302e-01
  7.493015e-01   2.675269e+01   7.520309e-01
  7.539897e-01   2.574904e+01   7.356495e-01
  7.586780e-01   2.623841e+01   7.406919e-01
  7.633662e-01   2.662415e+01   7.446497e-01
  7.680544e-01   2.701518e+01   7.487916e-01
  7.727427e-01   2.657845e+01   7.410291e-01
  7.774309e-01   2.633022e+01   7.358467e-01
  7.821191e-01   2.692988e+01   7.428808e-01
  7.868073e-01   2.728639e+01   7.464445e-01
  7.914956e-01   2.593342e+01   7.261463e-01
  7.961838e-01   2.616278e+01   7.276937e-01
  8.008720e-01   2.688603e+01   7.363296e-01
  8.055603e-01   2.652627e+01   7.300156e-01
  8.102485e-01   2.499955e+01   7.075127e-01
  8.149367e-01   2.618364e+01   7.222244e-01
  8.196249e-01   2.462526e+01   6.990721e-01
  8.243132e-01   2.621275e+01   7.201043e-01
  8.290014e-01   2.618824e+01   7.184328e-01
  8.336896e-01   2.625773e+01   7.177221e-01
  8.383779e-01   2.642209e+01   7.185919e-01
  8.430661e-01   2.716053e+01   7.273265e-01
  8.477543e-01   2.648430e+01   7.168995e-01
  8.524425e-01   2.571750e+01   7.050651e-01
  8.571308e-01   2.701446e+01   7.214596e-01
  8.618190e-01   2.531345e+01   6.969528e-01
  8.665072e-01   2.562596e+01   6.998573e-01
  8.711955e-01   2.593909e+01   7.028615e-01
  8.758837e-01   2.626124e+01   7.056092e-01
  8.805719e-01   2.631610e+01   7.051077e-01
  8.852602e-01   2.611451e+01   7.012789e-01
  8.899484e-01   2.508109e+01   6.861420e-01
  8.946366e-01   2.604544e+01   6.974295e-01
  8.993248e-01   2.642430e+01   7.014658e-01
  9.040131e-01   2.611208e+01   6.960356e-01
  9.087013e-01   2.590566e+01   6.921973e-01
  9.133895e-01   2.641228e+01   6.973858e-01
  9.180778e-01   2.531125e+01   6.815517e-01
  9.227660e-01   2.595069e+01   6.888159e-01
  9.274542e-01   2.606294e+01   6.892805e-01
  9.321424e-01   2.530592e+01   6.779181e-01
  9.368307e-01   2.657820e+01   6.932686e-01
  9.415189e-01   2.673775e+01   6.942695e-01
  9.462071e-01   2.635896e+01   6.882959e-01
  9.508954e-01   2.571365e+01   6.785454e-01
  9.555836e-01   2.638236e+01   6.858983e-01
  9.602718e-01   2.551178e+01   6.734065e-01
  9.649600e-01   2.570005e+01   6.748028e-01
  9.696483e-01   2.603364e+01   6.781476e-01
  9.743365e-01   2.610574e+01   6.775057e-01
  9.790247e-01   2.547950e+01   6.683671e-01
  9.837130e-01   2.561179e+01   6.689695e-01
  9.884012e-01   2.547575e+01   6.661740e-01
  9.930894e-01   2.723970e+01   6.874922e-01
  9.977777e-01   2.628989e+01   6.742037e-01
  1.002466e+00   2.614624e+01   6.713487e-01
  1.007154e+00   2.627388e+01   6.718886e-01
  1.011842e+00   2.670211e+01   6.762276e-01
  1.016531e+00   2.607569e+01   6.669095e-01
  1.021219e+00   2.697526e+01   6.772441e-01
  1.025907e+00   2.631206e+01   6.679386e-01
  1.030595e+00   2.578302e+01   6.601420e-01
  1.035283e+00   2.589635e+01   6.601167e-01
  1.039972e+00   2.607214e+01   6.614555e-01
  1.044660e+00   2.579150e+01   6.569567e-01
  1.049348e+00   2.625664e+01   6.617078e-01
  1.054036e+00   2.553257e+01   6.512792e-01
  1.058725e+00   2.596063e+01   6.557349e-01
  1.063413e+00   2.642299e+01   6.605018e-01
  1.068101e+00   2.746116e+01   6.723960e-01
  1.072789e+00   2.733496e+01   6.695904e-01
  1.077478e+00   2.598142e+01   6.517358e-01
  1.082166e+00   2.608407e+01   6.520066e-01
  1.086854e+00   2.717812e+01   6.645862e-01
  1.091542e+00   2.668788e+01   6.575713e-01
  1.096230e+00   2.567218e+01   6.436226e-01
  1.100919e+00   2.663903e+01   6.547172e-01
  1.105607e+00   2.682593e+01   6.561332e-01
  1.110295e+00   2.581824e+01   6.426839e-01
  1.114983e+00   2.588310e+01   6.424271e-01
  1.119672e+00   2.591772e+01   6.419436e-01
  1.124360e+00   2.598710e+01   6.417256e-01
  1.129048e+00   2.567492e+01   6.369013e-01
  1.133736e+00   2.579899e+01   6.372609e-01
  1.138425e+00   2.606325e+01   6.395549e-01
  1.143113e+00   2.558935e+01   6.327752e-01
  1.147801e+00   2.583395e+01   6.349947e-01
  1.152489e+00   2.616523e+01   6.378923e-01
  1.157177e+00   2.577761e+01   6.320719e-01
  1.161866e+00   2.584802e+01   6.321635e-01
  1.166554e+00   2.492189e+01   6.198308e-01
  1.171242e+00   2.640985e+01   6.369982e-01
  1.175930e+00   2.570358e+01   6.274314e-01
  1.180619e+00   2.546455e+01   6.236119e-01
  1.185307e+00   2.554243e+01   6.236596e-01
  1.189995e+00   2.572083e+01   6.250409e-01
  1.194683e+00   2.498425e+01   6.148281e-01
  1.199372e+00   2.550166e+01   6.203092e-01
  1.204060e+00   2.697070e+01   6.372309e-01
  1.208748e+00   2.605513e+01   6.258091e-01
  1.213436e+00   2.517224e+01   6.136978e-01
  1.218124e+00   2.547812e+01   6.163744e-01
  1.222813e+00   2.587268e+01   6.202511e-01
  1.227501e+00   2.612096e+01   6.224822e-01
  1.232189e+00   2.583456e+01   6.180216e-01
  1.236877e+00   2.519871e+01   6.093428e-01
  1.241566e+00   2.520683e+01   6.087140e-01
  1.246254e+00   2.532436e+01   6.093474e-01
  1.250942e+00   2.553059e+01   6.252351e-01
  1.255630e+00   2.628317e+01   6.515533e-01
  1.260318e+00   2.639416e+01   6.638323e-01
  1.265007e+00   2.591691e+01   6.665133e-01
  1.269695e+00   2.529739e+01   6.660262e-01
  1.274383e+00   2.685621e+01   6.932003e-01
  1.279071e+00   2.619210e+01   6.911788e-01
  1.283760e+00   2.595415e+01   6.940997e-01
  1.288448e+00   2.504506e+01   6.875259e-01
  1.293136e+00   2.567205e+01   7.015805e-01
  1.297824e+00   2.621375e+01   7.142634e-01
  1.302513e+00   2.728225e+01   7.330126e-01
  1.307201e+00   2.578978e+01   7.147327e-01
  1.311889e+00   2.668043e+01   7.276331e-01
  1.316577e+00   2.624710e+01   6.939633e-01
  1.321265e+00   2.656445e+01   6.808309e-01
  1.325954e+00   2.590375e+01   6.614793e-01
  1.330642e+00   2.683679e+01   6.647212e-01
  1.335330e+00   2.624279e+01   6.501451e-01
  1.340018e+00   2.530995e+01   6.325524e-01
  1.344707e+00   2.548333e+01   6.293991e-01
  1.349395e+00   2.646312e+01   6.366274e-01
  1.354083e+00   2.568347e+01   6.224238e-01
  1.358771e+00   2.532680e+01   6.139850e-01
  1.363460e+00   2.686499e+01   6.288990e-01
  1.368148e+00   2.693585e+01   6.279523e-01
  1.372836e+00   2.647331e+01   6.208495e-01
  1.377524e+00   2.592036e+01   6.129301e-01
  1.382212e+00   2.642987e+01   6.177031e-01
  1.386901e+00   2.655775e+01   6.179019e-01
  1.391589e+00   2.582823e+01   6.080058e-01
  1.396277e+00   2.618484e+01   6.108998e-01
  1.400965e+00   2.569491e+01   6.040430e-01
  1.405654e+00   2.564137e+01   6.023151e-01
  1.410342e+00   2.617707e+01   6.074473e-01
  1.415030e+00   2.688007e+01   6.141983e-01
  1.419718e+00   2.643211e+01   6.080365e-01
  1.424406e+00   2.556333e+01   5.970376e-01
  1.429095e+00   2.563478e+01   5.968208e-01
  1.433783e+00   2.636750e+01   6.040090e-01
  1.438471e+00   2.626306e+01   6.018795e-01
  1.443159e+00   2.610161e+01   5.991088e-01
  1.447848e+00   2.551632e+01   5.913837e-01
  1.452536e+00   2.538456e+01   5.887451e-01
  1.457224e+00   2.541765e+01   5.881850e-01
  1.461912e+00   2.547366e+01   5.879704e-01
  1.466601e+00   2.609984e+01   5.942482e-01
  1.471289e+00   2.669654e+01   5.999807e-01
  1.475977e+00   2.559598e+01   5.868024e-01
  1.480665e+00   2.644407e+01   5.952941e-01
  1.485353e+00   2.659113e+01   6.054488e-01
  1.490042e+00   2.561233e+01   6.124368e-01
  1.494730e+00   2.626175e+01   6.310974e-01
  1.499418e+00   2.561540e+01   6.312993e-01
  1.504106e+00   2.494156e+01   6.301434e-01
  1.508795e+00   2.633959e+01   6.544364e-01
  1.513483e+00   2.636386e+01   6.381463e-01
  1.518171e+00   2.544833e+01   6.129605e-01
  1.522859e+00   2.599518e+01   6.110039e-01
  1.527548e+00   2.607451e+01   6.053939e-01
  1.532236e+00   2.485763e+01   5.854369e-01
  1.536924e+00   2.559861e+01   5.893747e-01
  1.541612e+00   2.626126e+01   5.938030e-01
  1.546300e+00   2.584968e+01   5.877088e-01
  1.550989e+00   2.596924e+01   5.869679e-01
  1.555677e+00   2.578537e+01   5.819021e-01
  1.560365e+00   2.561800e+01   5.772998e-01
  1.565053e+00   2.632922e+01   5.825629e-01
  1.569742e+00   2.653616e+01   5.824806e-01
  1.574430e+00   2.536687e+01   5.683052e-01
  1.579118e+00   2.518365e+01   5.666721e-01
  1.583806e+00   2.640925e+01   5.809605e-01
  1.588495e+00   2.547335e+01   5.712429e-01
  1.593183e+00   2.641917e+01   5.820264e-01
  1.597871e+00   2.520083e+01   5.680968e-01
  1.602559e+00   2.570851e+01   5.729501e-01
  1.607247e+00   2.626639e+01   5.782167e-01
  1.611936e+00   2.628579e+01   5.773239e-01
  1.616624e+00   2.583561e+01   5.715538e-01
  1.621312e+00   2.645951e+01   5.775785e-01
  1.626000e+00   2.621802e+01   5.740664e-01
  1.630689e+00   2.511242e+01   5.609301e-01
  1.635377e+00   2.527389e+01   5.618974e-01
  1.640065e+00   2.585954e+01   5.675417e-01
  1.644753e+00   2.502426e+01   5.575390e-01
  1.649441e+00   2.613661e+01   5.689878e-01
  1.654130e+00   2.496337e+01   5.551821e-01
  1.658818e+00   2.552752e+01   5.606313e-01
  1.663506e+00   2.612762e+01   5.664405e-01
  1.668194e+00   2.639587e+01   5.686263e-01
  1.672883e+00   2.595153e+01   5.628449e-01
  1.677571e+00   2.588894e+01   5.614321e-01
  1.682259e+00   2.530269e+01   5.543738e-01
  1.686947e+00   2.573426e+01   5.583725e-01
  1.691636e+00   2.622514e+01   5.627521e-01
  1.696324e+00   2.592191e+01   5.587401e-01
  1.701012e+00   2.586828e+01   5.574839e-01
  1.705700e+00   2.610990e+01   5.594200e-01
  1.710388e+00   2.599097e+01   5.573171e-01
  1.715077e+00   2.628650e+01   5.596918e-01
  1.719765e+00   2.628475e+01   5.589804e-01
  1.724453e+00   2.502661e+01   5.448181e-01
  1.729141e+00   2.617024e+01   5.563903e-01
  1.733830e+00   2.557467e+01   5.491778e-01
  1.738518e+00   2.627315e+01   5.559973e-01
  1.743206e+00   2.597588e+01   5.521790e-01
  1.747894e+00   2.561424e+01   5.477418e-01
  1.752583e+00   2.667623e+01   5.583783e-01
  1.757271e+00   2.593682e+01   5.497388e-01
  1.761959e+00   2.592746e+01   5.489067e-01
  1.766647e+00   2.548923e+01   5.435692e-01
  1.771335e+00   2.582517e+01   5.463948e-01
  1.776024e+00   2.491270e+01   5.359789e-01
  1.780712e+00   2.559856e+01   5.426604e-01
  1.785400e+00   2.569913e+01   5.431277e-01
  1.790088e+00   2.594505e+01   5.450497e-01
  1.794777e+00   2.585668e+01   5.433590e-01
  1.799465e+00   2.478899e+01   5.313683e-01
  1.804153e+00   2.531658e+01   5.364890e-01
  1.808841e+00   2.489420e+01   5.313569e-01
  1.813530e+00   2.502110e+01   5.318937e-01
  1.818218e+00   2.447734e+01   5.255169e-01
  1.822906e+00   2.596688e+01   5.407392e-01
  1.827594e+00   2.612088e+01   5.417295e-01
  1.832282e+00   2.614836e+01   5.411239e-01
  1.836971e+00   2.647059e+01   5.439402e-01
  1.841659e+00   2.590238e+01   5.375250e-01
  1.846347e+00   2.521249e+01   5.296978e-01
  1.851035e+00   2.503960e+01   5.271088e-01
  1.855724e+00   2.584393e+01   5.349631e-01
  1.860412e+00   2.578054e+01   5.337562e-01
  1.865100e+00   2.565269e+01   5.318163e-01
  1.869788e+00   2.453363e+01   5.193871e-01
  1.874476e+00   2.594968e+01   5.335678e-01
  1.879165e+00   2.607050e+01   5.342766e-01
  1.883853e+00   2.553718e+01   5.281724e-01
  1.888541e+00   2.541791e+01   5.263111e-01
  1.893229e+00   2.439660e+01   5.152689e-01
  1.897918e+00   2.511089e+01   5.221464e-01
  1.902606e+00   2.521095e+01   5.224099e-01
  1.907294e+00   2.494353e+01   5.191166e-01
  1.911982e+00   2.479814e+01   5.168595e-01
  1.916671e+00   2.453733e+01   5.136225e-01
  1.921359e+00   2.552457e+01   5.233167e-01
  1.926047e+00   2.571235e+01   5.247079e-01
  1.930735e+00   2.536561e+01   5.204331e-01
  1.935423e+00   2.570037e+01   5.233209e-01
  1.940112e+00   2.480165e+01   5.134627e-01
  1.944800e+00   2.552748e+01   5.197562e-01
  1.949488e+00   2.513498e+01   5.144219e-01
  1.954176e+00   2.524241e+01   5.143808e-01
  1.958865e+00   2.524222e+01   5.132418e-01
  1.963553e+00   2.527117e+01   5.126345e-01
  1.968241e+00   2.563291e+01   5.157693e-01
  1.972929e+00   2.550095e+01   5.137951e-01
  1.977618e+00   2.606804e+01   5.190594e-01
  1.982306e+00   2.631393e+01   5.212123e-01
  1.986994e+00   2.551970e+01   5.132100e-01
  1.991682e+00   2.562825e+01   5.143404e-01
  1.996370e+00   2.625364e+01   5.207195e-01
  2.001059e+00   2.593159e+01   5.176744e-01
  2.005747e+00   2.574194e+01   5.156136e-01
  2.010435e+00   2.615024e+01   5.188466e-01
  2.015123e+00   2.553607e+01   5.121732e-01
  2.019812e+00   2.514854e+01   5.077738e-01
  2.024500e+00   2.512748e+01   5.071158e-01
  2.029188e+00   2.560045e+01   5.112375e-01
  2.033876e+00   2.585589e+01   5.132104e-01
  2.038565e+00   2.512500e+01   5.053732e-01
  2.043253e+00   2.564360e+01   5.101801e-01
  2.047941e+00   2.600190e+01   5.131406e-01
  2.052629e+00   2.613056e+01   5.156546e-01
  2.057317e+00   2.566354e+01   5.259593e-01
  2.062006e+00   2.536287e+01   5.323637e-01
  2.066694e+00   2.478839e+01   5.332970e-01
  2.071382e+00   2.502737e+01   5.416146e-01
  2.076070e+00   2.566063e+01   5.537727e-01
  2.080759e+00   2.572199e+01   5.593668e-01
  2.085447e+00   2.467133e+01   5.520352e-01
  2.090135e+00   2.535611e+01   5.617531e-01
  2.094823e+00   2.541217e+01   5.639819e-01
  2.099511e+00   2.602782e+01   5.723814e-01
  2.104200e+00   2.622076e+01   5.759896e-01
  2.108888e+00   2.537904e+01   5.679302e-01
  2.113576e+00   2.560827e+01   5.717480e-01
  2.118264e+00   2.574126e+01   5.676426e-01
  2.122953e+00   2.591208e+01   5.514892e-01
  2.127641e+00   2.489573e+01   5.316176e-01
  2.132329e+00   2.526275e+01   5.290173e-01
  2.137017e+00   2.589741e+01   5.305666e-01
  2.141706e+00   2.597377e+01   5.269486e-01
  2.146394e+00   2.565697e+01   5.198941e-01
  2.151082e+00   2.556718e+01   5.161267e-01
  2.155770e+00   2.578709e+01   5.172121e-01
  2.160458e+00   2.594200e+01   5.175611e-01
  2.165147e+00   2.625559e+01   5.195926e-01
  2.169835e+00   2.602190e+01   5.160679e-01
  2.174523e+00   2.656215e+01   5.204880e-01
  2.179211e+00   2.570975e+01   5.111582e-01
  2.183900e+00   2.565192e+01   5.096837e-01
  2.188588e+00   2.556155e+01   5.078537e-01
  2.193276e+00   2.582237e+01   5.095860e-01
  2.197964e+00   2.528372e+01   5.035061e-01
  2.202653e+00   2.540050e+01   5.038691e-01
  2.207341e+00   2.533057e+01   5.023840e-01
  2.212029e+00   2.508812e+01   4.992007e-01
  2.216717e+00   2.492900e+01   4.969632e-01
  2.221405e+00   2.534288e+01   5.003326e-01
  2.226094e+00   2.623381e+01   5.083528e-01
  2.230782e+00   2.627228e+01   5.079980e-01
  2.235470e+00   2.547049e+01   4.995228e-01
  2.240158e+00   2.551026e+01   4.992635e-01
  2.244847e+00   2.507403e+01   4.943937e-01
  2.249535e+00   2.615597e+01   5.041915e-01
  2.254223e+00   2.589185e+01   5.009902e-01
  2.258911e+00   2.475829e+01   4.893565e-01
  2.263600e+00   2.508412e+01   4.919938e-01
  2.268288e+00   2.533443e+01   4.937579e-01
  2.272976e+00   2.496804e+01   4.895349e-01
  2.277664e+00   2.575425e+01   4.966576e-01
  2.282352e+00   2.554179e+01   4.940634e-01
  2.287041e+00   2.494793e+01   4.876823e-01
  2.291729e+00   2.510435e+01   4.885261e-01
  2.296417e+00   2.536027e+01   4.905511e-01
  2.301105e+00   2.582594e+01   4.944846e-01
  2.305794e+00   2.475723e+01   4.835952e-01
  2.310482e+00   2.523104e+01   4.875275e-01
  2.315170e+00   2.523999e+01   4.871639e-01
  2.319858e+00   2.489959e+01   4.833645e-01
  2.324546e+00   2.570385e+01   4.905581e-01
  2.329235e+00   2.539926e+01   4.869907e-01
  2.333923e+00   2.579233e+01   4.902875e-01
  2.338611e+00   2.552237e+01   4.872181e-01
  2.343299e+00   2.504557e+01   4.821498e-01
  2.347988e+00   2.484767e+01   4.796009e-01
  2.352676e+00   2.472600e+01   4.779860e-01
  2.357364e+00   2.480646e+01   4.782836e-01
  2.362052e+00   2.396943e+01   4.696505e-01
  2.366741e+00   2.541643e+01   4.830702e-01
  2.371429e+00   2.552738e+01   4.836022e-01
  2.376117e+00   2.448827e+01   4.732268e-01
  2.380805e+00   2.471090e+01   4.748712e-01
  2.385493e+00   2.480481e+01   4.752660e-01
  2.390182e+00   2.528716e+01   4.793692e-01
  2.394870e+00   2.536132e+01   4.795532e-01
  2.399558e+00   2.572621e+01   4.825881e-01
  2.404246e+00   2.494953e+01   4.747417e-01
  2.408935e+00   2.490548e+01   4.738013e-01
  2.413623e+00   2.497276e+01   4.739666e-01
  2.418311e+00   2.502703e+01   4.740397e-01
  2.422999e+00   2.521489e+01   4.754246e-01
  2.427688e+00   2.448809e+01   4.679085e-01
  2.432376e+00   2.506821e+01   4.730141e-01
  2.437064e+00   2.570656e+01   4.785018e-01
  2.441752e+00   2.537968e+01   4.751244e-01
  2.446440e+00   2.548742e+01   4.755082e-01
  2.451129e+00   2.535078e+01   4.738098e-01
  2.455817e+00   2.527345e+01   4.727313e-01
  2.460505e+00   2.427081e+01   4.628744e-01
  2.465193e+00   2.493480e+01   4.685557e-01
  2.469882e+00   2.505083e+01   4.691598e-01
  2.474570e+00   2.522965e+01   4.704167e-01
  2.479258e+00   2.519151e+01   4.696804e-01
  2.483946e+00   2.470255e+01   4.646398e-01
  2.488634e+00   2.561781e+01   4.726298e-01
  2.493323e+00   2.554761e+01   4.715949e-01
  2.498011e+00   2.468879e+01   4.632166e-01
  2.502699e+00   2.551541e+01   4.704481e-01
  2.507387e+00   2.524129e+01   4.674087e-01
  2.512076e+00   2.559435e+01   4.702460e-01
  2.516764e+00   2.513224e+01   4.656122e-01
  2.521452e+00   2.452033e+01   4.594813e-01
  2.526140e+00   2.521525e+01   4.654528e-01
  2.530829e+00   2.520818e+01   4.649549e-01
  2.535517e+00   2.523454e+01   4.645733e-01
  2.540205e+00   2.524313e+01   4.637492e-01
  2.544893e+00   2.587597e+01   4.685069e-01
  2.549581e+00   2.502560e+01   4.599293e-01
  2.554270e+00   2.561826e+01   4.649017e-01
  2.558958e+00   2.465381e+01   4.556723e-01
  2.563646e+00   2.528908e+01   4.611000e-01
  2.568334e+00   2.506732e+01   4.586035e-01
  2.573023e+00   2.488412e+01   4.565508e-01
  2.577711e+00   2.475539e+01   4.549864e-01
  2.582399e+00   2.472477e+01   4.543308e-01
  2.587087e+00   2.508681e+01   4.573358e-01
  2.591776e+00   2.517524e+01   4.582053e-01
  2.596464e+00   2.498080e+01   4.566037e-01
  2.601152e+00   2.488880e+01   4.558246e-01
  2.605840e+00   2.489389e+01   4.554565e-01
  2.610528e+00   2.512514e+01   4.571630e-01
  2.615217e+00   2.596975e+01   4.644148e-01
  2.619905e+00   2.574285e+01   4.620593e-01
  2.624593e+00   2.537853e+01   4.582531e-01
  2.629281e+00   2.524941e+01   4.567145e-01
  2.633970e+00   2.552418e+01   4.587987e-01
  2.638658e+00   2.455654e+01   4.497078e-01
  2.643346e+00   2.511130e+01   4.543032e-01
  2.648034e+00   2.497156e+01   4.526889e-01
  2.652723e+00   2.513528e+01   4.537935e-01
  2.657411e+00   2.552709e+01   4.569073e-01
  2.662099e+00   2.504467e+01   4.521658e-01
  2.666787e+00   2.483763e+01   4.498282e-01
  2.671475e+00   2.528235e+01   4.534717e-01
  2.676164e+00   2.531068e+01   4.534410e-01
  2.680852e+00   2.494961e+01   4.498810e-01
  2.685540e+00   2.505403e+01   4.503006e-01
  2.690228e+00   2.535376e+01   4.525624e-01
  2.694917e+00   2.507272e+01   4.498309e-01
  2.699605e+00   2.513628e+01   4.500303e-01
  2.704293e+00   2.537930e+01   4.516485e-01
  2.708981e+00   2.562425e+01   4.534535e-01
  2.713669e+00   2.511037e+01   4.485808e-01
  2.718358e+00   2.496913e+01   4.469411e-01
  2.723046e+00   2.549853e+01   4.512215e-01
  2.727734e+00   2.470766e+01   4.437749e-01
  2.732422e+00   2.413285e+01   4.382876e-01
  2.737111e+00   2.485417e+01   4.444340e-01
  2.741799e+00   2.456518e+01   4.414376e-01
  2.746487e+00   2.531095e+01   4.476757e-01
  2.751175e+00   2.501750e+01   4.447624e-01
  2.755864e+00   2.527787e+01   4.467292e-01
  2.760552e+00   2.511875e+01   4.449316e-01
  2.765240e+00   2.514683e+01   4.447620e-01
  2.769928e+00   2.491503e+01   4.423722e-01
  2.774616e+00   2.541620e+01   4.465082e-01
  2.779305e+00   2.473674e+01   4.401030e-01
  2.783993e+00   2.525870e+01   4.443111e-01
  2.788681e+00   2.495706e+01   4.413340e-01
  2.793369e+00   2.524379e+01   4.436368e-01
  2.798058e+00   2.547945e+01   4.452361e-01
  2.802746e+00   2.502990e+01   4.410881e-01
  2.807434e+00   2.477795e+01   4.386146e-01
  2.812122e+00   2.479580e+01   4.381785e-01
  2.816811e+00   2.475549e+01   4.375291e-01
  2.821499e+00   2.528114e+01   4.417176e-01
  2.826187e+00   2.503773e+01   4.391903e-01
  2.830875e+00   2.484025e+01   4.371277e-01
  2.835563e+00   2.487366e+01   4.371219e-01
  2.840252e+00   2.511840e+01   4.388191e-01
  2.844940e+00   2.515379e+01   4.388181e-01
  2.849628e+00   2.509118e+01   4.379327e-01
  2.854316e+00   2.487837e+01   4.357579e-01
  2.859005e+00   2.457968e+01   4.404224e-01
  2.863693e+00   2.511134e+01   4.549239e-01
  2.868381e+00   2.479104e+01   4.579802e-01
  2.873069e+00   2.522564e+01   4.669858e-01
  2.877758e+00   2.585410e+01   4.768896e-01
  2.882446e+00   2.536725e+01   4.753233e-01
  2.887134e+00   2.528474e+01   4.761246e-01
  2.891822e+00   2.512204e+01   4.759753e-01
  2.896510e+00   2.544901e+01   4.803909e-01
  2.901199e+00   2.477082e+01   4.750566e-01
  2.905887e+00   2.467713e+01   4.753438e-01
  2.910575e+00   2.540873e+01   4.834025e-01
  2.915263e+00   2.520607e+01   4.824575e-01
  2.919952e+00   2.530211e+01   4.839205e-01
  2.924640e+00   2.581352e+01   4.755752e-01
  2.929328e+00   2.448523e+01   4.549909e-01
  2.934016e+00   2.465548e+01   4.513465e-01
  2.938704e+00   2.472568e+01   4.479073e-01
  2.943393e+00   2.490177e+01   4.462586e-01
  2.948081e+00   2.479268e+01   4.435452e-01
  2.952769e+00   2.520492e+01   4.461036e-01
  2.957457e+00   2.539998e+01   4.469220e-01
  2.962146e+00   2.513311e+01   4.436186e-01
  2.966834e+00   2.520729e+01   4.435847e-01
  2.971522e+00   2.521443e+01   4.427780e-01
  2.976210e+00   2.511610e+01   4.412262e-01
  2.980899e+00   2.461089e+01   4.360360e-01
  2.985587e+00   2.535405e+01   4.418996e-01
  2.990275e+00   2.508924e+01   4.389509e-01
  2.994963e+00   2.490166e+01   4.367796e-01
  2.999651e+00   2.500551e+01   4.370604e-01
  3.004340e+00   2.509646e+01   4.372644e-01
  3.009028e+00   2.553444e+01   4.405098e-01
  3.013716e+00   2.538199e+01   4.387098e-01
  3.018404e+00   2.545387e+01   4.387976e-01
  3.023093e+00   2.548305e+01   4.384927e-01
  3.027781e+00   2.482162e+01   4.322596e-01
  3.032469e+00   2.502951e+01   4.336273e-01
  3.037157e+00   2.514622e+01   4.341959e-01
  3.041846e+00   2.511245e+01   4.333549e-01
  3.046534e+00   2.544632e+01   4.357471e-01
  3.051222e+00   2.517628e+01   4.331127e-01
  3.055910e+00   2.449966e+01   4.268493e-01
  3.060598e+00   2.497963e+01   4.303810e-01
  3.065287e+00   2.514553e+01   4.314091e-01
  3.069975e+00   2.495955e+01   4.294030e-01
  3.074663e+00   2.415970e+01   4.221158e-01
  3.079351e+00   2.446569e+01   4.242997e-01
  3.084040e+00   2.465140e+01   4.254510e-01
  3.088728e+00   2.430226e+01   4.220739e-01
  3.093416e+00   2.376175e+01   4.171307e-01
  3.098104e+00   2.480100e+01   4.256920e-01
  3.102793e+00   2.507284e+01   4.275692e-01
  3.107481e+00   2.520836e+01   4.283537e-01
  3.112169e+00   2.475063e+01   4.240338e-01
  3.116857e+00   2.497867e+01   4.255555e-01
  3.121545e+00   2.465254e+01   4.223388e-01
  3.126234e+00   2.442910e+01   4.200720e-01
  3.130922e+00   2.447894e+01   4.202002e-01
  3.135610e+00   2.458764e+01   4.207475e-01
  3.140298e+00   2.527177e+01   4.263586e-01
  3.144987e+00   2.453660e+01   4.197676e-01
  3.149675e+00   2.525730e+01   4.253106e-01
  3.154363e+00   2.567501e+01   4.284849e-01
  3.159051e+00   2.519987e+01   4.240421e-01
  3.163739e+00   2.492040e+01   4.213277e-01
  3.168428e+00   2.519622e+01   4.233783e-01
  3.173116e+00   2.504380e+01   4.218133e-01
  3.177804e+00   2.482821e+01   4.195346e-01
  3.182492e+00   2.534400e+01   4.235061e-01
  3.187181e+00   2.501220e+01   4.204070e-01
  3.191869e+00   2.490419e+01   4.191654e-01
  3.196557e+00   2.479251e+01   4.178345e-01
  3.201245e+00   2.505197e+01   4.196650e-01
  3.205934e+00   2.531725e+01   4.215594e-01
  3.210622e+00   2.486209e+01   4.174840e-01
  3.215310e+00   2.502869e+01   4.184648e-01
  3.219998e+00   2.494849e+01   4.173066e-01
  3.224686e+00   2.533638e+01   4.198547e-01
  3.229375e+00   2.517238e+01   4.177105e-01
  3.234063e+00   2.490207e+01   4.149479e-01
  3.238751e+00   2.505596e+01   4.158705e-01
  3.243439e+00   2.418275e+01   4.082372e-01
  3.248128e+00   2.448231e+01   4.104853e-01
  3.252816e+00   2.432400e+01   4.088430e-01
  3.257504e+00   2.474525e+01   4.119777e-01
  3.262192e+00   2.481368e+01   4.122713e-01
  3.266881e+00   2.484597e+01   4.122329e-01
  3.271569e+00   2.466183e+01   4.104084e-01
  3.276257e+00   2.417625e+01   4.060508e-01
  3.280945e+00   2.471663e+01   4.106294e-01
  3.285633e+00   2.460794e+01   4.098677e-01
  3.290322e+00   2.503988e+01   4.134090e-01
  3.295010e+00   2.487774e+01   4.117234e-01
  3.299698e+00   2.536954e+01   4.154600e-01
  3.304386e+00   2.533942e+01   4.148899e-01
  3.309075e+00   2.521235e+01   4.135952e-01
  3.313763e+00   2.516282e+01   4.128475e-01
  3.318451e+00   2.489258e+01   4.102823e-01
  3.323139e+00   2.455983e+01   4.072697e-01
  3.327828e+00   2.412600e+01   4.033379e-01
  3.332516e+00   2.457013e+01   4.067829e-01
  3.337204e+00   2.505453e+01   4.103876e-01
  3.341892e+00   2.492883e+01   4.091570e-01
  3.346580e+00   2.607140e+01   4.181205e-01
  3.351269e+00   2.533038e+01   4.117920e-01
  3.355957e+00   2.556370e+01   4.141682e-01
  3.360645e+00   2.493742e+01   4.190767e-01
  3.365333e+00   2.520312e+01   4.279720e-01
  3.370022e+00   2.504232e+01   4.312824e-01
  3.374710e+00   2.452294e+01   4.288900e-01
  3.379398e+00   2.463155e+01   4.314430e-01
  3.384086e+00   2.488043e+01   4.350221e-01
  3.388774e+00   2.456606e+01   4.327520e-01
  3.393463e+00   2.446638e+01   4.315102e-01
  3.398151e+00   2.500081e+01   4.366224e-01
  3.402839e+00   2.466730e+01   4.346611e-01
  3.407527e+00   2.472004e+01   4.360911e-01
  3.412216e+00   2.473062e+01   4.370138e-01
  3.416904e+00   2.412067e+01   4.323980e-01
  3.421592e+00   2.468992e+01   4.383105e-01
  3.426280e+00   2.439528e+01   4.364062e-01
  3.430969e+00   2.477208e+01   4.405413e-01
  3.435657e+00   2.527873e+01   4.457687e-01
  3.440345e+00   2.481121e+01   4.421932e-01
  3.445033e+00   2.483055e+01   4.430444e-01
  3.449721e+00   2.519530e+01   4.470187e-01
  3.454410e+00   2.487750e+01   4.446926e-01
  3.459098e+00   2.477867e+01   4.443851e-01
  3.463786e+00   2.516994e+01   4.484497e-01
  3.468474e+00   2.512969e+01   4.486710e-01
  3.473163e+00   2.506343e+01   4.485590e-01
  3.477851e+00   2.467434e+01   4.456218e-01
  3.482539e+00   2.513186e+01   4.504361e-01
  3.487227e+00   2.506029e+01   4.500758e-01
  3.491916e+00   2.501322e+01   4.501863e-01
  3.496604e+00   2.480401e+01   4.487548e-01
  3.501292e+00   2.450534e+01   4.464986e-01
  3.505980e+00   2.445402e+01   4.465030e-01
  3.510668e+00   2.488788e+01   4.508938e-01
  3.515357e+00   2.521230e+01   4.542081e-01
  3.520045e+00   2.461935e+01   4.493338e-01
  3.524733e+00   2.478424e+01   4.512160e-01
  3.529421e+00   2.524390e+01   4.557631e-01
  3.534110e+00   2.462258e+01   4.505722e-01
  3.538798e+00   2.469581e+01   4.515922e-01
  3.543486e+00   2.466378e+01   4.516962e-01
  3.548174e+00   2.448388e+01   4.504439e-01
  3.552863e+00   2.460739e+01   4.519270e-01
  3.557551e+00   2.484505e+01   4.544474e-01
  3.562239e+00   2.516477e+01   4.577733e-01
  3.566927e+00   2.508859e+01   4.574306e-01
  3.571615e+00   2.401859e+01   4.478853e-01
  3.576304e+00   2.539184e+01   4.608394e-01
  3.580992e+00   2.497997e+01   4.573747e-01
  3.585680e+00   2.528489e+01   4.598896e-01
  3.590368e+00   2.512773e+01   4.580269e-01
  3.595057e+00   2.464054e+01   4.531610e-01
  3.599745e+00   2.466749e+01   4.530146e-01
  3.604433e+00   2.466179e+01   4.526896e-01
  3.609121e+00   2.464808e+01   4.530347e-01
  3.613809e+00   2.490001e+01   4.554079e-01
  3.618498e+00   2.489003e+01   4.555554e-01
  3.623186e+00   2.404398e+01   4.480645e-01
  3.627874e+00   2.437469e+01   4.514109e-01
  3.632562e+00   2.471316e+01   4.547735e-01
  3.637251e+00   2.500043e+01   4.577200e-01
  3.641939e+00   2.465048e+01   4.547642e-01
  3.646627e+00   2.445065e+01   4.532254e-01
  3.651315e+00   2.455608e+01   4.544231e-01
  3.656004e+00   2.470827e+01   4.562896e-01
  3.660692e+00   2.501787e+01   4.662309e-01
  3.665380e+00   2.460610e+01   4.789188e-01
  3.670068e+00   2.493464e+01   4.904372e-01
  3.674756e+00   2.487229e+01   4.975341e-01
  3.679445e+00   2.460097e+01   5.007312e-01
  3.684133e+00   2.466407e+01   5.047979e-01
  3.688821e+00   2.451227e+01   5.063495e-01
  3.693509e+00   2.422347e+01   5.063375e-01
  3.698198e+00   2.308142e+01   4.969601e-01
  3.702886e+00   2.436240e+01   5.133529e-01
  3.707574e+00   2.500800e+01   5.227138e-01
  3.712262e+00   2.552783e+01   5.307965e-01
  3.716951e+00   2.463921e+01   5.239538e-01
  3.721639e+00   2.458699e+01   5.258914e-01
  3.726327e+00   2.451739e+01   5.275108e-01
  3.731015e+00   2.458909e+01   5.307088e-01
  3.735703e+00   2.388709e+01   5.253491e-01
  3.740392e+00   2.418869e+01   5.309956e-01
  3.745080e+00   2.493698e+01   5.413880e-01
  3.749768e+00   2.530066e+01   5.476433e-01
  3.754456e+00   2.517405e+01   5.485117e-01
  3.759145e+00   2.486136e+01   5.473506e-01
  3.763833e+00   2.458454e+01   5.464665e-01
  3.768521e+00   2.540905e+01   5.577968e-01
  3.773209e+00   2.519335e+01   5.575903e-01
  3.777897e+00   2.440713e+01   5.509940e-01
  3.782586e+00   2.437790e+01   5.527804e-01
  3.787274e+00   2.474231e+01   5.590534e-01
  3.791962e+00   2.484730e+01   5.623829e-01
  3.796650e+00   2.424012e+01   5.575725e-01
  3.801339e+00   2.376408e+01   5.541456e-01
  3.806027e+00   2.468389e+01   5.668799e-01
  3.810715e+00   2.500847e+01   5.727209e-01
  3.815403e+00   2.502488e+01   5.750195e-01
  3.820092e+00   2.441788e+01   5.700976e-01
  3.824780e+00   2.464007e+01   5.747865e-01
  3.829468e+00   2.502379e+01   5.813842e-01
  3.834156e+00   2.490230e+01   5.820375e-01
  3.838844e+00   2.351897e+01   5.677102e-01
  3.843533e+00   2.361645e+01   5.709136e-01
  3.848221e+00   2.442648e+01   5.826883e-01
  3.852909e+00   2.412017e+01   5.811156e-01
  3.857597e+00   2.454751e+01   5.883372e-01
  3.862286e+00   2.471452e+01   5.924385e-01
  3.866974e+00   2.475405e+01   5.950019e-01
  3.871662e+00   2.450482e+01   5.942234e-01
  3.876350e+00   2.442337e+01   5.954238e-01
  3.881039e+00   2.324303e+01   5.827197e-01
  3.885727e+00   2.459168e+01   6.014957e-01
  3.890415e+00   2.456274e+01   6.031990e-01
  3.895103e+00   2.409584e+01   5.996020e-01
  3.899791e+00   2.435490e+01   6.048675e-01
  3.904480e+00   2.529545e+01   6.186364e-01
  3.909168e+00   2.523558e+01   6.200299e-01
  3.913856e+00   2.500392e+01   6.194228e-01
  3.918544e+00   2.479867e+01   6.189280e-01
  3.923233e+00   2.482945e+01   6.215450e-01
  3.927921e+00   2.472883e+01   6.223754e-01
  3.932609e+00   2.386779e+01   6.135137e-01
  3.937297e+00   2.506733e+01   6.298720e-01
  3.941986e+00   2.491133e+01   6.286987e-01
  3.946674e+00   2.458100e+01   6.251532e-01
  3.951362e+00   2.513611e+01   6.318076e-01
  3.956050e+00   2.519884e+01   6.315293e-01
  3.960738e+00   2.501228e+01   6.290228e-01
  3.965427e+00   2.508083e+01   6.306370e-01
  3.970115e+00   2.505464e+01   6.322565e-01
  3.974803e+00   2.443410e+01   6.263778e-01
  3.979491e+00   2.545644e+01   6.411375e-01
  3.984180e+00   2.514487e+01   6.393483e-01
  3.988868e+00   2.450697e+01   6.332877e-01
  3.993556e+00   2.388291e+01   6.272658e-01
  3.998244e+00   2.357528e+01   6.253405e-01
  4.002932e+00   2.617600e+01   6.611799e-01
  4.007621e+00   2.565943e+01   6.567883e-01
  4.012309e+00   2.449844e+01   6.439248e-01
  4.016997e+00   2.446260e+01   6.456394e-01
  4.021685e+00   2.439192e+01   6.469254e-01
  4.026374e+00   2.408000e+01   6.449518e-01
  4.031062e+00   2.421173e+01   6.488985e-01
  4.035750e+00   2.500111e+01   6.616256e-01
  4.040438e+00   2.513962e+01   6.657500e-01
  4.045127e+00   2.402562e+01   6.530619e-01
  4.049815e+00   2.494104e+01   6.676604e-01
  4.054503e+00   2.629501e+01   6.878808e-01
  4.059191e+00   2.420822e+01   6.623270e-01
  4.063879e+00   2.454345e+01   6.692100e-01
  4.068568e+00   2.482447e+01   6.753443e-01
  4.073256e+00   2.510193e+01   6.814427e-01
  4.077944e+00   2.434778e+01   6.734897e-01
  4.082632e+00   2.421063e+01   6.739241e-01
  4.087321e+00   2.426177e+01   6.770064e-01
  4.092009e+00   2.400128e+01   6.757170e-01
  4.096697e+00   2.395917e+01   6.774988e-01
  4.101385e+00   2.409864e+01   6.818300e-01
  4.106074e+00   2.387148e+01   6.810492e-01
  4.110762e+00   2.551662e+01   7.066478e-01
  4.115450e+00   2.425915e+01   6.914552e-01
  4.120138e+00   2.506454e+01   7.052982e-01
  4.124826e+00   2.506410e+01   7.078359e-01
  4.129515e+00   2.443419e+01   7.014393e-01
  4.134203e+00   2.359624e+01   6.917520e-01
  4.138891e+00   2.400085e+01   7.001959e-01
  4.143579e+00   2.512209e+01   7.189621e-01
  4.148268e+00   2.555950e+01   7.278811e-01
  4.152956e+00   2.495828e+01   7.218819e-01
  4.157644e+00   2.488353e+01   7.233610e-01
  4.162332e+00   2.361340e+01   7.073542e-01
  4.167021e+00   2.474782e+01   7.268189e-01
  4.171709e+00   2.418647e+01   7.211205e-01
  4.176397e+00   2.452313e+01   7.288756e-01
  4.181085e+00   2.438001e+01   7.294583e-01
  4.185773e+00   2.424375e+01   7.302142e-01
  4.190462e+00   2.537062e+01   7.498744e-01
  4.195150e+00   2.615037e+01   7.651013e-01
  4.199838e+00   2.535231e+01   7.554675e-01
  4.204526e+00   2.501926e+01   7.530851e-01
  4.209215e+00   2.552848e+01   7.636489e-01
  4.213903e+00   2.518232e+01   7.613735e-01
  4.218591e+00   2.455824e+01   7.547829e-01
  4.223279e+00   2.405906e+01   7.500194e-01
  4.227967e+00   2.380674e+01   7.489512e-01
  4.232656e+00   2.506873e+01   7.715803e-01
  4.237344e+00   2.462320e+01   7.677540e-01
  4.242032e+00   2.498644e+01   7.764363e-01
  4.246720e+00   2.462945e+01   7.738829e-01
  4.251409e+00   2.425706e+01   7.712302e-01
  4.256097e+00   2.452896e+01   7.785802e-01
  4.260785e+00   2.492350e+01   7.879842e-01
  4.265473e+00   2.490620e+01   7.917010e-01
  4.270162e+00   2.454688e+01   7.899215e-01
  4.274850e+00   2.472253e+01   7.984233e-01
  4.279538e+00   2.576075e+01   8.186772e-01
  4.284226e+00   2.562329e+01   8.163761e-01
  4.288914e+00   2.497616e+01   8.085388e-01
  4.293603e+00   2.487751e+01   8.103817e-01
  4.298291e+00   2.407833e+01   8.007663e-01
  4.302979e+00   2.357895e+01   7.956368e-01
  4.307667e+00   2.479686e+01   8.194747e-01
  4.312356e+00   2.439925e+01   8.164846e-01
  4.317044e+00   2.502763e+01   8.303804e-01
  4.321732e+00   2.498182e+01   8.332945e-01
  4.326420e+00   2.439827e+01   8.272008e-01
  4.331109e+00   2.404136e+01   8.246431e-01
  4.335797e+00   2.579610e+01   8.580513e-01
  4.340485e+00   2.503255e+01   8.498692e-01
  4.345173e+00   2.429840e+01   8.405129e-01
  4.349861e+00   2.523758e+01   8.602456e-01
  4.354550e+00   2.567182e+01   8.716414e-01
  4.359238e+00   2.453471e+01   8.560024e-01
  4.363926e+00   2.477276e+01   8.641125e-01
  4.368614e+00   2.497504e+01   8.716715e-01
  4.373303e+00   2.533892e+01   8.822052e-01
  4.377991e+00   2.670263e+01   9.098675e-01
  4.382679e+00   2.572924e+01   8.973640e-01
  4.387367e+00   2.543204e+01   8.965617e-01
  4.392056e+00   2.446014e+01   8.834579e-01
  4.396744e+00   2.471814e+01   8.923936e-01
  4.401432e+00   2.468422e+01   8.971123e-01
  4.406120e+00   2.587220e+01   9.210384e-01
  4.410808e+00   2.562541e+01   9.172727e-01
  4.415497e+00   2.499001e+01   9.064329e-01
  4.420185e+00   2.404663e+01   8.897089e-01
  4.424873e+00   2.469086e+01   9.022340e-01
  4.429561e+00   2.508019e+01   9.099410e-01
  4.434250e+00   2.608692e+01   9.286676e-01
  4.438938e+00   2.396800e+01   8.908257e-01
  4.443626e+00   2.483796e+01   9.073595e-01
  4.448314e+00   2.524985e+01   9.170406e-01
  4.453002e+00   2.566148e+01   9.289321e-01
  4.457691e+00   2.513639e+01   9.240563e-01
  4.462379e+00   2.410504e+01   9.094692e-01
  4.467067e+00   2.537689e+01   9.379097e-01
  4.471755e+00   2.566502e+01   9.480644e-01
  4.476444e+00   2.508215e+01   9.421585e-01
  4.481132e+00   2.590949e+01   9.625912e-01
  4.485820e+00   2.526119e+01   9.555711e-01
  4.490508e+00   2.442533e+01   9.446227e-01
  4.495197e+00   2.480822e+01   9.571104e-01
  4.499885e+00   2.692293e+01   1.002466e+00
  4.504573e+00   2.481088e+01   9.675990e-01
  4.509261e+00   2.475657e+01   9.719087e-01
  4.513949e+00   2.466369e+01   9.755540e-01
  4.518638e+00   2.469722e+01   9.817324e-01
  4.523326e+00   2.411726e+01   9.756886e-01
  4.528014e+00   2.510354e+01   1.001146e+00
  4.532702e+00   2.600848e+01   1.024930e+00
  4.537391e+00   2.474850e+01   1.005636e+00
  4.542079e+00   2.425313e+01   1.001484e+00
  4.546767e+00   2.525899e+01   1.028183e+00
  4.551455e+00   2.689816e+01   1.067411e+00
  4.556144e+00   2.543681e+01   1.044340e+00
  4.560832e+00   2.469283e+01   1.035286e+00
  4.565520e+00   2.445790e+01   1.036757e+00
  4.570208e+00   2.574722e+01   1.070554e+00
  4.574896e+00   2.494914e+01   1.060630e+00
  4.579585e+00   2.474426e+01   1.063056e+00
  4.584273e+00   2.546138e+01   1.085363e+00
  4.588961e+00   2.578262e+01   1.099378e+00
  4.593649e+00   2.467754e+01   1.082722e+00
  4.598338e+00   2.612151e+01   1.121637e+00
  4.603026e+00   2.464598e+01   1.096937e+00
  4.607714e+00   2.389484e+01   1.087547e+00
  4.612402e+00   2.515541e+01   1.123662e+00
  4.617091e+00   2.530039e+01   1.134863e+00
  4.621779e+00   2.465047e+01   1.128379e+00
  4.626467e+00   2.424920e+01   1.127356e+00
  4.631155e+00   2.557424e+01   1.166266e+00
  4.635843e+00   2.448022e+01   1.149551e+00
  4.640532e+00   2.501581e+01   1.170837e+00
  4.645220e+00   2.694032e+01   1.224537e+00
  4.649908e+00   2.575208e+01   1.206629e+00
  4.654596e+00   2.361932e+01   1.164682e+00
  4.659285e+00   2.514685e+01   1.211365e+00
  4.663973e+00   2.351924e+01   1.181008e+00
  4.668661e+00   2.471116e+01   1.220819e+00
  4.673349e+00   2.398573e+01   1.212858e+00
  4.678037e+00   2.499452e+01   1.248617e+00
  4.682726e+00   2.377501e+01   1.228271e+00
  4.687414e+00   2.424203e+01   1.251267e+00
  4.692102e+00   2.391340e+01   1.254083e+00
  4.696790e+00   2.548145e+01   1.306275e+00
  4.701479e+00   2.611730e+01   1.334657e+00
  4.706167e+00   2.720832e+01   1.375016e+00
  4.710855e+00   2.468236e+01   1.322518e+00
  4.715543e+00   2.570916e+01   1.362918e+00
  4.720232e+00   2.427031e+01   1.337326e+00
  4.724920e+00   2.493994e+01   1.369303e+00
  4.729608e+00   2.571945e+01   1.405147e+00
  4.734296e+00   2.440995e+01   1.383457e+00
  4.738984e+00   2.342994e+01   1.369877e+00
  4.743673e+00   2.296857e+01   1.371110e+00
  4.748361e+00   2.466717e+01   1.437017e+00
  4.753049e+00   2.523614e+01   1.470358e+00
  4.757737e+00   2.578927e+01   1.503664e+00
  4.762426e+00   2.545910e+01   1.511763e+00
  4.767114e+00   2.509165e+01   1.519453e+00
  4.771802e+00   2.484047e+01   1.531175e+00
  4.776490e+00   2.731502e+01   1.626126e+00
  4.781179e+00   2.581564e+01   1.601530e+00
  4.785867e+00   2.586259e+01   1.624966e+00
  4.790555e+00   2.543793e+01   1.634189e+00
  4.795243e+00   2.498194e+01   1.642379e+00
  4.799931e+00   2.713173e+01   1.736471e+00
  4.804620e+00   2.699030e+01   1.758628e+00
  4.809308e+00   2.637224e+01   1.765488e+00
  4.813996e+00   2.612485e+01   1.785090e+00
  4.818684e+00   2.422900e+01   1.747241e+00
  4.823373e+00   2.549108e+01   1.823794e+00
  4.828061e+00   2.641011e+01   1.889336e+00
  4.832749e+00   2.620376e+01   1.916101e+00
  4.837437e+00   2.705374e+01   1.984016e+00
  4.842125e+00   2.513873e+01   1.950990e+00
  4.846814e+00   2.477531e+01   1.976145e+00
  4.851502e+00   2.270032e+01   1.931525e+00
  4.856190e+00   2.170181e+01   1.931558e+00
  4.860878e+00   2.487236e+01   2.116138e+00
  4.865567e+00   2.726601e+01   2.269092e+00
  4.870255e+00   2.281314e+01   2.129178e+00
  4.874943e+00   2.600586e+01   2.336811e+00
  4.879631e+00   2.569385e+01   2.388262e+00
  4.884320e+00   2.465420e+01   2.409313e+00
  4.889008e+00   2.378136e+01   2.444134e+00
  4.893696e+00   2.276494e+01   2.473452e+00
  4.898384e+00   2.695604e+01   2.789358e+00
  4.903072e+00   2.426257e+01   2.751795e+00
  4.907761e+00   2.616380e+01   3.019781e+00
  4.912449e+00   2.033228e+01   3.678241e+00
  4.917137e+00   2.498744e+01   1.120976e+01
