# [1] GI
# Sample c= 1.06 mg/ml
#
# Sample environment:
# Detector = Pilatus
# PixelSize_1 = 0.000172
# PixelSize_2 = 0.000172
#
# title = [1] GI
# Frame 76 of 120
# Time per frame (s) = 1.0
# SampleDistance = 2.869
# WaveLength = 9.919e-11
# Normalization = 0.001062898
# DiodeCurr = 8.646674e-05
# MachCurr = 68.67997
# Mask = /data/bm29/archive/CALIBRATION/MASK/BM29/Pcon_19thNovember2015_7keV_v3.edf
#
# N 3
# L q*nm  I_[1] GI  stddev
#
# Sample Information:
# Storage Temperature (degrees C): 20.0
# Measurement Temperature (degrees C): 20.08
# Concentration: 1.06
# Code: GI
  3.200246e-02   1.494900e+02   1.845489e+01
  3.669069e-02   5.437560e+02   1.597993e+01
  4.137892e-02   8.530768e+02   1.491017e+01
  4.606715e-02   7.851420e+02   1.184391e+01
  5.075538e-02   5.875107e+02   9.306562e+00
  5.544361e-02   4.664482e+02   7.661099e+00
  6.013183e-02   3.894398e+02   6.692702e+00
  6.482006e-02   3.492771e+02   6.081125e+00
  6.950829e-02   3.158999e+02   5.549152e+00
  7.419652e-02   2.866479e+02   5.074126e+00
  7.888475e-02   2.568293e+02   4.643048e+00
  8.357298e-02   2.394946e+02   4.350080e+00
  8.826121e-02   2.290110e+02   4.133332e+00
  9.294944e-02   2.217614e+02   3.948186e+00
  9.763767e-02   2.192907e+02   3.817852e+00
  1.023259e-01   2.077804e+02   3.627872e+00
  1.070141e-01   2.015482e+02   3.491412e+00
  1.117024e-01   2.011567e+02   3.408969e+00
  1.163906e-01   1.982590e+02   3.302383e+00
  1.210788e-01   1.945065e+02   3.206681e+00
  1.257670e-01   1.893177e+02   3.102846e+00
  1.304553e-01   1.802082e+02   2.973955e+00
  1.351435e-01   1.886324e+02   2.981374e+00
  1.398317e-01   1.807774e+02   2.868244e+00
  1.445200e-01   1.765373e+02   2.787564e+00
  1.492082e-01   1.757522e+02   2.736977e+00
  1.538964e-01   1.724670e+02   2.663547e+00
  1.585846e-01   1.751716e+02   2.641762e+00
  1.632729e-01   1.731767e+02   2.588527e+00
  1.679611e-01   1.692906e+02   2.523298e+00
  1.726493e-01   1.681908e+02   2.477820e+00
  1.773376e-01   1.698767e+02   2.452989e+00
  1.820258e-01   1.649667e+02   2.386236e+00
  1.867140e-01   1.617516e+02   2.333133e+00
  1.914022e-01   1.602707e+02   2.293107e+00
  1.960905e-01   1.584534e+02   2.248336e+00
  2.007787e-01   1.603223e+02   2.237433e+00
  2.054669e-01   1.582399e+02   2.197493e+00
  2.101552e-01   1.563947e+02   2.160170e+00
  2.148434e-01   1.579733e+02   2.143242e+00
  2.195316e-01   1.553474e+02   2.102144e+00
  2.242199e-01   1.530831e+02   2.065130e+00
  2.289081e-01   1.497875e+02   2.021836e+00
  2.335963e-01   1.497290e+02   1.998772e+00
  2.382845e-01   1.481597e+02   1.967337e+00
  2.429728e-01   1.492016e+02   1.955390e+00
  2.476610e-01   1.494026e+02   1.938273e+00
  2.523492e-01   1.478697e+02   1.909311e+00
  2.570375e-01   1.419690e+02   1.851651e+00
  2.617257e-01   1.412575e+02   1.830697e+00
  2.664139e-01   1.406037e+02   1.810531e+00
  2.711021e-01   1.405683e+02   1.794653e+00
  2.757904e-01   1.390985e+02   1.768119e+00
  2.804786e-01   1.367304e+02   1.739143e+00
  2.851668e-01   1.392807e+02   1.741060e+00
  2.898551e-01   1.370658e+02   1.712242e+00
  2.945433e-01   1.345848e+02   1.683006e+00
  2.992315e-01   1.350470e+02   1.710116e+00
  3.039197e-01   1.293314e+02   1.686757e+00
  3.086080e-01   1.281995e+02   1.684226e+00
  3.132962e-01   1.288993e+02   1.689697e+00
  3.179844e-01   1.264860e+02   1.673477e+00
  3.226727e-01   1.247519e+02   1.661919e+00
  3.273609e-01   1.243352e+02   1.657291e+00
  3.320491e-01   1.227324e+02   1.643617e+00
  3.367374e-01   1.211422e+02   1.628636e+00
  3.414256e-01   1.190832e+02   1.611455e+00
  3.461138e-01   1.179721e+02   1.600641e+00
  3.508020e-01   1.158322e+02   1.582244e+00
  3.554903e-01   1.167015e+02   1.582243e+00
  3.601785e-01   1.126059e+02   1.551264e+00
  3.648667e-01   1.132437e+02   1.566859e+00
  3.695550e-01   1.134865e+02   1.604064e+00
  3.742432e-01   1.087620e+02   1.588068e+00
  3.789314e-01   1.091499e+02   1.605922e+00
  3.836196e-01   1.087387e+02   1.613157e+00
  3.883079e-01   1.070348e+02   1.609163e+00
  3.929961e-01   1.092062e+02   1.640250e+00
  3.976843e-01   1.063289e+02   1.640492e+00
  4.023726e-01   1.021448e+02   1.623838e+00
  4.070608e-01   1.044468e+02   1.648726e+00
  4.117490e-01   1.007990e+02   1.622863e+00
  4.164372e-01   1.009746e+02   1.627004e+00
  4.211255e-01   1.001683e+02   1.623735e+00
  4.258137e-01   9.796270e+01   1.607115e+00
  4.305019e-01   9.489252e+01   1.580255e+00
  4.351902e-01   9.389233e+01   1.568664e+00
  4.398784e-01   9.599873e+01   1.584242e+00
  4.445666e-01   9.274738e+01   1.575022e+00
  4.492548e-01   9.038891e+01   1.607961e+00
  4.539431e-01   8.781161e+01   1.615374e+00
  4.586313e-01   9.112809e+01   1.670411e+00
  4.633195e-01   8.861067e+01   1.669206e+00
  4.680078e-01   8.468319e+01   1.651064e+00
  4.726960e-01   8.313988e+01   1.653438e+00
  4.773842e-01   8.700143e+01   1.708222e+00
  4.820725e-01   8.424385e+01   1.697085e+00
  4.867607e-01   8.196884e+01   1.690000e+00
  4.914489e-01   8.110914e+01   1.695791e+00
  4.961371e-01   8.252310e+01   1.724603e+00
  5.008254e-01   8.203616e+01   1.733640e+00
  5.055136e-01   7.856116e+01   1.710735e+00
  5.102018e-01   7.972739e+01   1.683863e+00
  5.148901e-01   8.049934e+01   1.632877e+00
  5.195783e-01   7.693860e+01   1.569525e+00
  5.242665e-01   7.441582e+01   1.525481e+00
  5.289547e-01   7.429014e+01   1.509704e+00
  5.336430e-01   7.232676e+01   1.476705e+00
  5.383312e-01   7.151217e+01   1.457687e+00
  5.430194e-01   7.408152e+01   1.474709e+00
  5.477077e-01   7.256026e+01   1.451387e+00
  5.523959e-01   6.741493e+01   1.391191e+00
  5.570841e-01   6.643520e+01   1.373502e+00
  5.617723e-01   6.532509e+01   1.356208e+00
  5.664606e-01   6.580622e+01   1.355218e+00
  5.711488e-01   6.551011e+01   1.346828e+00
  5.758370e-01   6.483536e+01   1.332395e+00
  5.805253e-01   6.514789e+01   1.327364e+00
  5.852135e-01   6.374093e+01   1.304544e+00
  5.899017e-01   6.139691e+01   1.271467e+00
  5.945900e-01   6.211178e+01   1.268585e+00
  5.992782e-01   6.166363e+01   1.255866e+00
  6.039664e-01   5.980765e+01   1.229559e+00
  6.086546e-01   5.776898e+01   1.201221e+00
  6.133429e-01   5.842053e+01   1.200180e+00
  6.180311e-01   5.909257e+01   1.199939e+00
  6.227193e-01   5.736976e+01   1.175806e+00
  6.274076e-01   5.597194e+01   1.156545e+00
  6.320958e-01   5.581585e+01   1.151715e+00
  6.367840e-01   5.594533e+01   1.149739e+00
  6.414722e-01   5.398327e+01   1.127127e+00
  6.461605e-01   5.403231e+01   1.125026e+00
  6.508487e-01   5.381452e+01   1.120352e+00
  6.555369e-01   5.294680e+01   1.107961e+00
  6.602252e-01   5.024175e+01   1.077001e+00
  6.649134e-01   5.130366e+01   1.086056e+00
  6.696016e-01   5.045032e+01   1.074750e+00
  6.742898e-01   4.956212e+01   1.062266e+00
  6.789781e-01   4.952547e+01   1.059564e+00
  6.836663e-01   4.984971e+01   1.060786e+00
  6.883545e-01   5.055550e+01   1.066287e+00
  6.930428e-01   4.819909e+01   1.038307e+00
  6.977310e-01   4.774909e+01   1.031102e+00
  7.024192e-01   4.792593e+01   1.030932e+00
  7.071074e-01   4.738311e+01   1.023116e+00
  7.117957e-01   4.648661e+01   1.011088e+00
  7.164839e-01   4.630155e+01   1.006460e+00
  7.211721e-01   4.577587e+01   9.988369e-01
  7.258604e-01   4.563314e+01   9.952440e-01
  7.305486e-01   4.662009e+01   1.004245e+00
  7.352368e-01   4.413573e+01   9.741108e-01
  7.399251e-01   4.342934e+01   9.647207e-01
  7.446133e-01   4.340032e+01   9.626725e-01
  7.493015e-01   4.257402e+01   9.523594e-01
  7.539897e-01   4.175278e+01   9.403938e-01
  7.586780e-01   4.170971e+01   9.374844e-01
  7.633662e-01   4.193779e+01   9.381960e-01
  7.680544e-01   4.223805e+01   9.399086e-01
  7.727427e-01   4.191765e+01   9.342123e-01
  7.774309e-01   4.113141e+01   9.232589e-01
  7.821191e-01   4.113117e+01   9.216459e-01
  7.868073e-01   4.008046e+01   9.081706e-01
  7.914956e-01   3.804314e+01   8.828949e-01
  7.961838e-01   3.869823e+01   8.884414e-01
  8.008720e-01   4.007890e+01   9.024921e-01
  8.055603e-01   3.895231e+01   8.880497e-01
  8.102485e-01   3.765001e+01   8.716202e-01
  8.149367e-01   3.828701e+01   8.767171e-01
  8.196249e-01   3.769233e+01   8.682296e-01
  8.243132e-01   3.652562e+01   8.533250e-01
  8.290014e-01   3.677116e+01   8.546005e-01
  8.336896e-01   3.671890e+01   8.520187e-01
  8.383779e-01   3.581223e+01   8.398294e-01
  8.430661e-01   3.594406e+01   8.399442e-01
  8.477543e-01   3.560917e+01   8.344907e-01
  8.524425e-01   3.589023e+01   8.361412e-01
  8.571308e-01   3.523686e+01   8.271592e-01
  8.618190e-01   3.449547e+01   8.167429e-01
  8.665072e-01   3.557491e+01   8.277856e-01
  8.711955e-01   3.557047e+01   8.262542e-01
  8.758837e-01   3.445372e+01   8.113369e-01
  8.805719e-01   3.511411e+01   8.176400e-01
  8.852602e-01   3.593639e+01   8.258356e-01
  8.899484e-01   3.439929e+01   8.066630e-01
  8.946366e-01   3.296922e+01   7.877083e-01
  8.993248e-01   3.497099e+01   8.100938e-01
  9.040131e-01   3.288590e+01   7.841374e-01
  9.087013e-01   3.211720e+01   7.737096e-01
  9.133895e-01   3.309883e+01   7.837058e-01
  9.180778e-01   3.356382e+01   7.878696e-01
  9.227660e-01   3.325055e+01   7.827170e-01
  9.274542e-01   3.228379e+01   7.701108e-01
  9.321424e-01   3.152077e+01   7.595233e-01
  9.368307e-01   3.093979e+01   7.508860e-01
  9.415189e-01   3.211789e+01   7.638634e-01
  9.462071e-01   3.285311e+01   7.713935e-01
  9.508954e-01   3.074958e+01   7.448919e-01
  9.555836e-01   3.079589e+01   7.439194e-01
  9.602718e-01   3.090573e+01   7.440516e-01
  9.649600e-01   3.071841e+01   7.406037e-01
  9.696483e-01   3.248854e+01   7.604988e-01
  9.743365e-01   3.168209e+01   7.492528e-01
  9.790247e-01   3.155833e+01   7.467123e-01
  9.837130e-01   3.103760e+01   7.392766e-01
  9.884012e-01   3.070711e+01   7.342099e-01
  9.930894e-01   3.157662e+01   7.430637e-01
  9.977777e-01   3.104177e+01   7.354389e-01
  1.002466e+00   3.119331e+01   7.361239e-01
  1.007154e+00   3.027492e+01   7.240245e-01
  1.011842e+00   2.940096e+01   7.123238e-01
  1.016531e+00   3.032185e+01   7.219439e-01
  1.021219e+00   3.050160e+01   7.229368e-01
  1.025907e+00   3.005346e+01   7.166101e-01
  1.030595e+00   3.101673e+01   7.268506e-01
  1.035283e+00   3.045232e+01   7.186016e-01
  1.039972e+00   3.013269e+01   7.138516e-01
  1.044660e+00   3.018312e+01   7.134393e-01
  1.049348e+00   2.960200e+01   7.053161e-01
  1.054036e+00   2.949957e+01   7.027557e-01
  1.058725e+00   2.955925e+01   7.024154e-01
  1.063413e+00   3.006860e+01   7.073205e-01
  1.068101e+00   3.041063e+01   7.103215e-01
  1.072789e+00   2.950845e+01   6.983929e-01
  1.077478e+00   2.964839e+01   6.989039e-01
  1.082166e+00   2.914352e+01   6.918501e-01
  1.086854e+00   2.939463e+01   6.938287e-01
  1.091542e+00   2.992698e+01   6.990268e-01
  1.096230e+00   2.878225e+01   6.841304e-01
  1.100919e+00   2.886497e+01   6.841584e-01
  1.105607e+00   3.013136e+01   6.980727e-01
  1.110295e+00   2.997239e+01   6.951385e-01
  1.114983e+00   2.971426e+01   6.909949e-01
  1.119672e+00   2.970826e+01   6.899439e-01
  1.124360e+00   2.851944e+01   6.748661e-01
  1.129048e+00   2.831346e+01   6.714143e-01
  1.133736e+00   2.836711e+01   6.708109e-01
  1.138425e+00   2.740164e+01   6.583069e-01
  1.143113e+00   2.849353e+01   6.703005e-01
  1.147801e+00   2.790173e+01   6.624710e-01
  1.152489e+00   2.889176e+01   6.728972e-01
  1.157177e+00   2.925648e+01   6.759783e-01
  1.161866e+00   2.849730e+01   6.663374e-01
  1.166554e+00   2.738414e+01   6.522420e-01
  1.171242e+00   2.861185e+01   6.655871e-01
  1.175930e+00   2.895829e+01   6.685479e-01
  1.180619e+00   2.868164e+01   6.643928e-01
  1.185307e+00   2.850284e+01   6.613589e-01
  1.189995e+00   2.947938e+01   6.717408e-01
  1.194683e+00   2.886639e+01   6.634274e-01
  1.199372e+00   2.829695e+01   6.559495e-01
  1.204060e+00   2.891750e+01   6.623807e-01
  1.208748e+00   2.876114e+01   6.600472e-01
  1.213436e+00   2.886405e+01   6.597037e-01
  1.218124e+00   2.784797e+01   6.468958e-01
  1.222813e+00   2.813064e+01   6.492519e-01
  1.227501e+00   2.817891e+01   6.490396e-01
  1.232189e+00   2.806946e+01   6.466909e-01
  1.236877e+00   2.803105e+01   6.451620e-01
  1.241566e+00   2.785757e+01   6.423954e-01
  1.246254e+00   2.785067e+01   6.414904e-01
  1.250942e+00   2.724154e+01   6.483439e-01
  1.255630e+00   2.910680e+01   6.883113e-01
  1.260318e+00   2.898510e+01   6.983425e-01
  1.265007e+00   2.834257e+01   6.997024e-01
  1.269695e+00   2.803441e+01   7.038431e-01
  1.274383e+00   2.944300e+01   7.286249e-01
  1.279071e+00   2.747626e+01   7.106578e-01
  1.283760e+00   2.826453e+01   7.271364e-01
  1.288448e+00   2.813400e+01   7.315102e-01
  1.293136e+00   2.752094e+01   7.292148e-01
  1.297824e+00   2.761206e+01   7.359018e-01
  1.302513e+00   2.787547e+01   7.438050e-01
  1.307201e+00   2.686647e+01   7.323216e-01
  1.311889e+00   2.682996e+01   7.324916e-01
  1.316577e+00   2.900985e+01   7.323948e-01
  1.321265e+00   2.839909e+01   7.066716e-01
  1.325954e+00   2.760686e+01   6.855198e-01
  1.330642e+00   2.805224e+01   6.822361e-01
  1.335330e+00   2.707311e+01   6.629045e-01
  1.340018e+00   2.849573e+01   6.737790e-01
  1.344707e+00   2.854812e+01   6.687493e-01
  1.349395e+00   2.772072e+01   6.540993e-01
  1.354083e+00   2.830399e+01   6.559334e-01
  1.358771e+00   2.815585e+01   6.498731e-01
  1.363460e+00   2.774935e+01   6.416389e-01
  1.368148e+00   2.791430e+01   6.417283e-01
  1.372836e+00   2.734318e+01   6.334077e-01
  1.377524e+00   2.736053e+01   6.321633e-01
  1.382212e+00   2.745213e+01   6.319707e-01
  1.386901e+00   2.811947e+01   6.382694e-01
  1.391589e+00   2.713004e+01   6.255504e-01
  1.396277e+00   2.726222e+01   6.257520e-01
  1.400965e+00   2.667148e+01   6.177951e-01
  1.405654e+00   2.696391e+01   6.200419e-01
  1.410342e+00   2.785298e+01   6.290144e-01
  1.415030e+00   2.736309e+01   6.220891e-01
  1.419718e+00   2.789427e+01   6.270437e-01
  1.424406e+00   2.794794e+01   6.266780e-01
  1.429095e+00   2.768568e+01   6.226348e-01
  1.433783e+00   2.732461e+01   6.172521e-01
  1.438471e+00   2.695988e+01   6.121706e-01
  1.443159e+00   2.737836e+01   6.159598e-01
  1.447848e+00   2.655823e+01   6.056707e-01
  1.452536e+00   2.581378e+01   5.959982e-01
  1.457224e+00   2.731317e+01   6.120811e-01
  1.461912e+00   2.717150e+01   6.095977e-01
  1.466601e+00   2.699735e+01   6.067170e-01
  1.471289e+00   2.770499e+01   6.135718e-01
  1.475977e+00   2.759380e+01   6.116294e-01
  1.480665e+00   2.723178e+01   6.064319e-01
  1.485353e+00   2.687004e+01   6.109699e-01
  1.490042e+00   2.722194e+01   6.338302e-01
  1.494730e+00   2.762428e+01   6.497654e-01
  1.499418e+00   2.789057e+01   6.612870e-01
  1.504106e+00   2.762439e+01   6.657338e-01
  1.508795e+00   2.698810e+01   6.650062e-01
  1.513483e+00   2.764670e+01   6.560153e-01
  1.518171e+00   2.744042e+01   6.389616e-01
  1.522859e+00   2.753598e+01   6.312835e-01
  1.527548e+00   2.662820e+01   6.141543e-01
  1.532236e+00   2.769912e+01   6.203829e-01
  1.536924e+00   2.701044e+01   6.077512e-01
  1.541612e+00   2.692580e+01   6.035948e-01
  1.546300e+00   2.649242e+01   5.972717e-01
  1.550989e+00   2.646578e+01   5.948449e-01
  1.555677e+00   2.670122e+01   5.944364e-01
  1.560365e+00   2.716124e+01   5.967332e-01
  1.565053e+00   2.753646e+01   5.980734e-01
  1.569742e+00   2.722205e+01   5.922423e-01
  1.574430e+00   2.697135e+01   5.882692e-01
  1.579118e+00   2.643391e+01   5.828138e-01
  1.583806e+00   2.745066e+01   5.945953e-01
  1.588495e+00   2.640050e+01   5.837952e-01
  1.593183e+00   2.724422e+01   5.933307e-01
  1.597871e+00   2.722489e+01   5.927541e-01
  1.602559e+00   2.753422e+01   5.952390e-01
  1.607247e+00   2.674638e+01   5.857328e-01
  1.611936e+00   2.700832e+01   5.874682e-01
  1.616624e+00   2.682756e+01   5.846755e-01
  1.621312e+00   2.675242e+01   5.830130e-01
  1.626000e+00   2.595399e+01   5.733778e-01
  1.630689e+00   2.672798e+01   5.809305e-01
  1.635377e+00   2.674261e+01   5.802292e-01
  1.640065e+00   2.749879e+01   5.875176e-01
  1.644753e+00   2.702252e+01   5.816132e-01
  1.649441e+00   2.687355e+01   5.791852e-01
  1.654130e+00   2.707773e+01   5.804524e-01
  1.658818e+00   2.615917e+01   5.697202e-01
  1.663506e+00   2.657339e+01   5.734617e-01
  1.668194e+00   2.657416e+01   5.727503e-01
  1.672883e+00   2.663306e+01   5.723931e-01
  1.677571e+00   2.758207e+01   5.817415e-01
  1.682259e+00   2.607616e+01   5.649600e-01
  1.686947e+00   2.708602e+01   5.750656e-01
  1.691636e+00   2.638468e+01   5.666447e-01
  1.696324e+00   2.640893e+01   5.661460e-01
  1.701012e+00   2.663043e+01   5.678245e-01
  1.705700e+00   2.732154e+01   5.744664e-01
  1.710388e+00   2.641763e+01   5.640462e-01
  1.715077e+00   2.624346e+01   5.613966e-01
  1.719765e+00   2.569973e+01   5.548627e-01
  1.724453e+00   2.708419e+01   5.689643e-01
  1.729141e+00   2.749548e+01   5.725098e-01
  1.733830e+00   2.603924e+01   5.562868e-01
  1.738518e+00   2.620517e+01   5.574253e-01
  1.743206e+00   2.609321e+01   5.555653e-01
  1.747894e+00   2.656342e+01   5.599558e-01
  1.752583e+00   2.605265e+01   5.539479e-01
  1.757271e+00   2.671953e+01   5.601301e-01
  1.761959e+00   2.662690e+01   5.584128e-01
  1.766647e+00   2.638375e+01   5.551640e-01
  1.771335e+00   2.628741e+01   5.533955e-01
  1.776024e+00   2.581273e+01   5.476850e-01
  1.780712e+00   2.610221e+01   5.500923e-01
  1.785400e+00   2.656229e+01   5.543091e-01
  1.790088e+00   2.607831e+01   5.485613e-01
  1.794777e+00   2.614512e+01   5.484946e-01
  1.799465e+00   2.659868e+01   5.525516e-01
  1.804153e+00   2.641084e+01   5.500801e-01
  1.808841e+00   2.613809e+01   5.465763e-01
  1.813530e+00   2.574034e+01   5.415710e-01
  1.818218e+00   2.617752e+01   5.455636e-01
  1.822906e+00   2.688142e+01   5.523071e-01
  1.827594e+00   2.579178e+01   5.403881e-01
  1.832282e+00   2.593488e+01   5.409949e-01
  1.836971e+00   2.637632e+01   5.450710e-01
  1.841659e+00   2.631851e+01   5.439213e-01
  1.846347e+00   2.651448e+01   5.453038e-01
  1.851035e+00   2.680647e+01   5.474986e-01
  1.855724e+00   2.674371e+01   5.463011e-01
  1.860412e+00   2.634596e+01   5.416647e-01
  1.865100e+00   2.649960e+01   5.426145e-01
  1.869788e+00   2.662557e+01   5.431706e-01
  1.874476e+00   2.650131e+01   5.412950e-01
  1.879165e+00   2.653596e+01   5.411098e-01
  1.883853e+00   2.593713e+01   5.343512e-01
  1.888541e+00   2.648179e+01   5.392906e-01
  1.893229e+00   2.662006e+01   5.403193e-01
  1.897918e+00   2.601380e+01   5.335066e-01
  1.902606e+00   2.639612e+01   5.366158e-01
  1.907294e+00   2.646854e+01   5.368186e-01
  1.911982e+00   2.623160e+01   5.336444e-01
  1.916671e+00   2.704007e+01   5.412661e-01
  1.921359e+00   2.587772e+01   5.289627e-01
  1.926047e+00   2.590248e+01   5.286815e-01
  1.930735e+00   2.698846e+01   5.388997e-01
  1.935423e+00   2.646905e+01   5.331436e-01
  1.940112e+00   2.672031e+01   5.350150e-01
  1.944800e+00   2.647005e+01   5.313121e-01
  1.949488e+00   2.605820e+01   5.258102e-01
  1.954176e+00   2.639475e+01   5.280252e-01
  1.958865e+00   2.667628e+01   5.296603e-01
  1.963553e+00   2.591645e+01   5.211463e-01
  1.968241e+00   2.594997e+01   5.209568e-01
  1.972929e+00   2.579390e+01   5.187366e-01
  1.977618e+00   2.542185e+01   5.145683e-01
  1.982306e+00   2.538906e+01   5.139510e-01
  1.986994e+00   2.563406e+01   5.163482e-01
  1.991682e+00   2.622131e+01   5.222698e-01
  1.996370e+00   2.587517e+01   5.189521e-01
  2.001059e+00   2.607974e+01   5.211592e-01
  2.005747e+00   2.637094e+01   5.238937e-01
  2.010435e+00   2.602469e+01   5.196016e-01
  2.015123e+00   2.686399e+01   5.273532e-01
  2.019812e+00   2.635153e+01   5.217872e-01
  2.024500e+00   2.620407e+01   5.198687e-01
  2.029188e+00   2.577472e+01   5.149588e-01
  2.033876e+00   2.567522e+01   5.133923e-01
  2.038565e+00   2.628845e+01   5.189414e-01
  2.043253e+00   2.628340e+01   5.185031e-01
  2.047941e+00   2.704810e+01   5.253863e-01
  2.052629e+00   2.701957e+01   5.263813e-01
  2.057317e+00   2.613288e+01   5.327998e-01
  2.062006e+00   2.614975e+01   5.426496e-01
  2.066694e+00   2.656892e+01   5.542536e-01
  2.071382e+00   2.613168e+01   5.555754e-01
  2.076070e+00   2.567061e+01   5.560228e-01
  2.080759e+00   2.529278e+01   5.568256e-01
  2.085447e+00   2.646581e+01   5.739707e-01
  2.090135e+00   2.594485e+01   5.704353e-01
  2.094823e+00   2.580914e+01   5.705684e-01
  2.099511e+00   2.511917e+01   5.644765e-01
  2.104200e+00   2.593471e+01   5.750548e-01
  2.108888e+00   2.568621e+01   5.735667e-01
  2.113576e+00   2.565133e+01   5.744419e-01
  2.118264e+00   2.602479e+01   5.729678e-01
  2.122953e+00   2.623674e+01   5.570799e-01
  2.127641e+00   2.584206e+01   5.437223e-01
  2.132329e+00   2.611949e+01   5.399934e-01
  2.137017e+00   2.584554e+01   5.320852e-01
  2.141706e+00   2.565304e+01   5.257107e-01
  2.146394e+00   2.595654e+01   5.249431e-01
  2.151082e+00   2.583944e+01   5.208745e-01
  2.155770e+00   2.576606e+01   5.190009e-01
  2.160458e+00   2.532286e+01   5.133256e-01
  2.165147e+00   2.539638e+01   5.129967e-01
  2.169835e+00   2.602992e+01   5.181438e-01
  2.174523e+00   2.594736e+01   5.164192e-01
  2.179211e+00   2.610485e+01   5.170631e-01
  2.183900e+00   2.594623e+01   5.145819e-01
  2.188588e+00   2.625006e+01   5.166385e-01
  2.193276e+00   2.620027e+01   5.152867e-01
  2.197964e+00   2.603744e+01   5.129323e-01
  2.202653e+00   2.501497e+01   5.019647e-01
  2.207341e+00   2.604099e+01   5.113505e-01
  2.212029e+00   2.583405e+01   5.085269e-01
  2.216717e+00   2.655102e+01   5.148599e-01
  2.221405e+00   2.608408e+01   5.095598e-01
  2.226094e+00   2.655094e+01   5.133944e-01
  2.230782e+00   2.603802e+01   5.076843e-01
  2.235470e+00   2.656598e+01   5.121252e-01
  2.240158e+00   2.597764e+01   5.057651e-01
  2.244847e+00   2.533603e+01   4.988922e-01
  2.249535e+00   2.560132e+01   5.007464e-01
  2.254223e+00   2.582188e+01   5.022480e-01
  2.258911e+00   2.590351e+01   5.024825e-01
  2.263600e+00   2.560205e+01   4.989697e-01
  2.268288e+00   2.562609e+01   4.985127e-01
  2.272976e+00   2.638738e+01   5.052032e-01
  2.277664e+00   2.563365e+01   4.974100e-01
  2.282352e+00   2.655611e+01   5.057267e-01
  2.287041e+00   2.601201e+01   4.999003e-01
  2.291729e+00   2.619188e+01   5.009256e-01
  2.296417e+00   2.615922e+01   5.001456e-01
  2.301105e+00   2.565564e+01   4.947580e-01
  2.305794e+00   2.508092e+01   4.886290e-01
  2.310482e+00   2.591412e+01   4.959939e-01
  2.315170e+00   2.585497e+01   4.949703e-01
  2.319858e+00   2.579992e+01   4.939290e-01
  2.324546e+00   2.557906e+01   4.912588e-01
  2.329235e+00   2.551530e+01   4.899898e-01
  2.333923e+00   2.548804e+01   4.892719e-01
  2.338611e+00   2.553698e+01   4.892426e-01
  2.343299e+00   2.625090e+01   4.955246e-01
  2.347988e+00   2.654599e+01   4.976377e-01
  2.352676e+00   2.601846e+01   4.922159e-01
  2.357364e+00   2.548928e+01   4.866967e-01
  2.362052e+00   2.620798e+01   4.929914e-01
  2.366741e+00   2.564316e+01   4.870969e-01
  2.371429e+00   2.575973e+01   4.876772e-01
  2.376117e+00   2.570335e+01   4.867006e-01
  2.380805e+00   2.560286e+01   4.852353e-01
  2.385493e+00   2.599142e+01   4.883828e-01
  2.390182e+00   2.562690e+01   4.844454e-01
  2.394870e+00   2.542290e+01   4.819923e-01
  2.399558e+00   2.594432e+01   4.865040e-01
  2.404246e+00   2.529570e+01   4.798728e-01
  2.408935e+00   2.525936e+01   4.790012e-01
  2.413623e+00   2.553736e+01   4.811485e-01
  2.418311e+00   2.569721e+01   4.822026e-01
  2.422999e+00   2.587927e+01   4.835103e-01
  2.427688e+00   2.531550e+01   4.775880e-01
  2.432376e+00   2.548034e+01   4.787311e-01
  2.437064e+00   2.663148e+01   4.889179e-01
  2.441752e+00   2.557331e+01   4.787782e-01
  2.446440e+00   2.596095e+01   4.817613e-01
  2.451129e+00   2.568286e+01   4.787478e-01
  2.455817e+00   2.537251e+01   4.754888e-01
  2.460505e+00   2.538988e+01   4.752563e-01
  2.465193e+00   2.589774e+01   4.793644e-01
  2.469882e+00   2.532016e+01   4.734996e-01
  2.474570e+00   2.547152e+01   4.744945e-01
  2.479258e+00   2.630837e+01   4.818355e-01
  2.483946e+00   2.582001e+01   4.768703e-01
  2.488634e+00   2.538590e+01   4.723054e-01
  2.493323e+00   2.559331e+01   4.738423e-01
  2.498011e+00   2.565981e+01   4.740646e-01
  2.502699e+00   2.438413e+01   4.616796e-01
  2.507387e+00   2.489262e+01   4.659647e-01
  2.512076e+00   2.540027e+01   4.702717e-01
  2.516764e+00   2.576448e+01   4.732558e-01
  2.521452e+00   2.582110e+01   4.733350e-01
  2.526140e+00   2.525487e+01   4.676201e-01
  2.530829e+00   2.545580e+01   4.690402e-01
  2.535517e+00   2.595094e+01   4.729440e-01
  2.540205e+00   2.552311e+01   4.681176e-01
  2.544893e+00   2.541233e+01   4.660865e-01
  2.549581e+00   2.574886e+01   4.683326e-01
  2.554270e+00   2.584809e+01   4.687888e-01
  2.558958e+00   2.534385e+01   4.637922e-01
  2.563646e+00   2.538848e+01   4.637924e-01
  2.568334e+00   2.546674e+01   4.640307e-01
  2.573023e+00   2.522274e+01   4.614245e-01
  2.577711e+00   2.534082e+01   4.621155e-01
  2.582399e+00   2.580898e+01   4.659809e-01
  2.587087e+00   2.539550e+01   4.619209e-01
  2.591776e+00   2.528158e+01   4.609481e-01
  2.596464e+00   2.531658e+01   4.614401e-01
  2.601152e+00   2.491011e+01   4.577836e-01
  2.605840e+00   2.496601e+01   4.578800e-01
  2.610528e+00   2.521152e+01   4.597195e-01
  2.615217e+00   2.482220e+01   4.557944e-01
  2.619905e+00   2.569599e+01   4.634242e-01
  2.624593e+00   2.554646e+01   4.615451e-01
  2.629281e+00   2.556134e+01   4.613045e-01
  2.633970e+00   2.543164e+01   4.597377e-01
  2.638658e+00   2.541580e+01   4.592777e-01
  2.643346e+00   2.561268e+01   4.605909e-01
  2.648034e+00   2.589841e+01   4.627966e-01
  2.652723e+00   2.541598e+01   4.580854e-01
  2.657411e+00   2.533862e+01   4.569783e-01
  2.662099e+00   2.561147e+01   4.590224e-01
  2.666787e+00   2.541195e+01   4.567591e-01
  2.671475e+00   2.564602e+01   4.584881e-01
  2.676164e+00   2.515689e+01   4.538099e-01
  2.680852e+00   2.559772e+01   4.574493e-01
  2.685540e+00   2.515839e+01   4.529828e-01
  2.690228e+00   2.541726e+01   4.548815e-01
  2.694917e+00   2.486775e+01   4.497213e-01
  2.699605e+00   2.529967e+01   4.532370e-01
  2.704293e+00   2.547154e+01   4.542186e-01
  2.708981e+00   2.493715e+01   4.490629e-01
  2.713669e+00   2.487622e+01   4.482113e-01
  2.718358e+00   2.504101e+01   4.493153e-01
  2.723046e+00   2.565825e+01   4.543833e-01
  2.727734e+00   2.593613e+01   4.564320e-01
  2.732422e+00   2.532812e+01   4.507472e-01
  2.737111e+00   2.511542e+01   4.484918e-01
  2.741799e+00   2.517416e+01   4.486044e-01
  2.746487e+00   2.508721e+01   4.474166e-01
  2.751175e+00   2.549773e+01   4.507477e-01
  2.755864e+00   2.551034e+01   4.505146e-01
  2.760552e+00   2.499843e+01   4.455815e-01
  2.765240e+00   2.526675e+01   4.475456e-01
  2.769928e+00   2.589072e+01   4.526952e-01
  2.774616e+00   2.482041e+01   4.429505e-01
  2.779305e+00   2.537257e+01   4.474474e-01
  2.783993e+00   2.464352e+01   4.405647e-01
  2.788681e+00   2.490512e+01   4.425798e-01
  2.793369e+00   2.579468e+01   4.501861e-01
  2.798058e+00   2.549571e+01   4.471008e-01
  2.802746e+00   2.533201e+01   4.454584e-01
  2.807434e+00   2.528182e+01   4.447656e-01
  2.812122e+00   2.515808e+01   4.430752e-01
  2.816811e+00   2.516634e+01   4.428511e-01
  2.821499e+00   2.562991e+01   4.464744e-01
  2.826187e+00   2.599719e+01   4.492572e-01
  2.830875e+00   2.486090e+01   4.390009e-01
  2.835563e+00   2.487380e+01   4.388139e-01
  2.840252e+00   2.556278e+01   4.443960e-01
  2.844940e+00   2.550978e+01   4.436217e-01
  2.849628e+00   2.503666e+01   4.391486e-01
  2.854316e+00   2.492199e+01   4.378267e-01
  2.859005e+00   2.561167e+01   4.513119e-01
  2.863693e+00   2.617363e+01   4.662431e-01
  2.868381e+00   2.520865e+01   4.636078e-01
  2.873069e+00   2.554425e+01   4.717434e-01
  2.877758e+00   2.519010e+01   4.725467e-01
  2.882446e+00   2.548972e+01   4.783123e-01
  2.887134e+00   2.506415e+01   4.758766e-01
  2.891822e+00   2.517231e+01   4.782943e-01
  2.896510e+00   2.508346e+01   4.787730e-01
  2.901199e+00   2.561708e+01   4.849718e-01
  2.905887e+00   2.559682e+01   4.859933e-01
  2.910575e+00   2.448283e+01   4.763485e-01
  2.915263e+00   2.424325e+01   4.749835e-01
  2.919952e+00   2.536676e+01   4.864125e-01
  2.924640e+00   2.510637e+01   4.708300e-01
  2.929328e+00   2.587654e+01   4.695484e-01
  2.934016e+00   2.584246e+01   4.638707e-01
  2.938704e+00   2.560217e+01   4.575400e-01
  2.943393e+00   2.470336e+01   4.461964e-01
  2.948081e+00   2.540592e+01   4.507339e-01
  2.952769e+00   2.506078e+01   4.465469e-01
  2.957457e+00   2.499734e+01   4.450804e-01
  2.962146e+00   2.606067e+01   4.534777e-01
  2.966834e+00   2.504801e+01   4.438913e-01
  2.971522e+00   2.539362e+01   4.460673e-01
  2.976210e+00   2.588598e+01   4.496703e-01
  2.980899e+00   2.469772e+01   4.384941e-01
  2.985587e+00   2.519322e+01   4.421996e-01
  2.990275e+00   2.558496e+01   4.449806e-01
  2.994963e+00   2.511798e+01   4.403695e-01
  2.999651e+00   2.476223e+01   4.366114e-01
  3.004340e+00   2.471617e+01   4.356173e-01
  3.009028e+00   2.560830e+01   4.428529e-01
  3.013716e+00   2.476057e+01   4.349822e-01
  3.018404e+00   2.496437e+01   4.362388e-01
  3.023093e+00   2.516644e+01   4.374458e-01
  3.027781e+00   2.482124e+01   4.339282e-01
  3.032469e+00   2.566500e+01   4.407961e-01
  3.037157e+00   2.534849e+01   4.376249e-01
  3.041846e+00   2.532649e+01   4.368811e-01
  3.046534e+00   2.560876e+01   4.388266e-01
  3.051222e+00   2.559562e+01   4.383939e-01
  3.055910e+00   2.518955e+01   4.344916e-01
  3.060598e+00   2.539930e+01   4.356599e-01
  3.065287e+00   2.571220e+01   4.379304e-01
  3.069975e+00   2.586008e+01   4.387714e-01
  3.074663e+00   2.525076e+01   4.332111e-01
  3.079351e+00   2.494767e+01   4.301161e-01
  3.084040e+00   2.529753e+01   4.326577e-01
  3.088728e+00   2.527724e+01   4.321222e-01
  3.093416e+00   2.518064e+01   4.310652e-01
  3.098104e+00   2.549931e+01   4.333130e-01
  3.102793e+00   2.463263e+01   4.254383e-01
  3.107481e+00   2.508789e+01   4.289818e-01
  3.112169e+00   2.584241e+01   4.349611e-01
  3.116857e+00   2.492624e+01   4.267530e-01
  3.121545e+00   2.459708e+01   4.234953e-01
  3.126234e+00   2.535028e+01   4.295740e-01
  3.130922e+00   2.517514e+01   4.277820e-01
  3.135610e+00   2.523750e+01   4.279202e-01
  3.140298e+00   2.519206e+01   4.273322e-01
  3.144987e+00   2.527411e+01   4.276774e-01
  3.149675e+00   2.544792e+01   4.285639e-01
  3.154363e+00   2.496605e+01   4.241620e-01
  3.159051e+00   2.464523e+01   4.209715e-01
  3.163739e+00   2.540930e+01   4.270863e-01
  3.168428e+00   2.510564e+01   4.242512e-01
  3.173116e+00   2.531234e+01   4.257091e-01
  3.177804e+00   2.548672e+01   4.267060e-01
  3.182492e+00   2.502469e+01   4.224576e-01
  3.187181e+00   2.512550e+01   4.229879e-01
  3.191869e+00   2.493833e+01   4.210750e-01
  3.196557e+00   2.549643e+01   4.253636e-01
  3.201245e+00   2.463394e+01   4.177586e-01
  3.205934e+00   2.480553e+01   4.188913e-01
  3.210622e+00   2.570744e+01   4.261643e-01
  3.215310e+00   2.566398e+01   4.253814e-01
  3.219998e+00   2.522766e+01   4.212580e-01
  3.224686e+00   2.480965e+01   4.170745e-01
  3.229375e+00   2.574463e+01   4.240656e-01
  3.234063e+00   2.488375e+01   4.163998e-01
  3.238751e+00   2.471201e+01   4.146037e-01
  3.243439e+00   2.498497e+01   4.165583e-01
  3.248128e+00   2.531209e+01   4.189981e-01
  3.252816e+00   2.515965e+01   4.174150e-01
  3.257504e+00   2.527237e+01   4.179529e-01
  3.262192e+00   2.509639e+01   4.162170e-01
  3.266881e+00   2.528677e+01   4.174822e-01
  3.271569e+00   2.594360e+01   4.225667e-01
  3.276257e+00   2.513288e+01   4.156078e-01
  3.280945e+00   2.521710e+01   4.163702e-01
  3.285633e+00   2.549751e+01   4.188239e-01
  3.290322e+00   2.548639e+01   4.186920e-01
  3.295010e+00   2.465803e+01   4.114868e-01
  3.299698e+00   2.523581e+01   4.159663e-01
  3.304386e+00   2.496965e+01   4.134446e-01
  3.309075e+00   2.563021e+01   4.186215e-01
  3.313763e+00   2.521636e+01   4.148852e-01
  3.318451e+00   2.478881e+01   4.110099e-01
  3.323139e+00   2.544914e+01   4.161812e-01
  3.327828e+00   2.503568e+01   4.124608e-01
  3.332516e+00   2.469076e+01   4.093575e-01
  3.337204e+00   2.464213e+01   4.085704e-01
  3.341892e+00   2.479508e+01   4.096363e-01
  3.346580e+00   2.531073e+01   4.135693e-01
  3.351269e+00   2.488985e+01   4.097743e-01
  3.355957e+00   2.483362e+01   4.097902e-01
  3.360645e+00   2.483223e+01   4.198094e-01
  3.365333e+00   2.521351e+01   4.297160e-01
  3.370022e+00   2.510526e+01   4.334943e-01
  3.374710e+00   2.534113e+01   4.376725e-01
  3.379398e+00   2.522641e+01   4.383105e-01
  3.384086e+00   2.515378e+01   4.390972e-01
  3.388774e+00   2.576565e+01   4.449062e-01
  3.393463e+00   2.469573e+01   4.352050e-01
  3.398151e+00   2.486028e+01   4.370776e-01
  3.402839e+00   2.541048e+01   4.428667e-01
  3.407527e+00   2.507594e+01   4.409180e-01
  3.412216e+00   2.468335e+01   4.382847e-01
  3.416904e+00   2.504708e+01   4.423277e-01
  3.421592e+00   2.523858e+01   4.448679e-01
  3.426280e+00   2.516526e+01   4.449542e-01
  3.430969e+00   2.511902e+01   4.453315e-01
  3.435657e+00   2.495111e+01   4.445837e-01
  3.440345e+00   2.513849e+01   4.468217e-01
  3.445033e+00   2.590706e+01   4.542968e-01
  3.449721e+00   2.495224e+01   4.465780e-01
  3.454410e+00   2.505570e+01   4.480086e-01
  3.459098e+00   2.428261e+01   4.416159e-01
  3.463786e+00   2.425183e+01   4.418975e-01
  3.468474e+00   2.459701e+01   4.456072e-01
  3.473163e+00   2.471598e+01   4.471619e-01
  3.477851e+00   2.408467e+01   4.419678e-01
  3.482539e+00   2.511558e+01   4.520319e-01
  3.487227e+00   2.513677e+01   4.525056e-01
  3.491916e+00   2.543933e+01   4.557608e-01
  3.496604e+00   2.579168e+01   4.593720e-01
  3.501292e+00   2.454015e+01   4.485439e-01
  3.505980e+00   2.554931e+01   4.581582e-01
  3.510668e+00   2.570193e+01   4.599808e-01
  3.515357e+00   2.534447e+01   4.571586e-01
  3.520045e+00   2.500411e+01   4.545830e-01
  3.524733e+00   2.486667e+01   4.537140e-01
  3.529421e+00   2.446745e+01   4.504348e-01
  3.534110e+00   2.479122e+01   4.538613e-01
  3.538798e+00   2.549051e+01   4.605753e-01
  3.543486e+00   2.480000e+01   4.546938e-01
  3.548174e+00   2.478930e+01   4.549978e-01
  3.552863e+00   2.470506e+01   4.545746e-01
  3.557551e+00   2.471509e+01   4.550105e-01
  3.562239e+00   2.544619e+01   4.621064e-01
  3.566927e+00   2.490581e+01   4.575241e-01
  3.571615e+00   2.515788e+01   4.601576e-01
  3.576304e+00   2.453252e+01   4.547264e-01
  3.580992e+00   2.476151e+01   4.571317e-01
  3.585680e+00   2.505764e+01   4.595892e-01
  3.590368e+00   2.464077e+01   4.553215e-01
  3.595057e+00   2.441541e+01   4.528309e-01
  3.599745e+00   2.438602e+01   4.521649e-01
  3.604433e+00   2.472013e+01   4.549778e-01
  3.609121e+00   2.489436e+01   4.570534e-01
  3.613809e+00   2.507789e+01   4.587995e-01
  3.618498e+00   2.491762e+01   4.575709e-01
  3.623186e+00   2.505704e+01   4.591758e-01
  3.627874e+00   2.464405e+01   4.556539e-01
  3.632562e+00   2.506787e+01   4.597972e-01
  3.637251e+00   2.493917e+01   4.589272e-01
  3.641939e+00   2.487898e+01   4.586343e-01
  3.646627e+00   2.425131e+01   4.531201e-01
  3.651315e+00   2.528448e+01   4.628971e-01
  3.656004e+00   2.436687e+01   4.548789e-01
  3.660692e+00   2.481401e+01   4.661235e-01
  3.665380e+00   2.491001e+01   4.837313e-01
  3.670068e+00   2.486311e+01   4.916275e-01
  3.674756e+00   2.518786e+01   5.026171e-01
  3.679445e+00   2.435748e+01   5.001742e-01
  3.684133e+00   2.487047e+01   5.088663e-01
  3.688821e+00   2.466753e+01   5.099154e-01
  3.693509e+00   2.492563e+01   5.156102e-01
  3.698198e+00   2.500995e+01   5.193059e-01
  3.702886e+00   2.507692e+01   5.228411e-01
  3.707574e+00   2.494622e+01   5.240871e-01
  3.712262e+00   2.511504e+01   5.285238e-01
  3.716951e+00   2.496279e+01   5.294228e-01
  3.721639e+00   2.515708e+01   5.340109e-01
  3.726327e+00   2.505527e+01   5.353285e-01
  3.731015e+00   2.405400e+01   5.269330e-01
  3.735703e+00   2.425313e+01   5.314065e-01
  3.740392e+00   2.412231e+01   5.323176e-01
  3.745080e+00   2.420600e+01   5.354574e-01
  3.749768e+00   2.506460e+01   5.471907e-01
  3.754456e+00   2.503369e+01   5.490961e-01
  3.759145e+00   2.545563e+01   5.559959e-01
  3.763833e+00   2.499692e+01   5.531620e-01
  3.768521e+00   2.502444e+01   5.557004e-01
  3.773209e+00   2.477684e+01   5.551008e-01
  3.777897e+00   2.506961e+01   5.605817e-01
  3.782586e+00   2.456088e+01   5.569973e-01
  3.787274e+00   2.437383e+01   5.570212e-01
  3.791962e+00   2.446944e+01   5.602491e-01
  3.796650e+00   2.454340e+01   5.632198e-01
  3.801339e+00   2.468446e+01   5.669591e-01
  3.806027e+00   2.567858e+01   5.804254e-01
  3.810715e+00   2.443555e+01   5.683125e-01
  3.815403e+00   2.547215e+01   5.823793e-01
  3.820092e+00   2.557403e+01   5.856949e-01
  3.824780e+00   2.584110e+01   5.909051e-01
  3.829468e+00   2.595724e+01   5.944190e-01
  3.834156e+00   2.521661e+01   5.879645e-01
  3.838844e+00   2.440653e+01   5.805601e-01
  3.843533e+00   2.455226e+01   5.843666e-01
  3.848221e+00   2.536286e+01   5.960484e-01
  3.852909e+00   2.514878e+01   5.956725e-01
  3.857597e+00   2.532728e+01   5.999203e-01
  3.862286e+00   2.509103e+01   5.992430e-01
  3.866974e+00   2.470681e+01   5.967332e-01
  3.871662e+00   2.410918e+01   5.916867e-01
  3.876350e+00   2.426691e+01   5.958092e-01
  3.881039e+00   2.489339e+01   6.053854e-01
  3.885727e+00   2.471035e+01   6.052776e-01
  3.890415e+00   2.466589e+01   6.068023e-01
  3.895103e+00   2.446655e+01   6.065337e-01
  3.899791e+00   2.456777e+01   6.098550e-01
  3.904480e+00   2.452369e+01   6.114823e-01
  3.909168e+00   2.404441e+01   6.075606e-01
  3.913856e+00   2.434902e+01   6.136214e-01
  3.918544e+00   2.438777e+01   6.161529e-01
  3.923233e+00   2.485063e+01   6.242153e-01
  3.927921e+00   2.455533e+01   6.225870e-01
  3.932609e+00   2.508809e+01   6.314349e-01
  3.937297e+00   2.487980e+01   6.299389e-01
  3.941986e+00   2.452996e+01   6.262808e-01
  3.946674e+00   2.518635e+01   6.352518e-01
  3.951362e+00   2.467152e+01   6.283627e-01
  3.956050e+00   2.419598e+01   6.212286e-01
  3.960738e+00   2.407848e+01   6.195564e-01
  3.965427e+00   2.456122e+01   6.264841e-01
  3.970115e+00   2.491085e+01   6.328782e-01
  3.974803e+00   2.449441e+01   6.295763e-01
  3.979491e+00   2.407171e+01   6.258675e-01
  3.984180e+00   2.505492e+01   6.406721e-01
  3.988868e+00   2.463233e+01   6.373613e-01
  3.993556e+00   2.422364e+01   6.341680e-01
  3.998244e+00   2.379687e+01   6.307027e-01
  4.002932e+00   2.432724e+01   6.398689e-01
  4.007621e+00   2.493435e+01   6.499464e-01
  4.012309e+00   2.435434e+01   6.445115e-01
  4.016997e+00   2.534736e+01   6.597534e-01
  4.021685e+00   2.442855e+01   6.499152e-01
  4.026374e+00   2.547622e+01   6.659521e-01
  4.031062e+00   2.370900e+01   6.446103e-01
  4.035750e+00   2.383970e+01   6.485741e-01
  4.040438e+00   2.461913e+01   6.613703e-01
  4.045127e+00   2.440258e+01   6.607110e-01
  4.049815e+00   2.495282e+01   6.704013e-01
  4.054503e+00   2.489215e+01   6.718685e-01
  4.059191e+00   2.564263e+01   6.843038e-01
  4.063879e+00   2.471411e+01   6.741303e-01
  4.068568e+00   2.440526e+01   6.722078e-01
  4.073256e+00   2.457328e+01   6.768368e-01
  4.077944e+00   2.411823e+01   6.728999e-01
  4.082632e+00   2.515044e+01   6.895366e-01
  4.087321e+00   2.447156e+01   6.825573e-01
  4.092009e+00   2.481396e+01   6.897190e-01
  4.096697e+00   2.516529e+01   6.970281e-01
  4.101385e+00   2.485747e+01   6.951602e-01
  4.106074e+00   2.453400e+01   6.931059e-01
  4.110762e+00   2.574818e+01   7.125926e-01
  4.115450e+00   2.423937e+01   6.938466e-01
  4.120138e+00   2.557942e+01   7.152615e-01
  4.124826e+00   2.446695e+01   7.020580e-01
  4.129515e+00   2.552307e+01   7.196712e-01
  4.134203e+00   2.564643e+01   7.239674e-01
  4.138891e+00   2.552052e+01   7.248158e-01
  4.143579e+00   2.532769e+01   7.246905e-01
  4.148268e+00   2.382614e+01   7.054849e-01
  4.152956e+00   2.487946e+01   7.235289e-01
  4.157644e+00   2.512230e+01   7.296346e-01
  4.162332e+00   2.524260e+01   7.341779e-01
  4.167021e+00   2.563115e+01   7.425374e-01
  4.171709e+00   2.438903e+01   7.269349e-01
  4.176397e+00   2.489749e+01   7.372586e-01
  4.181085e+00   2.475328e+01   7.378643e-01
  4.185773e+00   2.550525e+01   7.518680e-01
  4.190462e+00   2.531260e+01   7.519138e-01
  4.195150e+00   2.498941e+01   7.508180e-01
  4.199838e+00   2.517439e+01   7.557238e-01
  4.204526e+00   2.527661e+01   7.598761e-01
  4.209215e+00   2.504685e+01   7.593368e-01
  4.213903e+00   2.505268e+01   7.623485e-01
  4.218591e+00   2.503744e+01   7.650591e-01
  4.223279e+00   2.483194e+01   7.649183e-01
  4.227967e+00   2.489241e+01   7.688004e-01
  4.232656e+00   2.567528e+01   7.838794e-01
  4.237344e+00   2.535058e+01   7.820246e-01
  4.242032e+00   2.573187e+01   7.909808e-01
  4.246720e+00   2.608194e+01   7.994558e-01
  4.251409e+00   2.569855e+01   7.968854e-01
  4.256097e+00   2.484407e+01   7.865960e-01
  4.260785e+00   2.450732e+01   7.843998e-01
  4.265473e+00   2.407632e+01   7.814103e-01
  4.270162e+00   2.421583e+01   7.876114e-01
  4.274850e+00   2.483155e+01   8.032769e-01
  4.279538e+00   2.548063e+01   8.173635e-01
  4.284226e+00   2.565965e+01   8.201147e-01
  4.288914e+00   2.530123e+01   8.169311e-01
  4.293603e+00   2.484047e+01   8.129104e-01
  4.298291e+00   2.529129e+01   8.238626e-01
  4.302979e+00   2.507561e+01   8.236732e-01
  4.307667e+00   2.469085e+01   8.208843e-01
  4.312356e+00   2.441998e+01   8.199909e-01
  4.317044e+00   2.618622e+01   8.526685e-01
  4.321732e+00   2.525553e+01   8.410878e-01
  4.326420e+00   2.431847e+01   8.290412e-01
  4.331109e+00   2.442380e+01   8.343914e-01
  4.335797e+00   2.530907e+01   8.532003e-01
  4.340485e+00   2.543710e+01   8.600228e-01
  4.345173e+00   2.428818e+01   8.435865e-01
  4.349861e+00   2.455978e+01   8.518977e-01
  4.354550e+00   2.608637e+01   8.820493e-01
  4.359238e+00   2.469016e+01   8.620313e-01
  4.363926e+00   2.481077e+01   8.681203e-01
  4.368614e+00   2.538387e+01   8.821760e-01
  4.373303e+00   2.374261e+01   8.572677e-01
  4.377991e+00   2.521939e+01   8.876566e-01
  4.382679e+00   2.635668e+01   9.117528e-01
  4.387367e+00   2.552122e+01   9.016061e-01
  4.392056e+00   2.450468e+01   8.876823e-01
  4.396744e+00   2.583905e+01   9.159324e-01
  4.401432e+00   2.540451e+01   9.136275e-01
  4.406120e+00   2.433257e+01   8.966682e-01
  4.410808e+00   2.454283e+01   9.011602e-01
  4.415497e+00   2.416323e+01   8.947598e-01
  4.420185e+00   2.564169e+01   9.222968e-01
  4.424873e+00   2.659151e+01   9.399382e-01
  4.429561e+00   2.526735e+01   9.168627e-01
  4.434250e+00   2.577174e+01   9.266108e-01
  4.438938e+00   2.481022e+01   9.098478e-01
  4.443626e+00   2.341896e+01   8.844677e-01
  4.448314e+00   2.485145e+01   9.132963e-01
  4.453002e+00   2.559167e+01   9.312558e-01
  4.457691e+00   2.610959e+01   9.454173e-01
  4.462379e+00   2.494920e+01   9.288358e-01
  4.467067e+00   2.528887e+01   9.399034e-01
  4.471755e+00   2.615496e+01   9.607727e-01
  4.476444e+00   2.477690e+01   9.400301e-01
  4.481132e+00   2.492710e+01   9.478179e-01
  4.485820e+00   2.472252e+01   9.489843e-01
  4.490508e+00   2.484721e+01   9.564309e-01
  4.495197e+00   2.421057e+01   9.491686e-01
  4.499885e+00   2.580019e+01   9.851373e-01
  4.504573e+00   2.521838e+01   9.792858e-01
  4.509261e+00   2.548793e+01   9.899749e-01
  4.513949e+00   2.503704e+01   9.867120e-01
  4.518638e+00   2.519376e+01   9.953878e-01
  4.523326e+00   2.429082e+01   9.829806e-01
  4.528014e+00   2.331472e+01   9.685494e-01
  4.532702e+00   2.475192e+01   1.003731e+00
  4.537391e+00   2.463278e+01   1.007163e+00
  4.542079e+00   2.447017e+01   1.009846e+00
  4.546767e+00   2.541233e+01   1.035288e+00
  4.551455e+00   2.461418e+01   1.025038e+00
  4.556144e+00   2.460056e+01   1.031002e+00
  4.560832e+00   2.419603e+01   1.028782e+00
  4.565520e+00   2.573964e+01   1.067691e+00
  4.570208e+00   2.361018e+01   1.029129e+00
  4.574896e+00   2.406908e+01   1.045785e+00
  4.579585e+00   2.527544e+01   1.078562e+00
  4.584273e+00   2.546839e+01   1.089711e+00
  4.588961e+00   2.544638e+01   1.096410e+00
  4.593649e+00   2.457063e+01   1.084553e+00
  4.598338e+00   2.434216e+01   1.086950e+00
  4.603026e+00   2.528207e+01   1.115299e+00
  4.607714e+00   2.455454e+01   1.106721e+00
  4.612402e+00   2.587765e+01   1.144087e+00
  4.617091e+00   2.469859e+01   1.125622e+00
  4.621779e+00   2.406815e+01   1.119284e+00
  4.626467e+00   2.479011e+01   1.144270e+00
  4.631155e+00   2.449575e+01   1.145826e+00
  4.635843e+00   2.422734e+01   1.148022e+00
  4.640532e+00   2.398734e+01   1.150951e+00
  4.645220e+00   2.578812e+01   1.202700e+00
  4.649908e+00   2.634555e+01   1.225174e+00
  4.654596e+00   2.427345e+01   1.185267e+00
  4.659285e+00   2.204435e+01   1.138566e+00
  4.663973e+00   2.411659e+01   1.200537e+00
  4.668661e+00   2.532522e+01   1.240675e+00
  4.673349e+00   2.383889e+01   1.213817e+00
  4.678037e+00   2.650310e+01   1.290719e+00
  4.682726e+00   2.571573e+01   1.282359e+00
  4.687414e+00   2.511103e+01   1.278423e+00
  4.692102e+00   2.481540e+01   1.282457e+00
  4.696790e+00   2.584136e+01   1.320556e+00
  4.701479e+00   2.694197e+01   1.360808e+00
  4.706167e+00   2.404439e+01   1.297599e+00
  4.710855e+00   2.439109e+01   1.319776e+00
  4.715543e+00   2.403171e+01   1.322802e+00
  4.720232e+00   2.462884e+01   1.352378e+00
  4.724920e+00   2.423264e+01   1.354967e+00
  4.729608e+00   2.514793e+01   1.394822e+00
  4.734296e+00   2.477117e+01   1.399046e+00
  4.738984e+00   2.443198e+01   1.404273e+00
  4.743673e+00   2.364085e+01   1.396412e+00
  4.748361e+00   2.542994e+01   1.464710e+00
  4.753049e+00   2.495821e+01   1.467895e+00
  4.757737e+00   2.535328e+01   1.496667e+00
  4.762426e+00   2.347451e+01   1.457260e+00
  4.767114e+00   2.473392e+01   1.514417e+00
  4.771802e+00   2.657181e+01   1.589762e+00
  4.776490e+00   2.605157e+01   1.594215e+00
  4.781179e+00   2.875370e+01   1.696747e+00
  4.785867e+00   2.587269e+01   1.631571e+00
  4.790555e+00   2.603881e+01   1.659772e+00
  4.795243e+00   2.534387e+01   1.660632e+00
  4.799931e+00   2.517339e+01   1.679099e+00
  4.804620e+00   2.481077e+01   1.692648e+00
  4.809308e+00   2.411942e+01   1.694928e+00
  4.813996e+00   2.555858e+01   1.772466e+00
  4.818684e+00   2.607968e+01   1.819755e+00
  4.823373e+00   2.475028e+01   1.804049e+00
  4.828061e+00   2.284356e+01   1.763934e+00
  4.832749e+00   2.212402e+01   1.767443e+00
  4.837437e+00   2.463247e+01   1.900474e+00
  4.842125e+00   2.508000e+01   1.956248e+00
  4.846814e+00   2.765646e+01   2.095965e+00
  4.851502e+00   2.548295e+01   2.054404e+00
  4.856190e+00   2.234630e+01   1.967611e+00
  4.860878e+00   2.628144e+01   2.183669e+00
  4.865567e+00   2.568362e+01   2.210782e+00
  4.870255e+00   2.912746e+01   2.415168e+00
  4.874943e+00   2.400101e+01   2.253615e+00
  4.879631e+00   2.639535e+01   2.430007e+00
  4.884320e+00   2.659958e+01   2.512244e+00
  4.889008e+00   2.824508e+01   2.673956e+00
  4.893696e+00   2.853099e+01   2.779749e+00
  4.898384e+00   2.667858e+01   2.785700e+00
  4.903072e+00   1.975819e+01   2.492860e+00
  4.907761e+00   2.114972e+01   2.725548e+00
  4.912449e+00   2.220603e+01   3.858859e+00
  4.917137e+00   2.207806e+01   1.057775e+01
