# [1] GI
# Sample c= 1.06 mg/ml
#
# Sample environment:
# Detector = Pilatus
# PixelSize_1 = 0.000172
# PixelSize_2 = 0.000172
#
# title = [1] GI
# Frame 36 of 120
# Time per frame (s) = 1.0
# SampleDistance = 2.869
# WaveLength = 9.919e-11
# Normalization = 0.001062898
# DiodeCurr = 8.663098e-05
# MachCurr = 68.72083
# Mask = /data/bm29/archive/CALIBRATION/MASK/BM29/Pcon_19thNovember2015_7keV_v3.edf
#
# N 3
# L q*nm  I_[1] GI  stddev
#
# Sample Information:
# Storage Temperature (degrees C): 20.0
# Measurement Temperature (degrees C): 20.08
# Concentration: 1.06
# Code: GI
  3.200246e-02   1.956625e+02   2.109343e+01
  3.669069e-02   5.601943e+02   1.620430e+01
  4.137892e-02   8.683171e+02   1.502850e+01
  4.606715e-02   8.198595e+02   1.209146e+01
  5.075538e-02   6.250920e+02   9.590502e+00
  5.544361e-02   4.999273e+02   7.923749e+00
  6.013183e-02   4.186332e+02   6.932440e+00
  6.482006e-02   3.702464e+02   6.255071e+00
  6.950829e-02   3.325457e+02   5.688077e+00
  7.419652e-02   3.129961e+02   5.297174e+00
  7.888475e-02   2.880132e+02   4.912189e+00
  8.357298e-02   2.674985e+02   4.593017e+00
  8.826121e-02   2.587692e+02   4.389513e+00
  9.294944e-02   2.489201e+02   4.179001e+00
  9.763767e-02   2.497136e+02   4.070220e+00
  1.023259e-01   2.342565e+02   3.848429e+00
  1.070141e-01   2.299941e+02   3.726130e+00
  1.117024e-01   2.282594e+02   3.627923e+00
  1.163906e-01   2.186713e+02   3.464933e+00
  1.210788e-01   2.161411e+02   3.377110e+00
  1.257670e-01   2.182915e+02   3.328671e+00
  1.304553e-01   2.112266e+02   3.216691e+00
  1.351435e-01   2.102659e+02   3.144711e+00
  1.398317e-01   2.087725e+02   3.079419e+00
  1.445200e-01   2.105164e+02   3.041148e+00
  1.492082e-01   2.093774e+02   2.984514e+00
  1.538964e-01   2.022047e+02   2.881315e+00
  1.585846e-01   2.016885e+02   2.831981e+00
  1.632729e-01   2.026677e+02   2.797617e+00
  1.679611e-01   1.976090e+02   2.723600e+00
  1.726493e-01   1.940637e+02   2.659063e+00
  1.773376e-01   1.936740e+02   2.616690e+00
  1.820258e-01   1.951205e+02   2.592715e+00
  1.867140e-01   1.931377e+02   2.547045e+00
  1.914022e-01   1.902567e+02   2.496061e+00
  1.960905e-01   1.896348e+02   2.457295e+00
  2.007787e-01   1.876882e+02   2.418575e+00
  2.054669e-01   1.875598e+02   2.390161e+00
  2.101552e-01   1.812847e+02   2.323514e+00
  2.148434e-01   1.822756e+02   2.300020e+00
  2.195316e-01   1.873580e+02   2.306400e+00
  2.242199e-01   1.791870e+02   2.232158e+00
  2.289081e-01   1.768276e+02   2.194679e+00
  2.335963e-01   1.785900e+02   2.180856e+00
  2.382845e-01   1.758090e+02   2.141027e+00
  2.429728e-01   1.739330e+02   2.109238e+00
  2.476610e-01   1.756060e+02   2.099391e+00
  2.523492e-01   1.719934e+02   2.057221e+00
  2.570375e-01   1.685365e+02   2.015567e+00
  2.617257e-01   1.659308e+02   1.982267e+00
  2.664139e-01   1.678915e+02   1.976560e+00
  2.711021e-01   1.657490e+02   1.946929e+00
  2.757904e-01   1.634054e+02   1.914571e+00
  2.804786e-01   1.601157e+02   1.880216e+00
  2.851668e-01   1.610963e+02   1.870678e+00
  2.898551e-01   1.603217e+02   1.850056e+00
  2.945433e-01   1.592331e+02   1.828910e+00
  2.992315e-01   1.577144e+02   1.846319e+00
  3.039197e-01   1.542124e+02   1.840128e+00
  3.086080e-01   1.534596e+02   1.840951e+00
  3.132962e-01   1.505869e+02   1.824590e+00
  3.179844e-01   1.480457e+02   1.808774e+00
  3.226727e-01   1.492468e+02   1.816046e+00
  3.273609e-01   1.469688e+02   1.800124e+00
  3.320491e-01   1.462902e+02   1.792737e+00
  3.367374e-01   1.446013e+02   1.777667e+00
  3.414256e-01   1.426119e+02   1.761809e+00
  3.461138e-01   1.406419e+02   1.746021e+00
  3.508020e-01   1.380484e+02   1.725689e+00
  3.554903e-01   1.389115e+02   1.724615e+00
  3.601785e-01   1.351825e+02   1.698062e+00
  3.648667e-01   1.344809e+02   1.705851e+00
  3.695550e-01   1.351531e+02   1.748842e+00
  3.742432e-01   1.340229e+02   1.761197e+00
  3.789314e-01   1.326738e+02   1.768859e+00
  3.836196e-01   1.288765e+02   1.754525e+00
  3.883079e-01   1.297238e+02   1.769845e+00
  3.929961e-01   1.251685e+02   1.754373e+00
  3.976843e-01   1.221053e+02   1.756320e+00
  4.023726e-01   1.218451e+02   1.771848e+00
  4.070608e-01   1.218999e+02   1.779469e+00
  4.117490e-01   1.188885e+02   1.760806e+00
  4.164372e-01   1.167579e+02   1.747888e+00
  4.211255e-01   1.154412e+02   1.741480e+00
  4.258137e-01   1.145334e+02   1.736083e+00
  4.305019e-01   1.132503e+02   1.724721e+00
  4.351902e-01   1.117850e+02   1.709994e+00
  4.398784e-01   1.109704e+02   1.701690e+00
  4.445666e-01   1.111083e+02   1.722254e+00
  4.492548e-01   1.093271e+02   1.766728e+00
  4.539431e-01   1.080286e+02   1.790006e+00
  4.586313e-01   1.047465e+02   1.789183e+00
  4.633195e-01   1.045888e+02   1.811747e+00
  4.680078e-01   1.045390e+02   1.832705e+00
  4.726960e-01   1.018767e+02   1.828557e+00
  4.773842e-01   9.969121e+01   1.826827e+00
  4.820725e-01   1.008695e+02   1.855249e+00
  4.867607e-01   9.716320e+01   1.838236e+00
  4.914489e-01   9.503329e+01   1.833847e+00
  4.961371e-01   9.411308e+01   1.839985e+00
  5.008254e-01   9.539550e+01   1.867704e+00
  5.055136e-01   9.412925e+01   1.870807e+00
  5.102018e-01   9.162435e+01   1.803418e+00
  5.148901e-01   9.180621e+01   1.742133e+00
  5.195783e-01   8.942188e+01   1.690464e+00
  5.242665e-01   9.011805e+01   1.677135e+00
  5.289547e-01   8.665987e+01   1.629007e+00
  5.336430e-01   8.394121e+01   1.589351e+00
  5.383312e-01   8.332740e+01   1.572013e+00
  5.430194e-01   8.179993e+01   1.548160e+00
  5.477077e-01   8.102586e+01   1.532263e+00
  5.523959e-01   7.886211e+01   1.503248e+00
  5.570841e-01   7.908197e+01   1.497121e+00
  5.617723e-01   7.830716e+01   1.483457e+00
  5.664606e-01   7.648599e+01   1.459669e+00
  5.711488e-01   7.552112e+01   1.444708e+00
  5.758370e-01   7.484314e+01   1.430181e+00
  5.805253e-01   7.266809e+01   1.400553e+00
  5.852135e-01   7.320999e+01   1.396763e+00
  5.899017e-01   7.202994e+01   1.375867e+00
  5.945900e-01   6.924063e+01   1.338138e+00
  5.992782e-01   6.918119e+01   1.328957e+00
  6.039664e-01   6.924620e+01   1.321773e+00
  6.086546e-01   6.707221e+01   1.293108e+00
  6.133429e-01   6.566644e+01   1.271227e+00
  6.180311e-01   6.436046e+01   1.251094e+00
  6.227193e-01   6.191560e+01   1.220343e+00
  6.274076e-01   6.413210e+01   1.236810e+00
  6.320958e-01   6.303791e+01   1.222800e+00
  6.367840e-01   6.191106e+01   1.208341e+00
  6.414722e-01   6.025449e+01   1.189668e+00
  6.461605e-01   5.916181e+01   1.176100e+00
  6.508487e-01   5.776017e+01   1.159597e+00
  6.555369e-01   5.675483e+01   1.146024e+00
  6.602252e-01   5.713535e+01   1.147424e+00
  6.649134e-01   5.658768e+01   1.139534e+00
  6.696016e-01   5.489389e+01   1.120019e+00
  6.742898e-01   5.587578e+01   1.126829e+00
  6.789781e-01   5.564148e+01   1.122019e+00
  6.836663e-01   5.640037e+01   1.127263e+00
  6.883545e-01   5.267479e+01   1.087375e+00
  6.930428e-01   5.206560e+01   1.078127e+00
  6.977310e-01   5.058516e+01   1.060275e+00
  7.024192e-01   4.915974e+01   1.043128e+00
  7.071074e-01   5.020968e+01   1.052191e+00
  7.117957e-01   4.786311e+01   1.024975e+00
  7.164839e-01   4.853897e+01   1.029513e+00
  7.211721e-01   4.742588e+01   1.015715e+00
  7.258604e-01   4.605863e+01   9.989250e-01
  7.305486e-01   4.609975e+01   9.976777e-01
  7.352368e-01   4.493223e+01   9.819291e-01
  7.399251e-01   4.378996e+01   9.677991e-01
  7.446133e-01   4.517818e+01   9.812607e-01
  7.493015e-01   4.611104e+01   9.901909e-01
  7.539897e-01   4.464353e+01   9.714809e-01
  7.586780e-01   4.418504e+01   9.639867e-01
  7.633662e-01   4.274334e+01   9.462653e-01
  7.680544e-01   4.253267e+01   9.422865e-01
  7.727427e-01   4.211877e+01   9.355627e-01
  7.774309e-01   4.123866e+01   9.235851e-01
  7.821191e-01   3.977167e+01   9.054270e-01
  7.868073e-01   4.045649e+01   9.115554e-01
  7.914956e-01   4.176204e+01   9.241653e-01
  7.961838e-01   4.019419e+01   9.045922e-01
  8.008720e-01   3.911929e+01   8.907768e-01
  8.055603e-01   3.850397e+01   8.820868e-01
  8.102485e-01   3.893394e+01   8.855169e-01
  8.149367e-01   3.795081e+01   8.720317e-01
  8.196249e-01   3.730451e+01   8.629322e-01
  8.243132e-01   3.752622e+01   8.641139e-01
  8.290014e-01   3.785817e+01   8.663178e-01
  8.336896e-01   3.709857e+01   8.556000e-01
  8.383779e-01   3.542204e+01   8.344495e-01
  8.430661e-01   3.619644e+01   8.420884e-01
  8.477543e-01   3.603894e+01   8.387151e-01
  8.524425e-01   3.446574e+01   8.186028e-01
  8.571308e-01   3.491526e+01   8.225948e-01
  8.618190e-01   3.511731e+01   8.232901e-01
  8.665072e-01   3.502692e+01   8.206064e-01
  8.711955e-01   3.469727e+01   8.152757e-01
  8.758837e-01   3.371950e+01   8.018843e-01
  8.805719e-01   3.423815e+01   8.066115e-01
  8.852602e-01   3.342515e+01   7.957031e-01
  8.899484e-01   3.294910e+01   7.887275e-01
  8.946366e-01   3.274609e+01   7.842937e-01
  8.993248e-01   3.342158e+01   7.911936e-01
  9.040131e-01   3.206096e+01   7.735056e-01
  9.087013e-01   3.218843e+01   7.738325e-01
  9.133895e-01   3.248383e+01   7.756545e-01
  9.180778e-01   3.170018e+01   7.649577e-01
  9.227660e-01   3.136032e+01   7.594226e-01
  9.274542e-01   3.129474e+01   7.575034e-01
  9.321424e-01   3.090117e+01   7.513083e-01
  9.368307e-01   3.195296e+01   7.623578e-01
  9.415189e-01   3.071437e+01   7.462786e-01
  9.462071e-01   3.046470e+01   7.421199e-01
  9.508954e-01   3.032980e+01   7.390884e-01
  9.555836e-01   3.017100e+01   7.356348e-01
  9.602718e-01   3.055841e+01   7.391573e-01
  9.649600e-01   2.895481e+01   7.183478e-01
  9.696483e-01   2.893363e+01   7.170061e-01
  9.743365e-01   2.934264e+01   7.203756e-01
  9.790247e-01   3.018228e+01   7.295587e-01
  9.837130e-01   2.970042e+01   7.224905e-01
  9.884012e-01   2.935958e+01   7.172385e-01
  9.930894e-01   2.977081e+01   7.208194e-01
  9.977777e-01   3.021530e+01   7.248944e-01
  1.002466e+00   2.968771e+01   7.174578e-01
  1.007154e+00   2.876467e+01   7.050654e-01
  1.011842e+00   2.958087e+01   7.138223e-01
  1.016531e+00   2.963404e+01   7.130319e-01
  1.021219e+00   2.936918e+01   7.087172e-01
  1.025907e+00   2.865791e+01   6.991106e-01
  1.030595e+00   2.801665e+01   6.901494e-01
  1.035283e+00   2.868057e+01   6.967226e-01
  1.039972e+00   2.817814e+01   6.896568e-01
  1.044660e+00   2.843966e+01   6.918709e-01
  1.049348e+00   2.854461e+01   6.919477e-01
  1.054036e+00   2.770717e+01   6.804253e-01
  1.058725e+00   2.834488e+01   6.871834e-01
  1.063413e+00   2.794108e+01   6.811914e-01
  1.068101e+00   2.884094e+01   6.910904e-01
  1.072789e+00   2.786372e+01   6.780068e-01
  1.077478e+00   2.795998e+01   6.780680e-01
  1.082166e+00   2.780141e+01   6.750910e-01
  1.086854e+00   2.814848e+01   6.783185e-01
  1.091542e+00   2.793471e+01   6.747183e-01
  1.096230e+00   2.749205e+01   6.679870e-01
  1.100919e+00   2.753034e+01   6.675209e-01
  1.105607e+00   2.758480e+01   6.672893e-01
  1.110295e+00   2.810339e+01   6.724778e-01
  1.114983e+00   2.767122e+01   6.661844e-01
  1.119672e+00   2.769018e+01   6.654661e-01
  1.124360e+00   2.779979e+01   6.656651e-01
  1.129048e+00   2.740867e+01   6.599728e-01
  1.133736e+00   2.779440e+01   6.633750e-01
  1.138425e+00   2.821371e+01   6.673570e-01
  1.143113e+00   2.731370e+01   6.556540e-01
  1.147801e+00   2.708635e+01   6.521003e-01
  1.152489e+00   2.790226e+01   6.606468e-01
  1.157177e+00   2.770935e+01   6.572383e-01
  1.161866e+00   2.746711e+01   6.535619e-01
  1.166554e+00   2.754182e+01   6.534968e-01
  1.171242e+00   2.822851e+01   6.604864e-01
  1.175930e+00   2.772355e+01   6.535193e-01
  1.180619e+00   2.654402e+01   6.385490e-01
  1.185307e+00   2.732098e+01   6.468882e-01
  1.189995e+00   2.691240e+01   6.412195e-01
  1.194683e+00   2.704212e+01   6.415129e-01
  1.199372e+00   2.804183e+01   6.523666e-01
  1.204060e+00   2.757030e+01   6.461539e-01
  1.208748e+00   2.755231e+01   6.454148e-01
  1.213436e+00   2.814588e+01   6.508271e-01
  1.218124e+00   2.662787e+01   6.319659e-01
  1.222813e+00   2.773219e+01   6.440259e-01
  1.227501e+00   2.827177e+01   6.494914e-01
  1.232189e+00   2.788125e+01   6.439080e-01
  1.236877e+00   2.730501e+01   6.361480e-01
  1.241566e+00   2.695480e+01   6.313015e-01
  1.246254e+00   2.708109e+01   6.319655e-01
  1.250942e+00   2.772498e+01   6.534510e-01
  1.255630e+00   2.776400e+01   6.716091e-01
  1.260318e+00   2.670480e+01   6.696743e-01
  1.265007e+00   2.720940e+01   6.849222e-01
  1.269695e+00   2.744233e+01   6.957103e-01
  1.274383e+00   2.735399e+01   7.016351e-01
  1.279071e+00   2.737169e+01   7.086316e-01
  1.283760e+00   2.761076e+01   7.179962e-01
  1.288448e+00   2.688672e+01   7.144329e-01
  1.293136e+00   2.767632e+01   7.305769e-01
  1.297824e+00   2.730612e+01   7.311196e-01
  1.302513e+00   2.769604e+01   7.407041e-01
  1.307201e+00   2.733105e+01   7.379255e-01
  1.311889e+00   2.814630e+01   7.495338e-01
  1.316577e+00   2.732384e+01   7.101194e-01
  1.321265e+00   2.761537e+01   6.961915e-01
  1.325954e+00   2.728573e+01   6.808747e-01
  1.330642e+00   2.737367e+01   6.732949e-01
  1.335330e+00   2.755439e+01   6.681365e-01
  1.340018e+00   2.752010e+01   6.615163e-01
  1.344707e+00   2.799529e+01   6.616146e-01
  1.349395e+00   2.700595e+01   6.449991e-01
  1.354083e+00   2.669987e+01   6.364708e-01
  1.358771e+00   2.674242e+01   6.327505e-01
  1.363460e+00   2.784307e+01   6.421118e-01
  1.368148e+00   2.758968e+01   6.373811e-01
  1.372836e+00   2.771185e+01   6.370589e-01
  1.377524e+00   2.850870e+01   6.446792e-01
  1.382212e+00   2.749820e+01   6.319008e-01
  1.386901e+00   2.690111e+01   6.236967e-01
  1.391589e+00   2.668678e+01   6.198307e-01
  1.396277e+00   2.718478e+01   6.242700e-01
  1.400965e+00   2.739668e+01   6.255439e-01
  1.405654e+00   2.655761e+01   6.147692e-01
  1.410342e+00   2.633460e+01   6.110489e-01
  1.415030e+00   2.776814e+01   6.260823e-01
  1.419718e+00   2.738106e+01   6.206595e-01
  1.424406e+00   2.761477e+01   6.223407e-01
  1.429095e+00   2.794245e+01   6.249222e-01
  1.433783e+00   2.750804e+01   6.187331e-01
  1.438471e+00   2.714902e+01   6.137316e-01
  1.443159e+00   2.712373e+01   6.125073e-01
  1.447848e+00   2.710792e+01   6.113262e-01
  1.452536e+00   2.702976e+01   6.092957e-01
  1.457224e+00   2.694911e+01   6.074116e-01
  1.461912e+00   2.635757e+01   5.998284e-01
  1.466601e+00   2.659402e+01   6.015967e-01
  1.471289e+00   2.700309e+01   6.051751e-01
  1.475977e+00   2.755473e+01   6.106166e-01
  1.480665e+00   2.715381e+01   6.049889e-01
  1.485353e+00   2.635894e+01   6.045575e-01
  1.490042e+00   2.692686e+01   6.297876e-01
  1.494730e+00   2.627027e+01   6.330403e-01
  1.499418e+00   2.636578e+01   6.423468e-01
  1.504106e+00   2.656995e+01   6.522852e-01
  1.508795e+00   2.681456e+01   6.622360e-01
  1.513483e+00   2.622988e+01   6.383788e-01
  1.518171e+00   2.709697e+01   6.343481e-01
  1.522859e+00   2.708665e+01   6.255180e-01
  1.527548e+00   2.704345e+01   6.183375e-01
  1.532236e+00   2.716249e+01   6.137614e-01
  1.536924e+00   2.744888e+01   6.120828e-01
  1.541612e+00   2.683825e+01   6.020412e-01
  1.546300e+00   2.642836e+01   5.959834e-01
  1.550989e+00   2.667120e+01   5.965827e-01
  1.555677e+00   2.743279e+01   6.019533e-01
  1.560365e+00   2.667015e+01   5.907531e-01
  1.565053e+00   2.613875e+01   5.821446e-01
  1.569742e+00   2.688727e+01   5.880310e-01
  1.574430e+00   2.734060e+01   5.917206e-01
  1.579118e+00   2.581821e+01   5.754400e-01
  1.583806e+00   2.619677e+01   5.803058e-01
  1.588495e+00   2.576636e+01   5.761942e-01
  1.593183e+00   2.715829e+01   5.918325e-01
  1.597871e+00   2.691229e+01   5.887823e-01
  1.602559e+00   2.663858e+01   5.849227e-01
  1.607247e+00   2.743496e+01   5.926620e-01
  1.611936e+00   2.663041e+01   5.827904e-01
  1.616624e+00   2.692069e+01   5.851341e-01
  1.621312e+00   2.645851e+01   5.792518e-01
  1.626000e+00   2.592760e+01   5.725428e-01
  1.630689e+00   2.596929e+01   5.720829e-01
  1.635377e+00   2.687115e+01   5.810703e-01
  1.640065e+00   2.721114e+01   5.838824e-01
  1.644753e+00   2.661857e+01   5.767022e-01
  1.649441e+00   2.699364e+01   5.799274e-01
  1.654130e+00   2.682562e+01   5.771959e-01
  1.658818e+00   2.737556e+01   5.822628e-01
  1.663506e+00   2.640282e+01   5.710762e-01
  1.668194e+00   2.614205e+01   5.675359e-01
  1.672883e+00   2.553708e+01   5.599605e-01
  1.677571e+00   2.639099e+01   5.685025e-01
  1.682259e+00   2.643268e+01   5.682696e-01
  1.686947e+00   2.613729e+01   5.643688e-01
  1.691636e+00   2.629720e+01   5.651678e-01
  1.696324e+00   2.613499e+01   5.626678e-01
  1.701012e+00   2.681927e+01   5.692938e-01
  1.705700e+00   2.577377e+01   5.574282e-01
  1.710388e+00   2.657822e+01   5.652213e-01
  1.715077e+00   2.710202e+01   5.699648e-01
  1.719765e+00   2.635818e+01   5.613929e-01
  1.724453e+00   2.655175e+01   5.628098e-01
  1.729141e+00   2.644799e+01   5.609661e-01
  1.733830e+00   2.534686e+01   5.483207e-01
  1.738518e+00   2.585817e+01   5.531972e-01
  1.743206e+00   2.595519e+01   5.535685e-01
  1.747894e+00   2.593835e+01   5.528036e-01
  1.752583e+00   2.609539e+01   5.538763e-01
  1.757271e+00   2.635673e+01   5.557868e-01
  1.761959e+00   2.611588e+01   5.525039e-01
  1.766647e+00   2.600323e+01   5.506234e-01
  1.771335e+00   2.617082e+01   5.516433e-01
  1.776024e+00   2.639227e+01   5.532739e-01
  1.780712e+00   2.669952e+01   5.558231e-01
  1.785400e+00   2.689784e+01   5.572703e-01
  1.790088e+00   2.588318e+01   5.459869e-01
  1.794777e+00   2.522550e+01   5.382511e-01
  1.799465e+00   2.625364e+01   5.484355e-01
  1.804153e+00   2.616776e+01   5.470236e-01
  1.808841e+00   2.581372e+01   5.426591e-01
  1.813530e+00   2.547337e+01   5.382442e-01
  1.818218e+00   2.498177e+01   5.324522e-01
  1.822906e+00   2.551373e+01   5.375630e-01
  1.827594e+00   2.597787e+01   5.418196e-01
  1.832282e+00   2.592755e+01   5.404055e-01
  1.836971e+00   2.555788e+01   5.360389e-01
  1.841659e+00   2.566462e+01   5.366125e-01
  1.846347e+00   2.653091e+01   5.449554e-01
  1.851035e+00   2.600577e+01   5.387483e-01
  1.855724e+00   2.572230e+01   5.352591e-01
  1.860412e+00   2.688822e+01   5.466917e-01
  1.865100e+00   2.649104e+01   5.420124e-01
  1.869788e+00   2.544364e+01   5.304744e-01
  1.874476e+00   2.563693e+01   5.318892e-01
  1.879165e+00   2.545973e+01   5.295206e-01
  1.883853e+00   2.628187e+01   5.373805e-01
  1.888541e+00   2.609258e+01   5.348052e-01
  1.893229e+00   2.590043e+01   5.324604e-01
  1.897918e+00   2.598479e+01   5.327033e-01
  1.902606e+00   2.580553e+01   5.300755e-01
  1.907294e+00   2.581329e+01   5.296295e-01
  1.911982e+00   2.498488e+01   5.203147e-01
  1.916671e+00   2.650825e+01   5.354086e-01
  1.921359e+00   2.602142e+01   5.299263e-01
  1.926047e+00   2.607471e+01   5.299331e-01
  1.930735e+00   2.614330e+01   5.298915e-01
  1.935423e+00   2.578701e+01   5.257310e-01
  1.940112e+00   2.500352e+01   5.170513e-01
  1.944800e+00   2.593642e+01   5.254304e-01
  1.949488e+00   2.594159e+01   5.241349e-01
  1.954176e+00   2.611688e+01   5.247403e-01
  1.958865e+00   2.617975e+01   5.242103e-01
  1.963553e+00   2.553150e+01   5.167708e-01
  1.968241e+00   2.558512e+01   5.167908e-01
  1.972929e+00   2.600147e+01   5.203257e-01
  1.977618e+00   2.560652e+01   5.159441e-01
  1.982306e+00   2.487761e+01   5.082654e-01
  1.986994e+00   2.542680e+01   5.137688e-01
  1.991682e+00   2.540991e+01   5.136382e-01
  1.996370e+00   2.590358e+01   5.187443e-01
  2.001059e+00   2.613679e+01   5.212340e-01
  2.005747e+00   2.561761e+01   5.158668e-01
  2.010435e+00   2.624831e+01   5.213344e-01
  2.015123e+00   2.618498e+01   5.201523e-01
  2.019812e+00   2.522676e+01   5.100458e-01
  2.024500e+00   2.613492e+01   5.186900e-01
  2.029188e+00   2.591492e+01   5.158678e-01
  2.033876e+00   2.588133e+01   5.149601e-01
  2.038565e+00   2.527818e+01   5.083895e-01
  2.043253e+00   2.565135e+01   5.117450e-01
  2.047941e+00   2.630520e+01   5.176296e-01
  2.052629e+00   2.595813e+01   5.154491e-01
  2.057317e+00   2.557310e+01   5.265627e-01
  2.062006e+00   2.679894e+01   5.488232e-01
  2.066694e+00   2.634138e+01   5.513519e-01
  2.071382e+00   2.517225e+01   5.447639e-01
  2.076070e+00   2.606065e+01   5.596997e-01
  2.080759e+00   2.571312e+01   5.609011e-01
  2.085447e+00   2.640405e+01   5.727568e-01
  2.090135e+00   2.571515e+01   5.673659e-01
  2.094823e+00   2.490396e+01   5.599421e-01
  2.099511e+00   2.592635e+01   5.729303e-01
  2.104200e+00   2.616689e+01   5.770754e-01
  2.108888e+00   2.531697e+01   5.688894e-01
  2.113576e+00   2.502901e+01   5.668927e-01
  2.118264e+00   2.570730e+01   5.689221e-01
  2.122953e+00   2.629901e+01   5.572116e-01
  2.127641e+00   2.662321e+01   5.513555e-01
  2.132329e+00   2.586083e+01   5.368035e-01
  2.137017e+00   2.609543e+01   5.341441e-01
  2.141706e+00   2.599213e+01   5.286719e-01
  2.146394e+00   2.568999e+01   5.217454e-01
  2.151082e+00   2.606763e+01   5.226732e-01
  2.155770e+00   2.618882e+01   5.227451e-01
  2.160458e+00   2.604931e+01   5.201428e-01
  2.165147e+00   2.553121e+01   5.138689e-01
  2.169835e+00   2.564553e+01   5.138160e-01
  2.174523e+00   2.545819e+01   5.110431e-01
  2.179211e+00   2.549115e+01   5.104645e-01
  2.183900e+00   2.555700e+01   5.102232e-01
  2.188588e+00   2.607714e+01   5.144457e-01
  2.193276e+00   2.541899e+01   5.070644e-01
  2.197964e+00   2.609853e+01   5.130466e-01
  2.202653e+00   2.593283e+01   5.106062e-01
  2.207341e+00   2.576880e+01   5.081886e-01
  2.212029e+00   2.565261e+01   5.062574e-01
  2.216717e+00   2.517410e+01   5.008565e-01
  2.221405e+00   2.619997e+01   5.102062e-01
  2.226094e+00   2.596190e+01   5.071861e-01
  2.230782e+00   2.504930e+01   4.974799e-01
  2.235470e+00   2.567974e+01   5.030330e-01
  2.240158e+00   2.559385e+01   5.015391e-01
  2.244847e+00   2.560499e+01   5.010576e-01
  2.249535e+00   2.542707e+01   4.985662e-01
  2.254223e+00   2.536695e+01   4.973319e-01
  2.258911e+00   2.527436e+01   4.958720e-01
  2.263600e+00   2.606330e+01   5.029669e-01
  2.268288e+00   2.662791e+01   5.076817e-01
  2.272976e+00   2.637179e+01   5.045751e-01
  2.277664e+00   2.589785e+01   4.994926e-01
  2.282352e+00   2.570207e+01   4.970563e-01
  2.287041e+00   2.545094e+01   4.940106e-01
  2.291729e+00   2.543861e+01   4.932017e-01
  2.296417e+00   2.568381e+01   4.951099e-01
  2.301105e+00   2.600105e+01   4.976051e-01
  2.305794e+00   2.541887e+01   4.914436e-01
  2.310482e+00   2.552851e+01   4.918231e-01
  2.315170e+00   2.548695e+01   4.909689e-01
  2.319858e+00   2.536417e+01   4.892756e-01
  2.324546e+00   2.581510e+01   4.930521e-01
  2.329235e+00   2.507855e+01   4.853175e-01
  2.333923e+00   2.518853e+01   4.859275e-01
  2.338611e+00   2.470253e+01   4.807266e-01
  2.343299e+00   2.611154e+01   4.937389e-01
  2.347988e+00   2.615516e+01   4.934923e-01
  2.352676e+00   2.566002e+01   4.883501e-01
  2.357364e+00   2.548901e+01   4.862326e-01
  2.362052e+00   2.489986e+01   4.800748e-01
  2.366741e+00   2.564307e+01   4.866340e-01
  2.371429e+00   2.547055e+01   4.844722e-01
  2.376117e+00   2.478566e+01   4.774800e-01
  2.380805e+00   2.564836e+01   4.852057e-01
  2.385493e+00   2.640682e+01   4.918033e-01
  2.390182e+00   2.571350e+01   4.848030e-01
  2.394870e+00   2.556211e+01   4.828517e-01
  2.399558e+00   2.549695e+01   4.818338e-01
  2.404246e+00   2.630202e+01   4.888608e-01
  2.408935e+00   2.556687e+01   4.814511e-01
  2.413623e+00   2.514837e+01   4.770172e-01
  2.418311e+00   2.533558e+01   4.783436e-01
  2.422999e+00   2.534452e+01   4.780349e-01
  2.427688e+00   2.546151e+01   4.785090e-01
  2.432376e+00   2.499884e+01   4.737366e-01
  2.437064e+00   2.570608e+01   4.798926e-01
  2.441752e+00   2.580813e+01   4.805151e-01
  2.446440e+00   2.559177e+01   4.778699e-01
  2.451129e+00   2.622015e+01   4.832707e-01
  2.455817e+00   2.583385e+01   4.793372e-01
  2.460505e+00   2.550042e+01   4.758381e-01
  2.465193e+00   2.501571e+01   4.706837e-01
  2.469882e+00   2.551582e+01   4.748747e-01
  2.474570e+00   2.556298e+01   4.748949e-01
  2.479258e+00   2.549016e+01   4.738339e-01
  2.483946e+00   2.548962e+01   4.733601e-01
  2.488634e+00   2.570008e+01   4.747685e-01
  2.493323e+00   2.558809e+01   4.733447e-01
  2.498011e+00   2.562134e+01   4.732598e-01
  2.502699e+00   2.530297e+01   4.698516e-01
  2.507387e+00   2.560694e+01   4.721548e-01
  2.512076e+00   2.565088e+01   4.721377e-01
  2.516764e+00   2.554648e+01   4.708025e-01
  2.521452e+00   2.521185e+01   4.672740e-01
  2.526140e+00   2.511684e+01   4.658982e-01
  2.530829e+00   2.504238e+01   4.647748e-01
  2.535517e+00   2.524904e+01   4.660618e-01
  2.540205e+00   2.587856e+01   4.709190e-01
  2.544893e+00   2.486261e+01   4.605806e-01
  2.549581e+00   2.513917e+01   4.623158e-01
  2.554270e+00   2.510387e+01   4.615526e-01
  2.558958e+00   2.563242e+01   4.659829e-01
  2.563646e+00   2.498150e+01   4.596239e-01
  2.568334e+00   2.500528e+01   4.593712e-01
  2.573023e+00   2.475909e+01   4.567303e-01
  2.577711e+00   2.479834e+01   4.567088e-01
  2.582399e+00   2.535675e+01   4.614421e-01
  2.587087e+00   2.549977e+01   4.624292e-01
  2.591776e+00   2.500863e+01   4.580182e-01
  2.596464e+00   2.522502e+01   4.601682e-01
  2.601152e+00   2.547215e+01   4.624802e-01
  2.605840e+00   2.559929e+01   4.632112e-01
  2.610528e+00   2.533982e+01   4.604506e-01
  2.615217e+00   2.524925e+01   4.592625e-01
  2.619905e+00   2.527930e+01   4.592155e-01
  2.624593e+00   2.480255e+01   4.543440e-01
  2.629281e+00   2.500384e+01   4.558134e-01
  2.633970e+00   2.458881e+01   4.516267e-01
  2.638658e+00   2.496418e+01   4.547472e-01
  2.643346e+00   2.475837e+01   4.524148e-01
  2.648034e+00   2.481468e+01   4.525805e-01
  2.652723e+00   2.614865e+01   4.642005e-01
  2.657411e+00   2.488459e+01   4.524361e-01
  2.662099e+00   2.484639e+01   4.516856e-01
  2.666787e+00   2.526069e+01   4.549658e-01
  2.671475e+00   2.576211e+01   4.590888e-01
  2.676164e+00   2.508501e+01   4.527313e-01
  2.680852e+00   2.560545e+01   4.570845e-01
  2.685540e+00   2.537757e+01   4.545203e-01
  2.690228e+00   2.512976e+01   4.518725e-01
  2.694917e+00   2.505468e+01   4.509803e-01
  2.699605e+00   2.449609e+01   4.455579e-01
  2.704293e+00   2.459883e+01   4.459462e-01
  2.708981e+00   2.514803e+01   4.505299e-01
  2.713669e+00   2.522157e+01   4.508839e-01
  2.718358e+00   2.502528e+01   4.487481e-01
  2.723046e+00   2.510703e+01   4.490497e-01
  2.727734e+00   2.545224e+01   4.517253e-01
  2.732422e+00   2.528696e+01   4.499537e-01
  2.737111e+00   2.511656e+01   4.480766e-01
  2.741799e+00   2.518982e+01   4.483183e-01
  2.746487e+00   2.518545e+01   4.478666e-01
  2.751175e+00   2.517707e+01   4.474796e-01
  2.755864e+00   2.586180e+01   4.531771e-01
  2.760552e+00   2.556044e+01   4.501351e-01
  2.765240e+00   2.490821e+01   4.439375e-01
  2.769928e+00   2.500384e+01   4.444521e-01
  2.774616e+00   2.531997e+01   4.469617e-01
  2.779305e+00   2.540193e+01   4.472815e-01
  2.783993e+00   2.544102e+01   4.472121e-01
  2.788681e+00   2.522609e+01   4.450002e-01
  2.793369e+00   2.500385e+01   4.428110e-01
  2.798058e+00   2.529579e+01   4.449221e-01
  2.802746e+00   2.448564e+01   4.375383e-01
  2.807434e+00   2.499615e+01   4.418262e-01
  2.812122e+00   2.540123e+01   4.447889e-01
  2.816811e+00   2.546828e+01   4.450773e-01
  2.821499e+00   2.439899e+01   4.352080e-01
  2.826187e+00   2.480941e+01   4.384580e-01
  2.830875e+00   2.471613e+01   4.373056e-01
  2.835563e+00   2.441121e+01   4.343021e-01
  2.840252e+00   2.457733e+01   4.353328e-01
  2.844940e+00   2.437730e+01   4.332517e-01
  2.849628e+00   2.490895e+01   4.376118e-01
  2.854316e+00   2.536046e+01   4.412427e-01
  2.859005e+00   2.522078e+01   4.474299e-01
  2.863693e+00   2.520979e+01   4.571439e-01
  2.868381e+00   2.476122e+01   4.590394e-01
  2.873069e+00   2.561657e+01   4.719627e-01
  2.877758e+00   2.531832e+01   4.732985e-01
  2.882446e+00   2.567940e+01   4.796334e-01
  2.887134e+00   2.543308e+01   4.789116e-01
  2.891822e+00   2.516627e+01   4.777833e-01
  2.896510e+00   2.469279e+01   4.745794e-01
  2.901199e+00   2.473871e+01   4.761328e-01
  2.905887e+00   2.567208e+01   4.862456e-01
  2.910575e+00   2.463692e+01   4.773920e-01
  2.915263e+00   2.503621e+01   4.822312e-01
  2.919952e+00   2.569212e+01   4.890578e-01
  2.924640e+00   2.559088e+01   4.749006e-01
  2.929328e+00   2.511294e+01   4.621298e-01
  2.934016e+00   2.486536e+01   4.545852e-01
  2.938704e+00   2.463310e+01   4.483716e-01
  2.943393e+00   2.547704e+01   4.527000e-01
  2.948081e+00   2.502746e+01   4.469398e-01
  2.952769e+00   2.506441e+01   4.461556e-01
  2.957457e+00   2.548704e+01   4.489926e-01
  2.962146e+00   2.545815e+01   4.477798e-01
  2.966834e+00   2.489333e+01   4.420990e-01
  2.971522e+00   2.492072e+01   4.414751e-01
  2.976210e+00   2.467528e+01   4.386123e-01
  2.980899e+00   2.463743e+01   4.375431e-01
  2.985587e+00   2.559104e+01   4.452546e-01
  2.990275e+00   2.605672e+01   4.486385e-01
  2.994963e+00   2.544615e+01   4.428165e-01
  2.999651e+00   2.528429e+01   4.407715e-01
  3.004340e+00   2.503076e+01   4.379651e-01
  3.009028e+00   2.554734e+01   4.419059e-01
  3.013716e+00   2.544288e+01   4.405165e-01
  3.018404e+00   2.566001e+01   4.418556e-01
  3.023093e+00   2.533591e+01   4.384998e-01
  3.027781e+00   2.552335e+01   4.396054e-01
  3.032469e+00   2.545868e+01   4.386044e-01
  3.037157e+00   2.564563e+01   4.397650e-01
  3.041846e+00   2.540737e+01   4.371632e-01
  3.046534e+00   2.508411e+01   4.338963e-01
  3.051222e+00   2.523192e+01   4.348554e-01
  3.055910e+00   2.482740e+01   4.309478e-01
  3.060598e+00   2.456692e+01   4.280555e-01
  3.065287e+00   2.487454e+01   4.303293e-01
  3.069975e+00   2.472140e+01   4.285958e-01
  3.074663e+00   2.519312e+01   4.323060e-01
  3.079351e+00   2.564910e+01   4.357071e-01
  3.084040e+00   2.539116e+01   4.330466e-01
  3.088728e+00   2.547398e+01   4.333892e-01
  3.093416e+00   2.547133e+01   4.331350e-01
  3.098104e+00   2.537064e+01   4.318084e-01
  3.102793e+00   2.534416e+01   4.311299e-01
  3.107481e+00   2.518259e+01   4.293830e-01
  3.112169e+00   2.552187e+01   4.318452e-01
  3.116857e+00   2.477750e+01   4.250743e-01
  3.121545e+00   2.485613e+01   4.253157e-01
  3.126234e+00   2.550586e+01   4.304816e-01
  3.130922e+00   2.527477e+01   4.282212e-01
  3.135610e+00   2.504227e+01   4.258577e-01
  3.140298e+00   2.478928e+01   4.235003e-01
  3.144987e+00   2.439524e+01   4.197772e-01
  3.149675e+00   2.542542e+01   4.279681e-01
  3.154363e+00   2.499611e+01   4.240148e-01
  3.159051e+00   2.515564e+01   4.249051e-01
  3.163739e+00   2.447059e+01   4.187254e-01
  3.168428e+00   2.506645e+01   4.235179e-01
  3.173116e+00   2.573495e+01   4.288411e-01
  3.177804e+00   2.514698e+01   4.234506e-01
  3.182492e+00   2.542199e+01   4.253940e-01
  3.187181e+00   2.515441e+01   4.228299e-01
  3.191869e+00   2.507521e+01   4.218285e-01
  3.196557e+00   2.530196e+01   4.233365e-01
  3.201245e+00   2.494776e+01   4.200124e-01
  3.205934e+00   2.570034e+01   4.259754e-01
  3.210622e+00   2.548340e+01   4.239009e-01
  3.215310e+00   2.489634e+01   4.185739e-01
  3.219998e+00   2.497362e+01   4.187341e-01
  3.224686e+00   2.515667e+01   4.195829e-01
  3.229375e+00   2.460698e+01   4.141969e-01
  3.234063e+00   2.437467e+01   4.117275e-01
  3.238751e+00   2.506147e+01   4.171290e-01
  3.243439e+00   2.520814e+01   4.180177e-01
  3.248128e+00   2.449529e+01   4.117914e-01
  3.252816e+00   2.488095e+01   4.147029e-01
  3.257504e+00   2.535133e+01   4.182084e-01
  3.262192e+00   2.550788e+01   4.192173e-01
  3.266881e+00   2.513685e+01   4.158480e-01
  3.271569e+00   2.492818e+01   4.138219e-01
  3.276257e+00   2.498359e+01   4.139786e-01
  3.280945e+00   2.478701e+01   4.124126e-01
  3.285633e+00   2.469461e+01   4.117860e-01
  3.290322e+00   2.511272e+01   4.152171e-01
  3.295010e+00   2.509071e+01   4.146876e-01
  3.299698e+00   2.547107e+01   4.175044e-01
  3.304386e+00   2.539702e+01   4.165723e-01
  3.309075e+00   2.536046e+01   4.160178e-01
  3.313763e+00   2.532352e+01   4.153715e-01
  3.318451e+00   2.468698e+01   4.097759e-01
  3.323139e+00   2.501526e+01   4.122270e-01
  3.327828e+00   2.533284e+01   4.145079e-01
  3.332516e+00   2.580457e+01   4.180919e-01
  3.337204e+00   2.502303e+01   4.113255e-01
  3.341892e+00   2.526185e+01   4.130820e-01
  3.346580e+00   2.540985e+01   4.139853e-01
  3.351269e+00   2.476328e+01   4.083435e-01
  3.355957e+00   2.531294e+01   4.133336e-01
  3.360645e+00   2.515087e+01   4.220936e-01
  3.365333e+00   2.466467e+01   4.246102e-01
  3.370022e+00   2.521096e+01   4.339939e-01
  3.374710e+00   2.531710e+01   4.370500e-01
  3.379398e+00   2.501203e+01   4.360302e-01
  3.384086e+00   2.479719e+01   4.355601e-01
  3.388774e+00   2.432304e+01   4.318618e-01
  3.393463e+00   2.461337e+01   4.340666e-01
  3.398151e+00   2.529141e+01   4.404331e-01
  3.402839e+00   2.541177e+01   4.424580e-01
  3.407527e+00   2.459172e+01   4.362260e-01
  3.412216e+00   2.479729e+01   4.388784e-01
  3.416904e+00   2.478951e+01   4.396302e-01
  3.421592e+00   2.498818e+01   4.422358e-01
  3.426280e+00   2.414881e+01   4.354621e-01
  3.430969e+00   2.407855e+01   4.355972e-01
  3.435657e+00   2.470467e+01   4.419630e-01
  3.440345e+00   2.504035e+01   4.455258e-01
  3.445033e+00   2.460145e+01   4.422817e-01
  3.449721e+00   2.470569e+01   4.439448e-01
  3.454410e+00   2.479732e+01   4.452700e-01
  3.459098e+00   2.569499e+01   4.538468e-01
  3.463786e+00   2.539367e+01   4.517518e-01
  3.468474e+00   2.511680e+01   4.498639e-01
  3.473163e+00   2.554025e+01   4.541261e-01
  3.477851e+00   2.452376e+01   4.455555e-01
  3.482539e+00   2.484925e+01   4.492024e-01
  3.487227e+00   2.480131e+01   4.490497e-01
  3.491916e+00   2.489590e+01   4.504391e-01
  3.496604e+00   2.485056e+01   4.504854e-01
  3.501292e+00   2.462066e+01   4.488530e-01
  3.505980e+00   2.418871e+01   4.453692e-01
  3.510668e+00   2.453387e+01   4.489809e-01
  3.515357e+00   2.447683e+01   4.488392e-01
  3.520045e+00   2.413634e+01   4.462016e-01
  3.524733e+00   2.475924e+01   4.523034e-01
  3.529421e+00   2.496299e+01   4.545418e-01
  3.534110e+00   2.449286e+01   4.506941e-01
  3.538798e+00   2.520178e+01   4.575251e-01
  3.543486e+00   2.485548e+01   4.547704e-01
  3.548174e+00   2.390677e+01   4.464014e-01
  3.552863e+00   2.418849e+01   4.493704e-01
  3.557551e+00   2.464741e+01   4.539562e-01
  3.562239e+00   2.534268e+01   4.607283e-01
  3.566927e+00   2.505037e+01   4.584147e-01
  3.571615e+00   2.482994e+01   4.567151e-01
  3.576304e+00   2.488441e+01   4.575416e-01
  3.580992e+00   2.500944e+01   4.589788e-01
  3.585680e+00   2.472575e+01   4.561024e-01
  3.590368e+00   2.509646e+01   4.590767e-01
  3.595057e+00   2.471086e+01   4.551305e-01
  3.599745e+00   2.438093e+01   4.516889e-01
  3.604433e+00   2.507236e+01   4.577732e-01
  3.609121e+00   2.519506e+01   4.593695e-01
  3.613809e+00   2.529955e+01   4.603857e-01
  3.618498e+00   2.503107e+01   4.581765e-01
  3.623186e+00   2.492735e+01   4.575515e-01
  3.627874e+00   2.499221e+01   4.584261e-01
  3.632562e+00   2.454414e+01   4.545372e-01
  3.637251e+00   2.456717e+01   4.550596e-01
  3.641939e+00   2.467756e+01   4.563407e-01
  3.646627e+00   2.444634e+01   4.545070e-01
  3.651315e+00   2.535291e+01   4.630834e-01
  3.656004e+00   2.490372e+01   4.594265e-01
  3.660692e+00   2.499963e+01   4.674199e-01
  3.665380e+00   2.531014e+01   4.871384e-01
  3.670068e+00   2.492536e+01   4.917758e-01
  3.674756e+00   2.437503e+01   4.939717e-01
  3.679445e+00   2.475772e+01   5.037887e-01
  3.684133e+00   2.444217e+01   5.039872e-01
  3.688821e+00   2.518899e+01   5.147882e-01
  3.693509e+00   2.499781e+01   5.158666e-01
  3.698198e+00   2.456941e+01   5.142238e-01
  3.702886e+00   2.525651e+01   5.242122e-01
  3.707574e+00   2.441905e+01   5.180283e-01
  3.712262e+00   2.466636e+01   5.232848e-01
  3.716951e+00   2.511129e+01   5.304917e-01
  3.721639e+00   2.428305e+01   5.241548e-01
  3.726327e+00   2.463831e+01   5.303521e-01
  3.731015e+00   2.495930e+01   5.362481e-01
  3.735703e+00   2.546572e+01   5.440126e-01
  3.740392e+00   2.501486e+01   5.415623e-01
  3.745080e+00   2.464202e+01   5.397459e-01
  3.749768e+00   2.490245e+01   5.449007e-01
  3.754456e+00   2.484538e+01   5.465082e-01
  3.759145e+00   2.543364e+01   5.552287e-01
  3.763833e+00   2.503650e+01   5.530748e-01
  3.768521e+00   2.481027e+01   5.527924e-01
  3.773209e+00   2.456577e+01   5.522071e-01
  3.777897e+00   2.428361e+01   5.512006e-01
  3.782586e+00   2.470462e+01   5.580950e-01
  3.787274e+00   2.544012e+01   5.685350e-01
  3.791962e+00   2.493940e+01   5.650672e-01
  3.796650e+00   2.446885e+01   5.618305e-01
  3.801339e+00   2.497026e+01   5.696911e-01
  3.806027e+00   2.469307e+01   5.686387e-01
  3.810715e+00   2.483591e+01   5.724058e-01
  3.815403e+00   2.434797e+01   5.688431e-01
  3.820092e+00   2.449769e+01   5.726936e-01
  3.824780e+00   2.492736e+01   5.798134e-01
  3.829468e+00   2.496947e+01   5.824465e-01
  3.834156e+00   2.532900e+01   5.887145e-01
  3.838844e+00   2.504510e+01   5.875483e-01
  3.843533e+00   2.560303e+01   5.961742e-01
  3.848221e+00   2.560514e+01   5.983207e-01
  3.852909e+00   2.481008e+01   5.910865e-01
  3.857597e+00   2.491454e+01   5.944476e-01
  3.862286e+00   2.523320e+01   6.003684e-01
  3.866974e+00   2.477353e+01   5.969716e-01
  3.871662e+00   2.423680e+01   5.926881e-01
  3.876350e+00   2.534591e+01   6.083336e-01
  3.881039e+00   2.559443e+01   6.132686e-01
  3.885727e+00   2.460752e+01   6.034440e-01
  3.890415e+00   2.446643e+01   6.037707e-01
  3.895103e+00   2.504755e+01   6.131110e-01
  3.899791e+00   2.529290e+01   6.182028e-01
  3.904480e+00   2.531683e+01   6.207024e-01
  3.909168e+00   2.586485e+01   6.295431e-01
  3.913856e+00   2.485068e+01   6.193224e-01
  3.918544e+00   2.460121e+01   6.182564e-01
  3.923233e+00   2.429482e+01   6.166098e-01
  3.927921e+00   2.462596e+01   6.228905e-01
  3.932609e+00   2.431844e+01   6.210844e-01
  3.937297e+00   2.427010e+01   6.215823e-01
  3.941986e+00   2.495624e+01   6.310999e-01
  3.946674e+00   2.542657e+01   6.376688e-01
  3.951362e+00   2.469392e+01   6.280517e-01
  3.956050e+00   2.445557e+01   6.239598e-01
  3.960738e+00   2.550203e+01   6.370033e-01
  3.965427e+00   2.500516e+01   6.315212e-01
  3.970115e+00   2.501692e+01   6.336225e-01
  3.974803e+00   2.533586e+01   6.396914e-01
  3.979491e+00   2.454733e+01   6.314211e-01
  3.984180e+00   2.500152e+01   6.393822e-01
  3.988868e+00   2.417348e+01   6.307983e-01
  3.993556e+00   2.473293e+01   6.401920e-01
  3.998244e+00   2.502219e+01   6.461232e-01
  4.002932e+00   2.556778e+01   6.553587e-01
  4.007621e+00   2.471261e+01   6.464362e-01
  4.012309e+00   2.537036e+01   6.571941e-01
  4.016997e+00   2.472155e+01   6.509402e-01
  4.021685e+00   2.478255e+01   6.539865e-01
  4.026374e+00   2.546148e+01   6.651280e-01
  4.031062e+00   2.504448e+01   6.618880e-01
  4.035750e+00   2.386481e+01   6.483002e-01
  4.040438e+00   2.541605e+01   6.713520e-01
  4.045127e+00   2.533998e+01   6.726432e-01
  4.049815e+00   2.507447e+01   6.713963e-01
  4.054503e+00   2.399315e+01   6.589989e-01
  4.059191e+00   2.430119e+01   6.655326e-01
  4.063879e+00   2.498380e+01   6.771555e-01
  4.068568e+00   2.470440e+01   6.756736e-01
  4.073256e+00   2.503303e+01   6.824912e-01
  4.077944e+00   2.539838e+01   6.898722e-01
  4.082632e+00   2.535322e+01   6.916543e-01
  4.087321e+00   2.501807e+01   6.894821e-01
  4.092009e+00   2.621644e+01   7.082701e-01
  4.096697e+00   2.536567e+01   6.991342e-01
  4.101385e+00   2.482819e+01   6.940917e-01
  4.106074e+00   2.429117e+01   6.890134e-01
  4.110762e+00   2.538015e+01   7.068105e-01
  4.115450e+00   2.530661e+01   7.082847e-01
  4.120138e+00   2.478243e+01   7.033628e-01
  4.124826e+00   2.421138e+01   6.977193e-01
  4.129515e+00   2.619993e+01   7.284599e-01
  4.134203e+00   2.526459e+01   7.178764e-01
  4.138891e+00   2.481872e+01   7.141024e-01
  4.143579e+00   2.543919e+01   7.255948e-01
  4.148268e+00   2.592805e+01   7.352479e-01
  4.152956e+00   2.463926e+01   7.193450e-01
  4.157644e+00   2.470309e+01   7.228351e-01
  4.162332e+00   2.544261e+01   7.363818e-01
  4.167021e+00   2.461329e+01   7.269543e-01
  4.171709e+00   2.357455e+01   7.140160e-01
  4.176397e+00   2.511568e+01   7.397797e-01
  4.181085e+00   2.409045e+01   7.272278e-01
  4.185773e+00   2.488888e+01   7.420232e-01
  4.190462e+00   2.508463e+01   7.478102e-01
  4.195150e+00   2.468671e+01   7.455489e-01
  4.199838e+00   2.473680e+01   7.484164e-01
  4.204526e+00   2.471213e+01   7.506308e-01
  4.209215e+00   2.417168e+01   7.452453e-01
  4.213903e+00   2.525620e+01   7.647129e-01
  4.218591e+00   2.486282e+01   7.616634e-01
  4.223279e+00   2.523197e+01   7.703237e-01
  4.227967e+00   2.564529e+01   7.796001e-01
  4.232656e+00   2.480418e+01   7.697366e-01
  4.237344e+00   2.406873e+01   7.612740e-01
  4.242032e+00   2.485380e+01   7.766308e-01
  4.246720e+00   2.463762e+01   7.762684e-01
  4.251409e+00   2.403698e+01   7.699622e-01
  4.256097e+00   2.478003e+01   7.848364e-01
  4.260785e+00   2.513567e+01   7.936385e-01
  4.265473e+00   2.555194e+01   8.042367e-01
  4.270162e+00   2.498034e+01   7.991890e-01
  4.274850e+00   2.506753e+01   8.063194e-01
  4.279538e+00   2.558403e+01   8.182433e-01
  4.284226e+00   2.558121e+01   8.180839e-01
  4.288914e+00   2.484613e+01   8.087829e-01
  4.293603e+00   2.486233e+01   8.124969e-01
  4.298291e+00   2.442561e+01   8.088720e-01
  4.302979e+00   2.568747e+01   8.328713e-01
  4.307667e+00   2.395097e+01   8.077247e-01
  4.312356e+00   2.384031e+01   8.094319e-01
  4.317044e+00   2.527905e+01   8.369743e-01
  4.321732e+00   2.419102e+01   8.223905e-01
  4.326420e+00   2.445900e+01   8.306445e-01
  4.331109e+00   2.551690e+01   8.520499e-01
  4.335797e+00   2.541324e+01   8.541436e-01
  4.340485e+00   2.539761e+01   8.585398e-01
  4.345173e+00   2.612008e+01   8.739917e-01
  4.349861e+00   2.496142e+01   8.580210e-01
  4.354550e+00   2.466569e+01   8.568811e-01
  4.359238e+00   2.479472e+01   8.630353e-01
  4.363926e+00   2.484524e+01   8.678992e-01
  4.368614e+00   2.373403e+01   8.522169e-01
  4.373303e+00   2.452528e+01   8.704566e-01
  4.377991e+00   2.461307e+01   8.760897e-01
  4.382679e+00   2.440594e+01   8.765313e-01
  4.387367e+00   2.345382e+01   8.634973e-01
  4.392056e+00   2.354333e+01   8.692701e-01
  4.396744e+00   2.430149e+01   8.874210e-01
  4.401432e+00   2.401652e+01   8.874760e-01
  4.406120e+00   2.525451e+01   9.126310e-01
  4.410808e+00   2.385893e+01   8.876732e-01
  4.415497e+00   2.412668e+01   8.932348e-01
  4.420185e+00   2.499279e+01   9.096887e-01
  4.424873e+00   2.497611e+01   9.100768e-01
  4.429561e+00   2.527625e+01   9.161544e-01
  4.434250e+00   2.421060e+01   8.972557e-01
  4.438938e+00   2.574598e+01   9.259682e-01
  4.443626e+00   2.394720e+01   8.935390e-01
  4.448314e+00   2.515857e+01   9.180508e-01
  4.453002e+00   2.471300e+01   9.142615e-01
  4.457691e+00   2.443973e+01   9.138179e-01
  4.462379e+00   2.546528e+01   9.375033e-01
  4.467067e+00   2.625059e+01   9.567003e-01
  4.471755e+00   2.459483e+01   9.307939e-01
  4.476444e+00   2.441713e+01   9.322948e-01
  4.481132e+00   2.618122e+01   9.704475e-01
  4.485820e+00   2.493918e+01   9.522295e-01
  4.490508e+00   2.422820e+01   9.435466e-01
  4.495197e+00   2.486377e+01   9.609755e-01
  4.499885e+00   2.389540e+01   9.471754e-01
  4.504573e+00   2.523215e+01   9.786242e-01
  4.509261e+00   2.581522e+01   9.953659e-01
  4.513949e+00   2.506200e+01   9.862676e-01
  4.518638e+00   2.507893e+01   9.921749e-01
  4.523326e+00   2.449173e+01   9.861012e-01
  4.528014e+00   2.506972e+01   1.003389e+00
  4.532702e+00   2.508063e+01   1.009416e+00
  4.537391e+00   2.439853e+01   1.001412e+00
  4.542079e+00   2.483345e+01   1.016349e+00
  4.546767e+00   2.508039e+01   1.027529e+00
  4.551455e+00   2.427753e+01   1.017038e+00
  4.556144e+00   2.480383e+01   1.034271e+00
  4.560832e+00   2.490619e+01   1.042781e+00
  4.565520e+00   2.465238e+01   1.043906e+00
  4.570208e+00   2.557352e+01   1.070048e+00
  4.574896e+00   2.522010e+01   1.069483e+00
  4.579585e+00   2.472155e+01   1.065667e+00
  4.584273e+00   2.513618e+01   1.081554e+00
  4.588961e+00   2.519612e+01   1.089970e+00
  4.593649e+00   2.603414e+01   1.115327e+00
  4.598338e+00   2.547275e+01   1.110851e+00
  4.603026e+00   2.556758e+01   1.120515e+00
  4.607714e+00   2.558401e+01   1.128612e+00
  4.612402e+00   2.566451e+01   1.138285e+00
  4.617091e+00   2.564095e+01   1.145808e+00
  4.621779e+00   2.493754e+01   1.138240e+00
  4.626467e+00   2.373197e+01   1.118520e+00
  4.631155e+00   2.451871e+01   1.145275e+00
  4.635843e+00   2.549512e+01   1.176559e+00
  4.640532e+00   2.575773e+01   1.191537e+00
  4.645220e+00   2.429361e+01   1.166222e+00
  4.649908e+00   2.456022e+01   1.181811e+00
  4.654596e+00   2.568199e+01   1.218015e+00
  4.659285e+00   2.500483e+01   1.211462e+00
  4.663973e+00   2.386484e+01   1.193122e+00
  4.668661e+00   2.398440e+01   1.206240e+00
  4.673349e+00   2.572392e+01   1.259698e+00
  4.678037e+00   2.512189e+01   1.255445e+00
  4.682726e+00   2.450456e+01   1.250609e+00
  4.687414e+00   2.400577e+01   1.248786e+00
  4.692102e+00   2.433131e+01   1.268682e+00
  4.696790e+00   2.583110e+01   1.319042e+00
  4.701479e+00   2.392242e+01   1.281070e+00
  4.706167e+00   2.496734e+01   1.321015e+00
  4.710855e+00   2.507234e+01   1.336811e+00
  4.715543e+00   2.519508e+01   1.353156e+00
  4.720232e+00   2.591283e+01   1.385867e+00
  4.724920e+00   2.478634e+01   1.369060e+00
  4.729608e+00   2.466479e+01   1.380048e+00
  4.734296e+00   2.354209e+01   1.362603e+00
  4.738984e+00   2.468554e+01   1.410203e+00
  4.743673e+00   2.363995e+01   1.395061e+00
  4.748361e+00   2.519530e+01   1.456554e+00
  4.753049e+00   2.334173e+01   1.418217e+00
  4.757737e+00   2.461493e+01   1.473313e+00
  4.762426e+00   2.621396e+01   1.538484e+00
  4.767114e+00   2.698918e+01   1.580455e+00
  4.771802e+00   2.427551e+01   1.518077e+00
  4.776490e+00   2.413550e+01   1.533014e+00
  4.781179e+00   2.482681e+01   1.575138e+00
  4.785867e+00   2.613731e+01   1.638337e+00
  4.790555e+00   2.474340e+01   1.616425e+00
  4.795243e+00   2.404927e+01   1.616128e+00
  4.799931e+00   2.520144e+01   1.678441e+00
  4.804620e+00   2.597769e+01   1.730353e+00
  4.809308e+00   2.828727e+01   1.833797e+00
  4.813996e+00   2.485901e+01   1.746384e+00
  4.818684e+00   2.566415e+01   1.803487e+00
  4.823373e+00   2.737666e+01   1.895555e+00
  4.828061e+00   2.562857e+01   1.866598e+00
  4.832749e+00   2.690803e+01   1.947341e+00
  4.837437e+00   2.413576e+01   1.879432e+00
  4.842125e+00   2.537001e+01   1.965660e+00
  4.846814e+00   2.482084e+01   1.983728e+00
  4.851502e+00   2.613584e+01   2.078580e+00
  4.856190e+00   2.781503e+01   2.193129e+00
  4.860878e+00   3.002840e+01   2.331934e+00
  4.865567e+00   2.841053e+01   2.322979e+00
  4.870255e+00   2.485015e+01   2.228686e+00
  4.874943e+00   2.364677e+01   2.234798e+00
  4.879631e+00   2.671122e+01   2.442187e+00
  4.884320e+00   2.328109e+01   2.348086e+00
  4.889008e+00   2.521685e+01   2.524156e+00
  4.893696e+00   2.573995e+01   2.637782e+00
  4.898384e+00   2.388275e+01   2.633195e+00
  4.903072e+00   2.304987e+01   2.689962e+00
  4.907761e+00   2.535373e+01   2.981334e+00
  4.912449e+00   2.430422e+01   4.033222e+00
  4.917137e+00   2.210772e+01   1.057481e+01
