# GI Buffer
# Sample c= 0.0 mg/ml
#
# Sample environment:
# Detector = Pilatus
# PixelSize_1 = 0.000172
# PixelSize_2 = 0.000172
#
# title = GI Buffer
# Frame 11 of 120
# Time per frame (s) = 1.0
# SampleDistance = 2.869
# WaveLength = 9.919e-11
# Normalization = 0.001062898
# DiodeCurr = 8.753972e-05
# MachCurr = 68.91981
# Mask = /data/bm29/archive/CALIBRATION/MASK/BM29/Pcon_19thNovember2015_7keV_v3.edf
#
# N 3
# L q*nm  I_GI Buffer  stddev
#
# Sample Information:
# Storage Temperature (degrees C): 20.0
# Measurement Temperature (degrees C): 20.08
# Concentration: 0.0
# Code: GIBuffer
  3.200246e-02   1.389583e+02   1.768356e+01
  3.669069e-02   4.837559e+02   1.497987e+01
  4.137892e-02   6.812463e+02   1.324227e+01
  4.606715e-02   5.834592e+02   1.014725e+01
  5.075538e-02   3.973456e+02   7.606548e+00
  5.544361e-02   2.854534e+02   5.956333e+00
  6.013183e-02   2.114762e+02   4.901556e+00
  6.482006e-02   1.638258e+02   4.139158e+00
  6.950829e-02   1.259597e+02   3.482488e+00
  7.419652e-02   1.069720e+02   3.080660e+00
  7.888475e-02   9.269408e+01   2.772228e+00
  8.357298e-02   7.981267e+01   2.495786e+00
  8.826121e-02   7.162276e+01   2.297310e+00
  9.294944e-02   6.448802e+01   2.116002e+00
  9.763767e-02   5.904597e+01   1.968911e+00
  1.023259e-01   4.957568e+01   1.761189e+00
  1.070141e-01   4.610972e+01   1.659701e+00
  1.117024e-01   4.783371e+01   1.652132e+00
  1.163906e-01   4.503389e+01   1.564238e+00
  1.210788e-01   4.380505e+01   1.512421e+00
  1.257670e-01   4.027806e+01   1.422397e+00
  1.304553e-01   3.922078e+01   1.378883e+00
  1.351435e-01   3.699028e+01   1.312122e+00
  1.398317e-01   3.572176e+01   1.267163e+00
  1.445200e-01   3.579340e+01   1.247470e+00
  1.492082e-01   3.533077e+01   1.219605e+00
  1.538964e-01   3.339174e+01   1.164793e+00
  1.585846e-01   3.279897e+01   1.136093e+00
  1.632729e-01   3.193088e+01   1.104677e+00
  1.679611e-01   3.182840e+01   1.087380e+00
  1.726493e-01   3.308229e+01   1.092165e+00
  1.773376e-01   3.076842e+01   1.037536e+00
  1.820258e-01   3.046144e+01   1.019090e+00
  1.867140e-01   3.090052e+01   1.013491e+00
  1.914022e-01   2.998029e+01   9.856827e-01
  1.960905e-01   2.969784e+01   9.673748e-01
  2.007787e-01   3.008271e+01   9.632380e-01
  2.054669e-01   2.892942e+01   9.338158e-01
  2.101552e-01   2.842511e+01   9.152715e-01
  2.148434e-01   2.763076e+01   8.908360e-01
  2.195316e-01   2.942924e+01   9.093311e-01
  2.242199e-01   2.910182e+01   8.948821e-01
  2.289081e-01   2.763814e+01   8.631464e-01
  2.335963e-01   2.820335e+01   8.621497e-01
  2.382845e-01   2.734472e+01   8.399867e-01
  2.429728e-01   2.805093e+01   8.426406e-01
  2.476610e-01   2.780209e+01   8.309913e-01
  2.523492e-01   2.660586e+01   8.049110e-01
  2.570375e-01   2.778956e+01   8.141888e-01
  2.617257e-01   2.799674e+01   8.100028e-01
  2.664139e-01   2.654186e+01   7.817995e-01
  2.711021e-01   2.750851e+01   7.890278e-01
  2.757904e-01   2.687263e+01   7.723735e-01
  2.804786e-01   2.620215e+01   7.566470e-01
  2.851668e-01   2.657356e+01   7.558145e-01
  2.898551e-01   2.662319e+01   7.499853e-01
  2.945433e-01   2.658513e+01   7.434111e-01
  2.992315e-01   2.627682e+01   7.497070e-01
  3.039197e-01   2.598418e+01   7.514101e-01
  3.086080e-01   2.742502e+01   7.741990e-01
  3.132962e-01   2.594421e+01   7.534003e-01
  3.179844e-01   2.542892e+01   7.457348e-01
  3.226727e-01   2.625112e+01   7.576737e-01
  3.273609e-01   2.579392e+01   7.502095e-01
  3.320491e-01   2.606235e+01   7.527484e-01
  3.367374e-01   2.577137e+01   7.465640e-01
  3.414256e-01   2.658051e+01   7.566527e-01
  3.461138e-01   2.685309e+01   7.589678e-01
  3.508020e-01   2.670479e+01   7.550495e-01
  3.554903e-01   2.539285e+01   7.335213e-01
  3.601785e-01   2.564782e+01   7.357876e-01
  3.648667e-01   2.676439e+01   7.570483e-01
  3.695550e-01   2.673866e+01   7.738225e-01
  3.742432e-01   2.670893e+01   7.821335e-01
  3.789314e-01   2.617322e+01   7.815615e-01
  3.836196e-01   2.635683e+01   7.893201e-01
  3.883079e-01   2.672310e+01   7.991031e-01
  3.929961e-01   2.608124e+01   7.966592e-01
  3.976843e-01   2.627748e+01   8.105174e-01
  4.023726e-01   2.676815e+01   8.261631e-01
  4.070608e-01   2.703301e+01   8.336235e-01
  4.117490e-01   2.725590e+01   8.386989e-01
  4.164372e-01   2.595463e+01   8.198076e-01
  4.211255e-01   2.655381e+01   8.308746e-01
  4.258137e-01   2.597917e+01   8.225290e-01
  4.305019e-01   2.647779e+01   8.296102e-01
  4.351902e-01   2.616599e+01   8.230107e-01
  4.398784e-01   2.609793e+01   8.209448e-01
  4.445666e-01   2.646180e+01   8.361180e-01
  4.492548e-01   2.523453e+01   8.443792e-01
  4.539431e-01   2.635739e+01   8.795696e-01
  4.586313e-01   2.603075e+01   8.872836e-01
  4.633195e-01   2.686540e+01   9.134515e-01
  4.680078e-01   2.607038e+01   9.104605e-01
  4.726960e-01   2.546404e+01   9.094289e-01
  4.773842e-01   2.587152e+01   9.257929e-01
  4.820725e-01   2.595802e+01   9.362507e-01
  4.867607e-01   2.678772e+01   9.601790e-01
  4.914489e-01   2.646558e+01   9.627201e-01
  4.961371e-01   2.626575e+01   9.669818e-01
  5.008254e-01   2.483267e+01   9.479597e-01
  5.055136e-01   2.587696e+01   9.757922e-01
  5.102018e-01   2.650223e+01   9.648639e-01
  5.148901e-01   2.674639e+01   9.354315e-01
  5.195783e-01   2.551423e+01   8.982752e-01
  5.242665e-01   2.482899e+01   8.757409e-01
  5.289547e-01   2.529713e+01   8.755557e-01
  5.336430e-01   2.743361e+01   9.038736e-01
  5.383312e-01   2.677011e+01   8.863831e-01
  5.430194e-01   2.634447e+01   8.740135e-01
  5.477077e-01   2.642870e+01   8.705497e-01
  5.523959e-01   2.604078e+01   8.593252e-01
  5.570841e-01   2.561020e+01   8.475370e-01
  5.617723e-01   2.575224e+01   8.462831e-01
  5.664606e-01   2.628759e+01   8.512810e-01
  5.711488e-01   2.665609e+01   8.538435e-01
  5.758370e-01   2.622023e+01   8.421072e-01
  5.805253e-01   2.636747e+01   8.392591e-01
  5.852135e-01   2.558669e+01   8.214453e-01
  5.899017e-01   2.560534e+01   8.160545e-01
  5.945900e-01   2.516162e+01   8.024608e-01
  5.992782e-01   2.579804e+01   8.073173e-01
  6.039664e-01   2.673818e+01   8.170694e-01
  6.086546e-01   2.554616e+01   7.938901e-01
  6.133429e-01   2.548712e+01   7.878542e-01
  6.180311e-01   2.522362e+01   7.791451e-01
  6.227193e-01   2.579566e+01   7.835908e-01
  6.274076e-01   2.594574e+01   7.825866e-01
  6.320958e-01   2.555795e+01   7.745535e-01
  6.367840e-01   2.659834e+01   7.878917e-01
  6.414722e-01   2.600945e+01   7.775543e-01
  6.461605e-01   2.637544e+01   7.811917e-01
  6.508487e-01   2.648155e+01   7.810854e-01
  6.555369e-01   2.569340e+01   7.670739e-01
  6.602252e-01   2.648345e+01   7.771288e-01
  6.649134e-01   2.562954e+01   7.629052e-01
  6.696016e-01   2.531771e+01   7.566758e-01
  6.742898e-01   2.477015e+01   7.463536e-01
  6.789781e-01   2.484480e+01   7.458522e-01
  6.836663e-01   2.546708e+01   7.535427e-01
  6.883545e-01   2.605900e+01   7.608355e-01
  6.930428e-01   2.517725e+01   7.458174e-01
  6.977310e-01   2.740265e+01   7.763136e-01
  7.024192e-01   2.600645e+01   7.547575e-01
  7.071074e-01   2.574420e+01   7.495052e-01
  7.117957e-01   2.532018e+01   7.416180e-01
  7.164839e-01   2.648645e+01   7.565410e-01
  7.211721e-01   2.463091e+01   7.281795e-01
  7.258604e-01   2.612370e+01   7.483912e-01
  7.305486e-01   2.606785e+01   7.463244e-01
  7.352368e-01   2.616393e+01   7.453954e-01
  7.399251e-01   2.530717e+01   7.319035e-01
  7.446133e-01   2.504041e+01   7.267328e-01
  7.493015e-01   2.611000e+01   7.412316e-01
  7.539897e-01   2.535225e+01   7.282781e-01
  7.586780e-01   2.582648e+01   7.331621e-01
  7.633662e-01   2.588368e+01   7.325307e-01
  7.680544e-01   2.639447e+01   7.384347e-01
  7.727427e-01   2.577298e+01   7.280337e-01
  7.774309e-01   2.558238e+01   7.236511e-01
  7.821191e-01   2.579022e+01   7.253173e-01
  7.868073e-01   2.641603e+01   7.327518e-01
  7.914956e-01   2.490781e+01   7.100036e-01
  7.961838e-01   2.574206e+01   7.201564e-01
  8.008720e-01   2.652006e+01   7.296165e-01
  8.055603e-01   2.602351e+01   7.213989e-01
  8.102485e-01   2.572108e+01   7.159972e-01
  8.149367e-01   2.583245e+01   7.157124e-01
  8.196249e-01   2.548970e+01   7.095982e-01
  8.243132e-01   2.606365e+01   7.163995e-01
  8.290014e-01   2.571179e+01   7.102278e-01
  8.336896e-01   2.650694e+01   7.194589e-01
  8.383779e-01   2.497223e+01   6.969892e-01
  8.430661e-01   2.574062e+01   7.064286e-01
  8.477543e-01   2.641695e+01   7.143382e-01
  8.524425e-01   2.577247e+01   7.041926e-01
  8.571308e-01   2.551225e+01   6.994985e-01
  8.618190e-01   2.563429e+01   6.997404e-01
  8.665072e-01   2.579271e+01   7.005134e-01
  8.711955e-01   2.464369e+01   6.835083e-01
  8.758837e-01   2.635542e+01   7.052451e-01
  8.805719e-01   2.570771e+01   6.953045e-01
  8.852602e-01   2.594744e+01   6.974221e-01
  8.899484e-01   2.600016e+01   6.969912e-01
  8.946366e-01   2.540088e+01   6.871593e-01
  8.993248e-01   2.593257e+01   6.933078e-01
  9.040131e-01   2.548579e+01   6.860539e-01
  9.087013e-01   2.586192e+01   6.900197e-01
  9.133895e-01   2.663720e+01   6.987358e-01
  9.180778e-01   2.587720e+01   6.875421e-01
  9.227660e-01   2.502500e+01   6.748610e-01
  9.274542e-01   2.529924e+01   6.775427e-01
  9.321424e-01   2.570979e+01   6.817325e-01
  9.368307e-01   2.485920e+01   6.689304e-01
  9.415189e-01   2.566415e+01   6.786216e-01
  9.462071e-01   2.536150e+01   6.735923e-01
  9.508954e-01   2.570682e+01   6.768926e-01
  9.555836e-01   2.636278e+01   6.840645e-01
  9.602718e-01   2.630063e+01   6.821637e-01
  9.649600e-01   2.620087e+01   6.797769e-01
  9.696483e-01   2.498263e+01   6.627878e-01
  9.743365e-01   2.566055e+01   6.701568e-01
  9.790247e-01   2.687812e+01   6.848851e-01
  9.837130e-01   2.566124e+01   6.680728e-01
  9.884012e-01   2.601713e+01   6.716645e-01
  9.930894e-01   2.609028e+01   6.712813e-01
  9.977777e-01   2.556237e+01   6.632785e-01
  1.002466e+00   2.507507e+01   6.559386e-01
  1.007154e+00   2.574689e+01   6.635844e-01
  1.011842e+00   2.564631e+01   6.611974e-01
  1.016531e+00   2.566692e+01   6.601376e-01
  1.021219e+00   2.637978e+01   6.681848e-01
  1.025907e+00   2.535472e+01   6.541647e-01
  1.030595e+00   2.559319e+01   6.561927e-01
  1.035283e+00   2.514180e+01   6.489305e-01
  1.039972e+00   2.566649e+01   6.547781e-01
  1.044660e+00   2.556553e+01   6.525659e-01
  1.049348e+00   2.550915e+01   6.507186e-01
  1.054036e+00   2.498961e+01   6.428331e-01
  1.058725e+00   2.511589e+01   6.434926e-01
  1.063413e+00   2.434896e+01   6.325892e-01
  1.068101e+00   2.505353e+01   6.407650e-01
  1.072789e+00   2.561523e+01   6.466923e-01
  1.077478e+00   2.501452e+01   6.380209e-01
  1.082166e+00   2.519403e+01   6.393103e-01
  1.086854e+00   2.551797e+01   6.424855e-01
  1.091542e+00   2.508215e+01   6.360141e-01
  1.096230e+00   2.589138e+01   6.448758e-01
  1.100919e+00   2.652372e+01   6.517940e-01
  1.105607e+00   2.560967e+01   6.396099e-01
  1.110295e+00   2.651531e+01   6.498020e-01
  1.114983e+00   2.631431e+01   6.462646e-01
  1.119672e+00   2.582104e+01   6.392695e-01
  1.124360e+00   2.568301e+01   6.364907e-01
  1.129048e+00   2.550551e+01   6.333345e-01
  1.133736e+00   2.525440e+01   6.290470e-01
  1.138425e+00   2.615290e+01   6.391783e-01
  1.143113e+00   2.522544e+01   6.268128e-01
  1.147801e+00   2.515305e+01   6.251276e-01
  1.152489e+00   2.472695e+01   6.186841e-01
  1.157177e+00   2.511886e+01   6.225062e-01
  1.161866e+00   2.541026e+01   6.253439e-01
  1.166554e+00   2.533408e+01   6.234961e-01
  1.171242e+00   2.540291e+01   6.232979e-01
  1.175930e+00   2.476387e+01   6.144369e-01
  1.180619e+00   2.493013e+01   6.156121e-01
  1.185307e+00   2.519023e+01   6.179184e-01
  1.189995e+00   2.640075e+01   6.317899e-01
  1.194683e+00   2.654359e+01   6.322647e-01
  1.199372e+00   2.570440e+01   6.213357e-01
  1.204060e+00   2.530576e+01   6.158273e-01
  1.208748e+00   2.572179e+01   6.203610e-01
  1.213436e+00   2.572757e+01   6.190014e-01
  1.218124e+00   2.485971e+01   6.074458e-01
  1.222813e+00   2.522861e+01   6.110716e-01
  1.227501e+00   2.481207e+01   6.052886e-01
  1.232189e+00   2.545728e+01   6.120793e-01
  1.236877e+00   2.531621e+01   6.093551e-01
  1.241566e+00   2.555573e+01   6.115006e-01
  1.246254e+00   2.604273e+01   6.165063e-01
  1.250942e+00   2.563656e+01   6.250883e-01
  1.255630e+00   2.550952e+01   6.404139e-01
  1.260318e+00   2.583906e+01   6.553019e-01
  1.265007e+00   2.588072e+01   6.645138e-01
  1.269695e+00   2.628880e+01   6.773879e-01
  1.274383e+00   2.566385e+01   6.760767e-01
  1.279071e+00   2.570609e+01   6.831591e-01
  1.283760e+00   2.547276e+01   6.860487e-01
  1.288448e+00   2.598324e+01   6.986719e-01
  1.293136e+00   2.540317e+01   6.962894e-01
  1.297824e+00   2.614086e+01   7.116269e-01
  1.302513e+00   2.626388e+01   7.175455e-01
  1.307201e+00   2.548589e+01   7.088729e-01
  1.311889e+00   2.615023e+01   7.187078e-01
  1.316577e+00   2.594939e+01   6.884273e-01
  1.321265e+00   2.542106e+01   6.644834e-01
  1.325954e+00   2.551843e+01   6.550290e-01
  1.330642e+00   2.464223e+01   6.354961e-01
  1.335330e+00   2.564118e+01   6.411695e-01
  1.340018e+00   2.573089e+01   6.363220e-01
  1.344707e+00   2.614645e+01   6.360672e-01
  1.349395e+00   2.559719e+01   6.246828e-01
  1.354083e+00   2.601298e+01   6.249611e-01
  1.358771e+00   2.603859e+01   6.211191e-01
  1.363460e+00   2.610023e+01   6.184554e-01
  1.368148e+00   2.604786e+01   6.160924e-01
  1.372836e+00   2.567305e+01   6.099856e-01
  1.377524e+00   2.595990e+01   6.119847e-01
  1.382212e+00   2.527458e+01   6.026607e-01
  1.386901e+00   2.517674e+01   6.002362e-01
  1.391589e+00   2.560660e+01   6.039973e-01
  1.396277e+00   2.607162e+01   6.081737e-01
  1.400965e+00   2.626347e+01   6.092828e-01
  1.405654e+00   2.526909e+01   5.965495e-01
  1.410342e+00   2.517361e+01   5.943188e-01
  1.415030e+00   2.507714e+01   5.918764e-01
  1.419718e+00   2.594952e+01   6.010725e-01
  1.424406e+00   2.613727e+01   6.023123e-01
  1.429095e+00   2.498034e+01   5.877964e-01
  1.433783e+00   2.567448e+01   5.946458e-01
  1.438471e+00   2.646746e+01   6.028255e-01
  1.443159e+00   2.548750e+01   5.906555e-01
  1.447848e+00   2.536310e+01   5.882475e-01
  1.452536e+00   2.635469e+01   5.985081e-01
  1.457224e+00   2.562530e+01   5.892226e-01
  1.461912e+00   2.564031e+01   5.885319e-01
  1.466601e+00   2.537679e+01   5.846095e-01
  1.471289e+00   2.560534e+01   5.862376e-01
  1.475977e+00   2.575706e+01   5.872902e-01
  1.480665e+00   2.503899e+01   5.779290e-01
  1.485353e+00   2.548054e+01   5.913056e-01
  1.490042e+00   2.525191e+01   6.067119e-01
  1.494730e+00   2.564376e+01   6.221913e-01
  1.499418e+00   2.554658e+01   6.289985e-01
  1.504106e+00   2.530527e+01   6.332595e-01
  1.508795e+00   2.530172e+01   6.399360e-01
  1.513483e+00   2.500073e+01   6.199986e-01
  1.518171e+00   2.476176e+01   6.032429e-01
  1.522859e+00   2.528854e+01   6.012541e-01
  1.527548e+00   2.683967e+01   6.127979e-01
  1.532236e+00   2.611548e+01   5.986843e-01
  1.536924e+00   2.647290e+01   5.979745e-01
  1.541612e+00   2.589392e+01   5.882773e-01
  1.546300e+00   2.590717e+01   5.870067e-01
  1.550989e+00   2.550642e+01   5.803741e-01
  1.555677e+00   2.540333e+01   5.762450e-01
  1.560365e+00   2.537568e+01   5.732397e-01
  1.565053e+00   2.542388e+01   5.711409e-01
  1.569742e+00   2.537944e+01   5.683319e-01
  1.574430e+00   2.594895e+01   5.734645e-01
  1.579118e+00   2.606624e+01   5.751886e-01
  1.583806e+00   2.516731e+01   5.658293e-01
  1.588495e+00   2.474435e+01   5.617130e-01
  1.593183e+00   2.468189e+01   5.612688e-01
  1.597871e+00   2.504036e+01   5.649809e-01
  1.602559e+00   2.671903e+01   5.827567e-01
  1.607247e+00   2.613186e+01   5.754057e-01
  1.611936e+00   2.567220e+01   5.692317e-01
  1.616624e+00   2.604497e+01   5.725432e-01
  1.621312e+00   2.571686e+01   5.681038e-01
  1.626000e+00   2.496468e+01   5.588868e-01
  1.630689e+00   2.524367e+01   5.610987e-01
  1.635377e+00   2.579152e+01   5.663150e-01
  1.640065e+00   2.535162e+01   5.606461e-01
  1.644753e+00   2.642861e+01   5.716502e-01
  1.649441e+00   2.611271e+01   5.674177e-01
  1.654130e+00   2.557342e+01   5.606306e-01
  1.658818e+00   2.547207e+01   5.587323e-01
  1.663506e+00   2.570085e+01   5.605015e-01
  1.668194e+00   2.547356e+01   5.573170e-01
  1.672883e+00   2.575716e+01   5.594416e-01
  1.677571e+00   2.526607e+01   5.533596e-01
  1.682259e+00   2.611621e+01   5.619180e-01
  1.686947e+00   2.535176e+01   5.529309e-01
  1.691636e+00   2.536422e+01   5.521634e-01
  1.696324e+00   2.525401e+01   5.502247e-01
  1.701012e+00   2.552672e+01   5.525156e-01
  1.705700e+00   2.635586e+01   5.607542e-01
  1.710388e+00   2.541414e+01   5.498287e-01
  1.715077e+00   2.499370e+01   5.444982e-01
  1.719765e+00   2.533148e+01   5.474867e-01
  1.724453e+00   2.569735e+01   5.507992e-01
  1.729141e+00   2.588941e+01   5.521225e-01
  1.733830e+00   2.522321e+01   5.441350e-01
  1.738518e+00   2.536666e+01   5.450631e-01
  1.743206e+00   2.480923e+01   5.383937e-01
  1.747894e+00   2.519623e+01   5.420028e-01
  1.752583e+00   2.530674e+01   5.426040e-01
  1.757271e+00   2.528631e+01   5.415509e-01
  1.761959e+00   2.506193e+01   5.384238e-01
  1.766647e+00   2.588812e+01   5.465443e-01
  1.771335e+00   2.561172e+01   5.428790e-01
  1.776024e+00   2.488392e+01   5.344355e-01
  1.780712e+00   2.513418e+01   5.364771e-01
  1.785400e+00   2.599804e+01   5.450190e-01
  1.790088e+00   2.557368e+01   5.398885e-01
  1.794777e+00   2.480706e+01   5.309905e-01
  1.799465e+00   2.451548e+01   5.272116e-01
  1.804153e+00   2.556759e+01   5.379003e-01
  1.808841e+00   2.605706e+01   5.423737e-01
  1.813530e+00   2.536223e+01   5.342739e-01
  1.818218e+00   2.497209e+01   5.295789e-01
  1.822906e+00   2.555418e+01   5.351894e-01
  1.827594e+00   2.531704e+01   5.321003e-01
  1.832282e+00   2.534405e+01   5.315096e-01
  1.836971e+00   2.589992e+01   5.368057e-01
  1.841659e+00   2.476811e+01   5.244135e-01
  1.846347e+00   2.453793e+01   5.213601e-01
  1.851035e+00   2.514773e+01   5.270292e-01
  1.855724e+00   2.450577e+01   5.197295e-01
  1.860412e+00   2.538953e+01   5.284730e-01
  1.865100e+00   2.485257e+01   5.222511e-01
  1.869788e+00   2.529873e+01   5.262089e-01
  1.874476e+00   2.603782e+01   5.332423e-01
  1.879165e+00   2.531167e+01   5.252311e-01
  1.883853e+00   2.522414e+01   5.237162e-01
  1.888541e+00   2.554921e+01   5.264534e-01
  1.893229e+00   2.472051e+01   5.174836e-01
  1.897918e+00   2.445462e+01   5.140913e-01
  1.902606e+00   2.533855e+01   5.225240e-01
  1.907294e+00   2.603482e+01   5.291294e-01
  1.911982e+00   2.516800e+01   5.195005e-01
  1.916671e+00   2.542072e+01   5.215823e-01
  1.921359e+00   2.461668e+01   5.127418e-01
  1.926047e+00   2.532363e+01   5.195272e-01
  1.930735e+00   2.572362e+01   5.228858e-01
  1.935423e+00   2.556150e+01   5.207032e-01
  1.940112e+00   2.549724e+01   5.194141e-01
  1.944800e+00   2.558157e+01   5.191082e-01
  1.949488e+00   2.624556e+01   5.244532e-01
  1.954176e+00   2.564070e+01   5.172290e-01
  1.958865e+00   2.568280e+01   5.165090e-01
  1.963553e+00   2.502195e+01   5.089258e-01
  1.968241e+00   2.477900e+01   5.059376e-01
  1.972929e+00   2.561978e+01   5.138047e-01
  1.977618e+00   2.537248e+01   5.109082e-01
  1.982306e+00   2.499695e+01   5.068318e-01
  1.986994e+00   2.504804e+01   5.072743e-01
  1.991682e+00   2.505090e+01   5.073427e-01
  1.996370e+00   2.563469e+01   5.133596e-01
  2.001059e+00   2.519296e+01   5.090733e-01
  2.005747e+00   2.563781e+01   5.133845e-01
  2.010435e+00   2.568853e+01   5.130613e-01
  2.015123e+00   2.544394e+01   5.100709e-01
  2.019812e+00   2.520083e+01   5.071308e-01
  2.024500e+00   2.489585e+01   5.036105e-01
  2.029188e+00   2.544092e+01   5.084683e-01
  2.033876e+00   2.583327e+01   5.118043e-01
  2.038565e+00   2.516889e+01   5.046494e-01
  2.043253e+00   2.533121e+01   5.058951e-01
  2.047941e+00   2.630229e+01   5.149074e-01
  2.052629e+00   2.592353e+01   5.124249e-01
  2.057317e+00   2.550584e+01   5.231332e-01
  2.062006e+00   2.494852e+01   5.267811e-01
  2.066694e+00   2.462879e+01   5.303531e-01
  2.071382e+00   2.509925e+01   5.411426e-01
  2.076070e+00   2.515321e+01   5.470073e-01
  2.080759e+00   2.570900e+01   5.579376e-01
  2.085447e+00   2.507304e+01   5.552296e-01
  2.090135e+00   2.502426e+01   5.567796e-01
  2.094823e+00   2.519844e+01   5.603118e-01
  2.099511e+00   2.543701e+01   5.645446e-01
  2.104200e+00   2.532727e+01   5.647871e-01
  2.108888e+00   2.540542e+01   5.669165e-01
  2.113576e+00   2.563778e+01   5.707597e-01
  2.118264e+00   2.466612e+01   5.543819e-01
  2.122953e+00   2.545495e+01   5.453442e-01
  2.127641e+00   2.534830e+01   5.351924e-01
  2.132329e+00   2.577626e+01   5.331362e-01
  2.137017e+00   2.565000e+01   5.268100e-01
  2.141706e+00   2.549597e+01   5.208770e-01
  2.146394e+00   2.540852e+01   5.161791e-01
  2.151082e+00   2.530899e+01   5.123313e-01
  2.155770e+00   2.494476e+01   5.075230e-01
  2.160458e+00   2.508620e+01   5.077804e-01
  2.165147e+00   2.510290e+01   5.068886e-01
  2.169835e+00   2.497242e+01   5.043896e-01
  2.174523e+00   2.519907e+01   5.057898e-01
  2.179211e+00   2.477970e+01   5.006716e-01
  2.183900e+00   2.488469e+01   5.008475e-01
  2.188588e+00   2.446146e+01   4.956611e-01
  2.193276e+00   2.554221e+01   5.056468e-01
  2.197964e+00   2.477032e+01   4.972202e-01
  2.202653e+00   2.507460e+01   4.994731e-01
  2.207341e+00   2.483410e+01   4.962907e-01
  2.212029e+00   2.553673e+01   5.024840e-01
  2.216717e+00   2.537896e+01   5.002732e-01
  2.221405e+00   2.424144e+01   4.882122e-01
  2.226094e+00   2.542651e+01   4.993171e-01
  2.230782e+00   2.558739e+01   5.001781e-01
  2.235470e+00   2.567136e+01   5.003336e-01
  2.240158e+00   2.487070e+01   4.918301e-01
  2.244847e+00   2.546595e+01   4.970949e-01
  2.249535e+00   2.485354e+01   4.903463e-01
  2.254223e+00   2.460915e+01   4.872979e-01
  2.258911e+00   2.574259e+01   4.978399e-01
  2.263600e+00   2.517338e+01   4.917333e-01
  2.268288e+00   2.477542e+01   4.871554e-01
  2.272976e+00   2.498872e+01   4.886096e-01
  2.277664e+00   2.559276e+01   4.939578e-01
  2.282352e+00   2.539874e+01   4.915433e-01
  2.287041e+00   2.480177e+01   4.851318e-01
  2.291729e+00   2.512222e+01   4.875744e-01
  2.296417e+00   2.466346e+01   4.826506e-01
  2.301105e+00   2.481428e+01   4.835865e-01
  2.305794e+00   2.471622e+01   4.820816e-01
  2.310482e+00   2.525414e+01   4.866272e-01
  2.315170e+00   2.547618e+01   4.883108e-01
  2.319858e+00   2.505782e+01   4.837811e-01
  2.324546e+00   2.516721e+01   4.842922e-01
  2.329235e+00   2.459469e+01   4.781117e-01
  2.333923e+00   2.502641e+01   4.818405e-01
  2.338611e+00   2.558619e+01   4.867032e-01
  2.343299e+00   2.565205e+01   4.868287e-01
  2.347988e+00   2.476754e+01   4.777241e-01
  2.352676e+00   2.523454e+01   4.817641e-01
  2.357364e+00   2.456364e+01   4.748409e-01
  2.362052e+00   2.500658e+01   4.785988e-01
  2.366741e+00   2.490446e+01   4.770788e-01
  2.371429e+00   2.460166e+01   4.736591e-01
  2.376117e+00   2.475611e+01   4.747120e-01
  2.380805e+00   2.508292e+01   4.773305e-01
  2.385493e+00   2.478961e+01   4.740261e-01
  2.390182e+00   2.529247e+01   4.783155e-01
  2.394870e+00   2.561361e+01   4.808226e-01
  2.399558e+00   2.518645e+01   4.763989e-01
  2.404246e+00   2.501728e+01   4.742909e-01
  2.408935e+00   2.540097e+01   4.773892e-01
  2.413623e+00   2.490940e+01   4.722748e-01
  2.418311e+00   2.596708e+01   4.817482e-01
  2.422999e+00   2.579727e+01   4.797761e-01
  2.427688e+00   2.514800e+01   4.730793e-01
  2.432376e+00   2.511227e+01   4.723392e-01
  2.437064e+00   2.516968e+01   4.723882e-01
  2.441752e+00   2.527236e+01   4.730268e-01
  2.446440e+00   2.500556e+01   4.699070e-01
  2.451129e+00   2.457608e+01   4.654396e-01
  2.455817e+00   2.505470e+01   4.695969e-01
  2.460505e+00   2.499255e+01   4.686244e-01
  2.465193e+00   2.498215e+01   4.679201e-01
  2.469882e+00   2.465873e+01   4.644016e-01
  2.474570e+00   2.486909e+01   4.659676e-01
  2.479258e+00   2.487418e+01   4.656379e-01
  2.483946e+00   2.486450e+01   4.650867e-01
  2.488634e+00   2.481828e+01   4.641245e-01
  2.493323e+00   2.514232e+01   4.667617e-01
  2.498011e+00   2.538122e+01   4.685857e-01
  2.502699e+00   2.451346e+01   4.600567e-01
  2.507387e+00   2.458453e+01   4.602254e-01
  2.512076e+00   2.498887e+01   4.635803e-01
  2.516764e+00   2.499990e+01   4.633151e-01
  2.521452e+00   2.454909e+01   4.586917e-01
  2.526140e+00   2.494716e+01   4.619055e-01
  2.530829e+00   2.510008e+01   4.628884e-01
  2.535517e+00   2.510996e+01   4.623578e-01
  2.540205e+00   2.534907e+01   4.636510e-01
  2.544893e+00   2.534674e+01   4.626231e-01
  2.549581e+00   2.509146e+01   4.594734e-01
  2.554270e+00   2.484388e+01   4.567669e-01
  2.558958e+00   2.431153e+01   4.514559e-01
  2.563646e+00   2.465909e+01   4.542718e-01
  2.568334e+00   2.453118e+01   4.526277e-01
  2.573023e+00   2.513899e+01   4.578260e-01
  2.577711e+00   2.469619e+01   4.533954e-01
  2.582399e+00   2.480709e+01   4.540383e-01
  2.587087e+00   2.479704e+01   4.536397e-01
  2.591776e+00   2.486159e+01   4.542933e-01
  2.596464e+00   2.506289e+01   4.563000e-01
  2.601152e+00   2.536540e+01   4.591084e-01
  2.605840e+00   2.546969e+01   4.596327e-01
  2.610528e+00   2.490785e+01   4.541334e-01
  2.615217e+00   2.494611e+01   4.541217e-01
  2.619905e+00   2.416247e+01   4.466205e-01
  2.624593e+00   2.425540e+01   4.469665e-01
  2.629281e+00   2.518508e+01   4.550818e-01
  2.633970e+00   2.543093e+01   4.569051e-01
  2.638658e+00   2.559827e+01   4.580900e-01
  2.643346e+00   2.517112e+01   4.537965e-01
  2.648034e+00   2.486824e+01   4.507110e-01
  2.652723e+00   2.483011e+01   4.499916e-01
  2.657411e+00   2.461060e+01   4.475970e-01
  2.662099e+00   2.440742e+01   4.453481e-01
  2.666787e+00   2.496064e+01   4.499022e-01
  2.671475e+00   2.383541e+01   4.392900e-01
  2.676164e+00   2.440531e+01   4.442317e-01
  2.680852e+00   2.463873e+01   4.460397e-01
  2.685540e+00   2.509720e+01   4.496503e-01
  2.690228e+00   2.488082e+01   4.472890e-01
  2.694917e+00   2.453686e+01   4.439731e-01
  2.699605e+00   2.484446e+01   4.463798e-01
  2.704293e+00   2.463447e+01   4.439468e-01
  2.708981e+00   2.535938e+01   4.500647e-01
  2.713669e+00   2.571785e+01   4.529288e-01
  2.718358e+00   2.532403e+01   4.490695e-01
  2.723046e+00   2.510947e+01   4.467345e-01
  2.727734e+00   2.416961e+01   4.379054e-01
  2.732422e+00   2.437602e+01   4.394757e-01
  2.737111e+00   2.492935e+01   4.440805e-01
  2.741799e+00   2.495055e+01   4.438621e-01
  2.746487e+00   2.499629e+01   4.438597e-01
  2.751175e+00   2.443215e+01   4.385162e-01
  2.755864e+00   2.472479e+01   4.407974e-01
  2.760552e+00   2.488563e+01   4.418421e-01
  2.765240e+00   2.492030e+01   4.417344e-01
  2.769928e+00   2.444981e+01   4.372135e-01
  2.774616e+00   2.469307e+01   4.390968e-01
  2.779305e+00   2.511511e+01   4.424348e-01
  2.783993e+00   2.445309e+01   4.361614e-01
  2.788681e+00   2.485199e+01   4.393897e-01
  2.793369e+00   2.519640e+01   4.421994e-01
  2.798058e+00   2.578742e+01   4.468872e-01
  2.802746e+00   2.448417e+01   4.352483e-01
  2.807434e+00   2.488323e+01   4.385331e-01
  2.812122e+00   2.465991e+01   4.359698e-01
  2.816811e+00   2.449446e+01   4.342138e-01
  2.821499e+00   2.430292e+01   4.320900e-01
  2.826187e+00   2.440167e+01   4.325771e-01
  2.830875e+00   2.507020e+01   4.381349e-01
  2.835563e+00   2.502077e+01   4.374030e-01
  2.840252e+00   2.455498e+01   4.328703e-01
  2.844940e+00   2.485595e+01   4.352078e-01
  2.849628e+00   2.456615e+01   4.323285e-01
  2.854316e+00   2.491818e+01   4.351020e-01
  2.859005e+00   2.447206e+01   4.384450e-01
  2.863693e+00   2.490823e+01   4.520369e-01
  2.868381e+00   2.497219e+01   4.585918e-01
  2.873069e+00   2.519940e+01   4.656679e-01
  2.877758e+00   2.521157e+01   4.698419e-01
  2.882446e+00   2.539528e+01   4.744905e-01
  2.887134e+00   2.509817e+01   4.732722e-01
  2.891822e+00   2.605867e+01   4.836506e-01
  2.896510e+00   2.531224e+01   4.779949e-01
  2.901199e+00   2.434474e+01   4.698685e-01
  2.905887e+00   2.399634e+01   4.676616e-01
  2.910575e+00   2.487775e+01   4.772232e-01
  2.915263e+00   2.512380e+01   4.805602e-01
  2.919952e+00   2.473850e+01   4.773983e-01
  2.924640e+00   2.451811e+01   4.624211e-01
  2.929328e+00   2.504366e+01   4.590903e-01
  2.934016e+00   2.488496e+01   4.523978e-01
  2.938704e+00   2.528145e+01   4.518701e-01
  2.943393e+00   2.536419e+01   4.493456e-01
  2.948081e+00   2.482692e+01   4.428291e-01
  2.952769e+00   2.499751e+01   4.432412e-01
  2.957457e+00   2.468482e+01   4.395706e-01
  2.962146e+00   2.479132e+01   4.395770e-01
  2.966834e+00   2.532541e+01   4.435988e-01
  2.971522e+00   2.480131e+01   4.381243e-01
  2.976210e+00   2.467785e+01   4.363524e-01
  2.980899e+00   2.516670e+01   4.399166e-01
  2.985587e+00   2.456761e+01   4.339902e-01
  2.990275e+00   2.485155e+01   4.358604e-01
  2.994963e+00   2.494414e+01   4.361451e-01
  2.999651e+00   2.572645e+01   4.422951e-01
  3.004340e+00   2.493483e+01   4.348502e-01
  3.009028e+00   2.445947e+01   4.301448e-01
  3.013716e+00   2.378382e+01   4.236956e-01
  3.018404e+00   2.531811e+01   4.366179e-01
  3.023093e+00   2.519635e+01   4.350149e-01
  3.027781e+00   2.502288e+01   4.330089e-01
  3.032469e+00   2.512220e+01   4.334290e-01
  3.037157e+00   2.501133e+01   4.320325e-01
  3.041846e+00   2.475577e+01   4.292754e-01
  3.046534e+00   2.517793e+01   4.324447e-01
  3.051222e+00   2.511146e+01   4.315585e-01
  3.055910e+00   2.540876e+01   4.336954e-01
  3.060598e+00   2.516808e+01   4.310065e-01
  3.065287e+00   2.527180e+01   4.314949e-01
  3.069975e+00   2.397932e+01   4.199173e-01
  3.074663e+00   2.505087e+01   4.288404e-01
  3.079351e+00   2.488866e+01   4.269661e-01
  3.084040e+00   2.454525e+01   4.235562e-01
  3.088728e+00   2.486545e+01   4.259531e-01
  3.093416e+00   2.518952e+01   4.284908e-01
  3.098104e+00   2.447849e+01   4.219410e-01
  3.102793e+00   2.466349e+01   4.230878e-01
  3.107481e+00   2.525319e+01   4.277470e-01
  3.112169e+00   2.489054e+01   4.242512e-01
  3.116857e+00   2.429405e+01   4.187165e-01
  3.121545e+00   2.487001e+01   4.232206e-01
  3.126234e+00   2.498326e+01   4.238315e-01
  3.130922e+00   2.483672e+01   4.222851e-01
  3.135610e+00   2.514758e+01   4.245313e-01
  3.140298e+00   2.473096e+01   4.208005e-01
  3.144987e+00   2.481759e+01   4.211920e-01
  3.149675e+00   2.486423e+01   4.210163e-01
  3.154363e+00   2.468416e+01   4.191679e-01
  3.159051e+00   2.487299e+01   4.203125e-01
  3.163739e+00   2.474095e+01   4.188412e-01
  3.168428e+00   2.386079e+01   4.110568e-01
  3.173116e+00   2.382526e+01   4.104758e-01
  3.177804e+00   2.440980e+01   4.150265e-01
  3.182492e+00   2.445420e+01   4.150470e-01
  3.187181e+00   2.433675e+01   4.137365e-01
  3.191869e+00   2.497692e+01   4.188102e-01
  3.196557e+00   2.467845e+01   4.159121e-01
  3.201245e+00   2.462498e+01   4.151149e-01
  3.205934e+00   2.482223e+01   4.164563e-01
  3.210622e+00   2.498218e+01   4.175273e-01
  3.215310e+00   2.442192e+01   4.124091e-01
  3.219998e+00   2.487082e+01   4.156968e-01
  3.224686e+00   2.496128e+01   4.157753e-01
  3.229375e+00   2.473743e+01   4.131321e-01
  3.234063e+00   2.532207e+01   4.174688e-01
  3.238751e+00   2.477743e+01   4.126000e-01
  3.243439e+00   2.495920e+01   4.137840e-01
  3.248128e+00   2.471840e+01   4.115098e-01
  3.252816e+00   2.468431e+01   4.109114e-01
  3.257504e+00   2.454038e+01   4.093238e-01
  3.262192e+00   2.467712e+01   4.101884e-01
  3.266881e+00   2.445860e+01   4.080648e-01
  3.271569e+00   2.501106e+01   4.123521e-01
  3.276257e+00   2.547771e+01   4.158769e-01
  3.280945e+00   2.469635e+01   4.095155e-01
  3.285633e+00   2.437422e+01   4.069771e-01
  3.290322e+00   2.453645e+01   4.082896e-01
  3.295010e+00   2.501291e+01   4.118896e-01
  3.299698e+00   2.452343e+01   4.075323e-01
  3.304386e+00   2.468656e+01   4.085670e-01
  3.309075e+00   2.490319e+01   4.101048e-01
  3.313763e+00   2.441004e+01   4.056887e-01
  3.318451e+00   2.460579e+01   4.069725e-01
  3.323139e+00   2.453432e+01   4.061205e-01
  3.327828e+00   2.434379e+01   4.042212e-01
  3.332516e+00   2.436472e+01   4.041460e-01
  3.337204e+00   2.478499e+01   4.072341e-01
  3.341892e+00   2.465236e+01   4.059448e-01
  3.346580e+00   2.464106e+01   4.055530e-01
  3.351269e+00   2.433843e+01   4.027188e-01
  3.355957e+00   2.480956e+01   4.070737e-01
  3.360645e+00   2.502027e+01   4.188055e-01
  3.365333e+00   2.485791e+01   4.240520e-01
  3.370022e+00   2.505357e+01   4.303857e-01
  3.374710e+00   2.486236e+01   4.308533e-01
  3.379398e+00   2.411568e+01   4.259179e-01
  3.384086e+00   2.393192e+01   4.256668e-01
  3.388774e+00   2.500277e+01   4.355760e-01
  3.393463e+00   2.492035e+01   4.344922e-01
  3.398151e+00   2.439949e+01   4.303462e-01
  3.402839e+00   2.493437e+01   4.360013e-01
  3.407527e+00   2.482487e+01   4.360083e-01
  3.412216e+00   2.435786e+01   4.327089e-01
  3.416904e+00   2.387374e+01   4.291883e-01
  3.421592e+00   2.495130e+01   4.396095e-01
  3.426280e+00   2.526129e+01   4.430619e-01
  3.430969e+00   2.555391e+01   4.464087e-01
  3.435657e+00   2.526295e+01   4.446032e-01
  3.440345e+00   2.427401e+01   4.363726e-01
  3.445033e+00   2.468156e+01   4.406958e-01
  3.449721e+00   2.502909e+01   4.445156e-01
  3.454410e+00   2.456977e+01   4.409158e-01
  3.459098e+00   2.436469e+01   4.396423e-01
  3.463786e+00   2.412701e+01   4.380493e-01
  3.468474e+00   2.453108e+01   4.422739e-01
  3.473163e+00   2.509249e+01   4.477853e-01
  3.477851e+00   2.471326e+01   4.449460e-01
  3.482539e+00   2.466699e+01   4.452229e-01
  3.487227e+00   2.464231e+01   4.452787e-01
  3.491916e+00   2.490201e+01   4.481499e-01
  3.496604e+00   2.441269e+01   4.441755e-01
  3.501292e+00   2.438073e+01   4.443362e-01
  3.505980e+00   2.447083e+01   4.456277e-01
  3.510668e+00   2.475337e+01   4.486380e-01
  3.515357e+00   2.443548e+01   4.461262e-01
  3.520045e+00   2.477636e+01   4.497263e-01
  3.524733e+00   2.459580e+01   4.484621e-01
  3.529421e+00   2.504722e+01   4.529386e-01
  3.534110e+00   2.482539e+01   4.513820e-01
  3.538798e+00   2.429315e+01   4.468639e-01
  3.543486e+00   2.444975e+01   4.486963e-01
  3.548174e+00   2.471927e+01   4.515616e-01
  3.552863e+00   2.464882e+01   4.512656e-01
  3.557551e+00   2.501489e+01   4.549478e-01
  3.562239e+00   2.498585e+01   4.550925e-01
  3.566927e+00   2.402757e+01   4.466225e-01
  3.571615e+00   2.419152e+01   4.484594e-01
  3.576304e+00   2.462244e+01   4.527585e-01
  3.580992e+00   2.485580e+01   4.551857e-01
  3.585680e+00   2.442109e+01   4.509249e-01
  3.590368e+00   2.438136e+01   4.501341e-01
  3.595057e+00   2.497546e+01   4.551795e-01
  3.599745e+00   2.436940e+01   4.492321e-01
  3.604433e+00   2.435876e+01   4.488636e-01
  3.609121e+00   2.378946e+01   4.440489e-01
  3.613809e+00   2.463967e+01   4.519776e-01
  3.618498e+00   2.506955e+01   4.561423e-01
  3.623186e+00   2.433166e+01   4.496990e-01
  3.627874e+00   2.426055e+01   4.493155e-01
  3.632562e+00   2.466029e+01   4.532405e-01
  3.637251e+00   2.429010e+01   4.501315e-01
  3.641939e+00   2.484338e+01   4.554886e-01
  3.646627e+00   2.437724e+01   4.515023e-01
  3.651315e+00   2.351897e+01   4.436991e-01
  3.656004e+00   2.510755e+01   4.589021e-01
  3.660692e+00   2.503223e+01   4.652906e-01
  3.665380e+00   2.463866e+01   4.781318e-01
  3.670068e+00   2.551600e+01   4.949790e-01
  3.674756e+00   2.543106e+01   5.019331e-01
  3.679445e+00   2.471907e+01   5.007755e-01
  3.684133e+00   2.373981e+01   4.941085e-01
  3.688821e+00   2.417173e+01   5.016619e-01
  3.693509e+00   2.383038e+01   5.010556e-01
  3.698198e+00   2.441395e+01   5.099269e-01
  3.702886e+00   2.393880e+01   5.076984e-01
  3.707574e+00   2.466829e+01   5.179557e-01
  3.712262e+00   2.447382e+01   5.185260e-01
  3.716951e+00   2.407004e+01   5.166740e-01
  3.721639e+00   2.460477e+01   5.248699e-01
  3.726327e+00   2.449956e+01   5.261045e-01
  3.731015e+00   2.507153e+01   5.346556e-01
  3.735703e+00   2.502368e+01   5.364639e-01
  3.740392e+00   2.501738e+01   5.387712e-01
  3.745080e+00   2.442153e+01   5.345296e-01
  3.749768e+00   2.416761e+01   5.340074e-01
  3.754456e+00   2.384248e+01   5.325785e-01
  3.759145e+00   2.513774e+01   5.491169e-01
  3.763833e+00   2.528210e+01   5.528886e-01
  3.768521e+00   2.481282e+01   5.499440e-01
  3.773209e+00   2.459637e+01   5.496755e-01
  3.777897e+00   2.451623e+01   5.509523e-01
  3.782586e+00   2.380986e+01   5.450439e-01
  3.787274e+00   2.466097e+01   5.568482e-01
  3.791962e+00   2.410846e+01   5.526827e-01
  3.796650e+00   2.447984e+01   5.590323e-01
  3.801339e+00   2.394330e+01   5.549501e-01
  3.806027e+00   2.517780e+01   5.712047e-01
  3.810715e+00   2.447805e+01   5.653098e-01
  3.815403e+00   2.342129e+01   5.550097e-01
  3.820092e+00   2.406339e+01   5.646408e-01
  3.824780e+00   2.382083e+01   5.638488e-01
  3.829468e+00   2.510722e+01   5.810114e-01
  3.834156e+00   2.508417e+01   5.828136e-01
  3.838844e+00   2.384076e+01   5.702643e-01
  3.843533e+00   2.400983e+01   5.743229e-01
  3.848221e+00   2.536820e+01   5.924466e-01
  3.852909e+00   2.480106e+01   5.879036e-01
  3.857597e+00   2.422953e+01   5.831680e-01
  3.862286e+00   2.490643e+01   5.933644e-01
  3.866974e+00   2.513800e+01   5.982177e-01
  3.871662e+00   2.450151e+01   5.928148e-01
  3.876350e+00   2.485423e+01   5.992693e-01
  3.881039e+00   2.477571e+01   6.002402e-01
  3.885727e+00   2.434313e+01   5.970701e-01
  3.890415e+00   2.513266e+01   6.087514e-01
  3.895103e+00   2.510071e+01   6.105674e-01
  3.899791e+00   2.365626e+01   5.947559e-01
  3.904480e+00   2.398092e+01   6.009603e-01
  3.909168e+00   2.480215e+01   6.132664e-01
  3.913856e+00   2.481135e+01   6.156119e-01
  3.918544e+00   2.428116e+01   6.110253e-01
  3.923233e+00   2.467932e+01   6.182358e-01
  3.927921e+00   2.493459e+01   6.235198e-01
  3.932609e+00   2.374753e+01   6.105568e-01
  3.937297e+00   2.387652e+01   6.133134e-01
  3.941986e+00   2.465508e+01   6.240162e-01
  3.946674e+00   2.425149e+01   6.195189e-01
  3.951362e+00   2.502152e+01   6.289139e-01
  3.956050e+00   2.476160e+01   6.245844e-01
  3.960738e+00   2.426021e+01   6.180671e-01
  3.965427e+00   2.481606e+01   6.258547e-01
  3.970115e+00   2.440555e+01   6.225756e-01
  3.974803e+00   2.446364e+01   6.253127e-01
  3.979491e+00   2.450422e+01   6.275833e-01
  3.984180e+00   2.421464e+01   6.259654e-01
  3.988868e+00   2.413901e+01   6.270679e-01
  3.993556e+00   2.488697e+01   6.388406e-01
  3.998244e+00   2.467045e+01   6.382270e-01
  4.002932e+00   2.493881e+01   6.438794e-01
  4.007621e+00   2.486621e+01   6.450676e-01
  4.012309e+00   2.479260e+01   6.462871e-01
  4.016997e+00   2.447988e+01   6.443798e-01
  4.021685e+00   2.461282e+01   6.483514e-01
  4.026374e+00   2.464954e+01   6.510315e-01
  4.031062e+00   2.371768e+01   6.407648e-01
  4.035750e+00   2.369095e+01   6.425729e-01
  4.040438e+00   2.526282e+01   6.658421e-01
  4.045127e+00   2.419236e+01   6.538148e-01
  4.049815e+00   2.459975e+01   6.615494e-01
  4.054503e+00   2.529454e+01   6.731138e-01
  4.059191e+00   2.436791e+01   6.629776e-01
  4.063879e+00   2.421819e+01   6.632299e-01
  4.068568e+00   2.490282e+01   6.748514e-01
  4.073256e+00   2.475644e+01   6.751782e-01
  4.077944e+00   2.479079e+01   6.780238e-01
  4.082632e+00   2.411180e+01   6.709983e-01
  4.087321e+00   2.398072e+01   6.715236e-01
  4.092009e+00   2.524342e+01   6.913854e-01
  4.096697e+00   2.426887e+01   6.802932e-01
  4.101385e+00   2.426036e+01   6.825382e-01
  4.106074e+00   2.445830e+01   6.877816e-01
  4.110762e+00   2.506621e+01   6.987702e-01
  4.115450e+00   2.363384e+01   6.809136e-01
  4.120138e+00   2.396290e+01   6.880360e-01
  4.124826e+00   2.427628e+01   6.950181e-01
  4.129515e+00   2.483866e+01   7.055921e-01
  4.134203e+00   2.458064e+01   7.044078e-01
  4.138891e+00   2.490554e+01   7.116277e-01
  4.143579e+00   2.491954e+01   7.144088e-01
  4.148268e+00   2.510395e+01   7.197039e-01
  4.152956e+00   2.531282e+01   7.253167e-01
  4.157644e+00   2.529329e+01   7.276127e-01
  4.162332e+00   2.377070e+01   7.080718e-01
  4.167021e+00   2.378078e+01   7.108359e-01
  4.171709e+00   2.374607e+01   7.128795e-01
  4.176397e+00   2.377617e+01   7.160361e-01
  4.181085e+00   2.559558e+01   7.457007e-01
  4.185773e+00   2.519885e+01   7.427444e-01
  4.190462e+00   2.487213e+01   7.407609e-01
  4.195150e+00   2.527587e+01   7.504671e-01
  4.199838e+00   2.519620e+01   7.514032e-01
  4.204526e+00   2.496865e+01   7.505901e-01
  4.209215e+00   2.517200e+01   7.565517e-01
  4.213903e+00   2.473822e+01   7.528921e-01
  4.218591e+00   2.413850e+01   7.465813e-01
  4.223279e+00   2.430402e+01   7.520915e-01
  4.227967e+00   2.446388e+01   7.574691e-01
  4.232656e+00   2.400368e+01   7.532731e-01
  4.237344e+00   2.576232e+01   7.835034e-01
  4.242032e+00   2.525399e+01   7.787845e-01
  4.246720e+00   2.427039e+01   7.664519e-01
  4.251409e+00   2.484895e+01   7.787850e-01
  4.256097e+00   2.403518e+01   7.689285e-01
  4.260785e+00   2.464432e+01   7.817537e-01
  4.265473e+00   2.502901e+01   7.918224e-01
  4.270162e+00   2.532908e+01   8.005604e-01
  4.274850e+00   2.425345e+01   7.889910e-01
  4.279538e+00   2.515479e+01   8.071281e-01
  4.284226e+00   2.523876e+01   8.083612e-01
  4.288914e+00   2.450739e+01   7.990705e-01
  4.293603e+00   2.526232e+01   8.147445e-01
  4.298291e+00   2.496615e+01   8.135178e-01
  4.302979e+00   2.536066e+01   8.232494e-01
  4.307667e+00   2.541395e+01   8.276982e-01
  4.312356e+00   2.396226e+01   8.072764e-01
  4.317044e+00   2.477925e+01   8.243467e-01
  4.321732e+00   2.325529e+01   8.021321e-01
  4.326420e+00   2.476120e+01   8.314110e-01
  4.331109e+00   2.432800e+01   8.276341e-01
  4.335797e+00   2.443151e+01   8.331248e-01
  4.340485e+00   2.464026e+01   8.412416e-01
  4.345173e+00   2.432235e+01   8.389902e-01
  4.349861e+00   2.449798e+01   8.455949e-01
  4.354550e+00   2.490886e+01   8.566136e-01
  4.359238e+00   2.480495e+01   8.587213e-01
  4.363926e+00   2.513241e+01   8.683580e-01
  4.368614e+00   2.454924e+01   8.622186e-01
  4.373303e+00   2.428275e+01   8.616347e-01
  4.377991e+00   2.406361e+01   8.617477e-01
  4.382679e+00   2.441448e+01   8.721226e-01
  4.387367e+00   2.425228e+01   8.735030e-01
  4.392056e+00   2.383231e+01   8.700376e-01
  4.396744e+00   2.485425e+01   8.927861e-01
  4.401432e+00   2.464978e+01   8.944217e-01
  4.406120e+00   2.395600e+01   8.842332e-01
  4.410808e+00   2.379817e+01   8.819288e-01
  4.415497e+00   2.326995e+01   8.726671e-01
  4.420185e+00   2.483838e+01   9.021549e-01
  4.424873e+00   2.399887e+01   8.874526e-01
  4.429561e+00   2.463948e+01   8.998334e-01
  4.434250e+00   2.514095e+01   9.095746e-01
  4.438938e+00   2.474379e+01   9.030432e-01
  4.443626e+00   2.574597e+01   9.216685e-01
  4.448314e+00   2.632971e+01   9.342883e-01
  4.453002e+00   2.435077e+01   9.028138e-01
  4.457691e+00   2.466440e+01   9.132314e-01
  4.462379e+00   2.530327e+01   9.296532e-01
  4.467067e+00   2.430959e+01   9.158604e-01
  4.471755e+00   2.398664e+01   9.144298e-01
  4.476444e+00   2.407979e+01   9.210145e-01
  4.481132e+00   2.592073e+01   9.605826e-01
  4.485820e+00   2.613226e+01   9.696681e-01
  4.490508e+00   2.450018e+01   9.438902e-01
  4.495197e+00   2.439941e+01   9.470055e-01
  4.499885e+00   2.455437e+01   9.551501e-01
  4.504573e+00   2.611186e+01   9.903570e-01
  4.509261e+00   2.482665e+01   9.710419e-01
  4.513949e+00   2.520042e+01   9.838406e-01
  4.518638e+00   2.556635e+01   9.965568e-01
  4.523326e+00   2.411902e+01   9.734772e-01
  4.528014e+00   2.387419e+01   9.740760e-01
  4.532702e+00   2.602051e+01   1.022805e+00
  4.537391e+00   2.511059e+01   1.010633e+00
  4.542079e+00   2.393989e+01   9.927040e-01
  4.546767e+00   2.538728e+01   1.028416e+00
  4.551455e+00   2.486827e+01   1.023981e+00
  4.556144e+00   2.481838e+01   1.029191e+00
  4.560832e+00   2.406671e+01   1.019722e+00
  4.565520e+00   2.526478e+01   1.051293e+00
  4.570208e+00   2.521350e+01   1.056960e+00
  4.574896e+00   2.407111e+01   1.039400e+00
  4.579585e+00   2.414798e+01   1.047751e+00
  4.584273e+00   2.483390e+01   1.069436e+00
  4.588961e+00   2.640351e+01   1.109974e+00
  4.593649e+00   2.644750e+01   1.118297e+00
  4.598338e+00   2.419590e+01   1.077018e+00
  4.603026e+00   2.546903e+01   1.112534e+00
  4.607714e+00   2.518610e+01   1.113974e+00
  4.612402e+00   2.601818e+01   1.140137e+00
  4.617091e+00   2.643334e+01   1.157323e+00
  4.621779e+00   2.637465e+01   1.164486e+00
  4.626467e+00   2.575912e+01   1.159249e+00
  4.631155e+00   2.506442e+01   1.151924e+00
  4.635843e+00   2.395806e+01   1.134606e+00
  4.640532e+00   2.223236e+01   1.101236e+00
  4.645220e+00   2.464769e+01   1.168577e+00
  4.649908e+00   2.623766e+01   1.215147e+00
  4.654596e+00   2.469888e+01   1.188259e+00
  4.659285e+00   2.430893e+01   1.188268e+00
  4.663973e+00   2.260011e+01   1.155035e+00
  4.668661e+00   2.377057e+01   1.194601e+00
  4.673349e+00   2.441449e+01   1.220832e+00
  4.678037e+00   2.591386e+01   1.268444e+00
  4.682726e+00   2.617678e+01   1.285850e+00
  4.687414e+00   2.341383e+01   1.226875e+00
  4.692102e+00   2.501838e+01   1.279775e+00
  4.696790e+00   2.510404e+01   1.293579e+00
  4.701479e+00   2.529845e+01   1.310542e+00
  4.706167e+00   2.449080e+01   1.301539e+00
  4.710855e+00   2.442997e+01   1.312708e+00
  4.715543e+00   2.520012e+01   1.346249e+00
  4.720232e+00   2.436704e+01   1.336902e+00
  4.724920e+00   2.442058e+01   1.351850e+00
  4.729608e+00   2.614073e+01   1.413345e+00
  4.734296e+00   2.502246e+01   1.397481e+00
  4.738984e+00   2.474391e+01   1.404522e+00
  4.743673e+00   2.479670e+01   1.421350e+00
  4.748361e+00   2.568996e+01   1.463129e+00
  4.753049e+00   2.447179e+01   1.444585e+00
  4.757737e+00   2.360607e+01   1.435297e+00
  4.762426e+00   2.426312e+01   1.472428e+00
  4.767114e+00   2.613608e+01   1.547182e+00
  4.771802e+00   2.345825e+01   1.484538e+00
  4.776490e+00   2.584359e+01   1.578078e+00
  4.781179e+00   2.422382e+01   1.547795e+00
  4.785867e+00   2.406412e+01   1.563838e+00
  4.790555e+00   2.395101e+01   1.582056e+00
  4.795243e+00   2.560291e+01   1.658836e+00
  4.799931e+00   2.602312e+01   1.696708e+00
  4.804620e+00   2.606384e+01   1.724201e+00
  4.809308e+00   2.614211e+01   1.753719e+00
  4.813996e+00   2.527591e+01   1.751803e+00
  4.818684e+00   2.483239e+01   1.764790e+00
  4.823373e+00   2.522953e+01   1.810233e+00
  4.828061e+00   2.806487e+01   1.943140e+00
  4.832749e+00   2.560120e+01   1.889580e+00
  4.837437e+00   2.594952e+01   1.938630e+00
  4.842125e+00   2.373507e+01   1.891374e+00
  4.846814e+00   2.262061e+01   1.883909e+00
  4.851502e+00   2.392197e+01   1.978250e+00
  4.856190e+00   2.390574e+01   2.022598e+00
  4.860878e+00   2.306796e+01   2.033241e+00
  4.865567e+00   2.465821e+01   2.152883e+00
  4.870255e+00   2.324319e+01   2.144203e+00
  4.874943e+00   2.379006e+01   2.229896e+00
  4.879631e+00   2.245215e+01   2.227382e+00
  4.884320e+00   2.550636e+01   2.444952e+00
  4.889008e+00   2.641522e+01   2.569995e+00
  4.893696e+00   2.385953e+01   2.526387e+00
  4.898384e+00   2.558806e+01   2.711400e+00
  4.903072e+00   2.238138e+01   2.636874e+00
  4.907761e+00   2.201358e+01   2.763561e+00
  4.912449e+00   2.781583e+01   4.292309e+00
  4.917137e+00   4.335719e+01   1.473211e+01
