# [1] GI
# Sample c= 1.06 mg/ml
#
# Sample environment:
# Detector = Pilatus
# PixelSize_1 = 0.000172
# PixelSize_2 = 0.000172
#
# title = [1] GI
# Frame 30 of 120
# Time per frame (s) = 1.0
# SampleDistance = 2.869
# WaveLength = 9.919e-11
# Normalization = 0.001062898
# DiodeCurr = 8.664788e-05
# MachCurr = 68.7255
# Mask = /data/bm29/archive/CALIBRATION/MASK/BM29/Pcon_19thNovember2015_7keV_v3.edf
#
# N 3
# L q*nm  I_[1] GI  stddev
#
# Sample Information:
# Storage Temperature (degrees C): 20.0
# Measurement Temperature (degrees C): 20.08
# Concentration: 1.06
# Code: GI
  3.200246e-02   1.781815e+02   2.012716e+01
  3.669069e-02   5.421395e+02   1.593947e+01
  4.137892e-02   8.647028e+02   1.499573e+01
  4.606715e-02   8.172877e+02   1.207130e+01
  5.075538e-02   6.385222e+02   9.692035e+00
  5.544361e-02   5.194586e+02   8.076262e+00
  6.013183e-02   4.177945e+02   6.924817e+00
  6.482006e-02   3.696672e+02   6.249567e+00
  6.950829e-02   3.366034e+02   5.722116e+00
  7.419652e-02   3.120261e+02   5.288443e+00
  7.888475e-02   2.930804e+02   4.954729e+00
  8.357298e-02   2.771131e+02   4.674375e+00
  8.826121e-02   2.565256e+02   4.370016e+00
  9.294944e-02   2.486576e+02   4.176390e+00
  9.763767e-02   2.367306e+02   3.962613e+00
  1.023259e-01   2.359424e+02   3.861876e+00
  1.070141e-01   2.325963e+02   3.746783e+00
  1.117024e-01   2.289770e+02   3.633267e+00
  1.163906e-01   2.203952e+02   3.478226e+00
  1.210788e-01   2.165576e+02   3.380033e+00
  1.257670e-01   2.155895e+02   3.307684e+00
  1.304553e-01   2.177595e+02   3.265738e+00
  1.351435e-01   2.161585e+02   3.188159e+00
  1.398317e-01   2.122399e+02   3.104582e+00
  1.445200e-01   2.072284e+02   3.017011e+00
  1.492082e-01   2.077613e+02   2.972683e+00
  1.538964e-01   2.057882e+02   2.906451e+00
  1.585846e-01   2.040121e+02   2.847970e+00
  1.632729e-01   2.013571e+02   2.788285e+00
  1.679611e-01   2.038960e+02   2.766318e+00
  1.726493e-01   2.012115e+02   2.707325e+00
  1.773376e-01   1.982553e+02   2.647199e+00
  1.820258e-01   1.962129e+02   2.599709e+00
  1.867140e-01   1.934493e+02   2.548850e+00
  1.914022e-01   1.939029e+02   2.519620e+00
  1.960905e-01   1.906361e+02   2.463534e+00
  2.007787e-01   1.881785e+02   2.421496e+00
  2.054669e-01   1.893675e+02   2.401418e+00
  2.101552e-01   1.899868e+02   2.378395e+00
  2.148434e-01   1.893209e+02   2.343820e+00
  2.195316e-01   1.851208e+02   2.292365e+00
  2.242199e-01   1.848054e+02   2.266662e+00
  2.289081e-01   1.826590e+02   2.230356e+00
  2.335963e-01   1.795488e+02   2.186488e+00
  2.382845e-01   1.784996e+02   2.157138e+00
  2.429728e-01   1.758863e+02   2.120843e+00
  2.476610e-01   1.756838e+02   2.099651e+00
  2.523492e-01   1.764811e+02   2.083684e+00
  2.570375e-01   1.732953e+02   2.043625e+00
  2.617257e-01   1.749421e+02   2.035184e+00
  2.664139e-01   1.726194e+02   2.004002e+00
  2.711021e-01   1.693706e+02   1.967893e+00
  2.757904e-01   1.690377e+02   1.947097e+00
  2.804786e-01   1.680728e+02   1.926181e+00
  2.851668e-01   1.643160e+02   1.889095e+00
  2.898551e-01   1.631014e+02   1.865843e+00
  2.945433e-01   1.597800e+02   1.831869e+00
  2.992315e-01   1.578373e+02   1.846858e+00
  3.039197e-01   1.581948e+02   1.863555e+00
  3.086080e-01   1.564750e+02   1.858768e+00
  3.132962e-01   1.522681e+02   1.834567e+00
  3.179844e-01   1.513239e+02   1.828512e+00
  3.226727e-01   1.539384e+02   1.844189e+00
  3.273609e-01   1.484562e+02   1.809034e+00
  3.320491e-01   1.441588e+02   1.779456e+00
  3.367374e-01   1.448694e+02   1.779140e+00
  3.414256e-01   1.443087e+02   1.772086e+00
  3.461138e-01   1.437043e+02   1.764756e+00
  3.508020e-01   1.401604e+02   1.738669e+00
  3.554903e-01   1.391286e+02   1.725794e+00
  3.601785e-01   1.380168e+02   1.715603e+00
  3.648667e-01   1.379194e+02   1.727353e+00
  3.695550e-01   1.359352e+02   1.753724e+00
  3.742432e-01   1.331941e+02   1.755572e+00
  3.789314e-01   1.313680e+02   1.759961e+00
  3.836196e-01   1.300903e+02   1.762595e+00
  3.883079e-01   1.306954e+02   1.776287e+00
  3.929961e-01   1.276752e+02   1.771680e+00
  3.976843e-01   1.256565e+02   1.781503e+00
  4.023726e-01   1.238396e+02   1.786117e+00
  4.070608e-01   1.227383e+02   1.785403e+00
  4.117490e-01   1.203479e+02   1.771408e+00
  4.164372e-01   1.190876e+02   1.765068e+00
  4.211255e-01   1.162345e+02   1.747283e+00
  4.258137e-01   1.163771e+02   1.749830e+00
  4.305019e-01   1.177174e+02   1.758236e+00
  4.351902e-01   1.149342e+02   1.733745e+00
  4.398784e-01   1.134958e+02   1.720776e+00
  4.445666e-01   1.116888e+02   1.726578e+00
  4.492548e-01   1.102974e+02   1.774378e+00
  4.539431e-01   1.069562e+02   1.780925e+00
  4.586313e-01   1.058801e+02   1.798663e+00
  4.633195e-01   1.045263e+02   1.811028e+00
  4.680078e-01   1.020646e+02   1.810708e+00
  4.726960e-01   1.022789e+02   1.831984e+00
  4.773842e-01   9.795974e+01   1.810716e+00
  4.820725e-01   1.010816e+02   1.857018e+00
  4.867607e-01   9.761572e+01   1.842332e+00
  4.914489e-01   9.819799e+01   1.863950e+00
  4.961371e-01   9.430938e+01   1.841724e+00
  5.008254e-01   9.390595e+01   1.852885e+00
  5.055136e-01   8.969507e+01   1.826033e+00
  5.102018e-01   9.097921e+01   1.796882e+00
  5.148901e-01   8.970726e+01   1.721935e+00
  5.195783e-01   8.706772e+01   1.667901e+00
  5.242665e-01   8.783960e+01   1.655636e+00
  5.289547e-01   8.776119e+01   1.639166e+00
  5.336430e-01   8.585412e+01   1.607202e+00
  5.383312e-01   8.581647e+01   1.595164e+00
  5.430194e-01   8.297336e+01   1.559073e+00
  5.477077e-01   8.155941e+01   1.537150e+00
  5.523959e-01   7.771824e+01   1.492161e+00
  5.570841e-01   7.877768e+01   1.494092e+00
  5.617723e-01   7.864324e+01   1.486492e+00
  5.664606e-01   7.919797e+01   1.485177e+00
  5.711488e-01   7.876485e+01   1.475265e+00
  5.758370e-01   7.448860e+01   1.426651e+00
  5.805253e-01   7.459534e+01   1.418866e+00
  5.852135e-01   7.342677e+01   1.398693e+00
  5.899017e-01   7.128982e+01   1.368647e+00
  5.945900e-01   7.077521e+01   1.352754e+00
  5.992782e-01   7.043114e+01   1.340778e+00
  6.039664e-01   6.873737e+01   1.316780e+00
  6.086546e-01   6.792731e+01   1.301198e+00
  6.133429e-01   6.770722e+01   1.290704e+00
  6.180311e-01   6.554481e+01   1.262430e+00
  6.227193e-01   6.471387e+01   1.247494e+00
  6.274076e-01   6.402158e+01   1.235623e+00
  6.320958e-01   6.307605e+01   1.223050e+00
  6.367840e-01   6.260518e+01   1.214977e+00
  6.414722e-01   6.092006e+01   1.196104e+00
  6.461605e-01   5.957568e+01   1.180092e+00
  6.508487e-01   5.938999e+01   1.175729e+00
  6.555369e-01   5.764483e+01   1.154862e+00
  6.602252e-01   5.798920e+01   1.155854e+00
  6.649134e-01   5.568962e+01   1.130345e+00
  6.696016e-01   5.524784e+01   1.123515e+00
  6.742898e-01   5.372042e+01   1.104774e+00
  6.789781e-01   5.427460e+01   1.108044e+00
  6.836663e-01   5.515569e+01   1.114646e+00
  6.883545e-01   5.339972e+01   1.094725e+00
  6.930428e-01   5.026444e+01   1.059211e+00
  6.977310e-01   5.143898e+01   1.069081e+00
  7.024192e-01   5.054038e+01   1.057572e+00
  7.071074e-01   5.058874e+01   1.056052e+00
  7.117957e-01   4.882237e+01   1.035094e+00
  7.164839e-01   4.794447e+01   1.023089e+00
  7.211721e-01   4.861155e+01   1.028233e+00
  7.258604e-01   4.811813e+01   1.020914e+00
  7.305486e-01   4.673232e+01   1.004401e+00
  7.352368e-01   4.607916e+01   9.942854e-01
  7.399251e-01   4.511884e+01   9.822782e-01
  7.446133e-01   4.605958e+01   9.906898e-01
  7.493015e-01   4.354964e+01   9.622024e-01
  7.539897e-01   4.263454e+01   9.492780e-01
  7.586780e-01   4.411326e+01   9.631094e-01
  7.633662e-01   4.227242e+01   9.409465e-01
  7.680544e-01   4.306601e+01   9.480833e-01
  7.727427e-01   4.203286e+01   9.345169e-01
  7.774309e-01   4.066544e+01   9.170542e-01
  7.821191e-01   4.130937e+01   9.226742e-01
  7.868073e-01   4.164204e+01   9.247252e-01
  7.914956e-01   3.887254e+01   8.915339e-01
  7.961838e-01   3.881746e+01   8.888784e-01
  8.008720e-01   3.979046e+01   8.982983e-01
  8.055603e-01   4.059211e+01   9.056012e-01
  8.102485e-01   3.988230e+01   8.961493e-01
  8.149367e-01   3.922702e+01   8.864862e-01
  8.196249e-01   3.823627e+01   8.735576e-01
  8.243132e-01   3.760787e+01   8.649692e-01
  8.290014e-01   3.818849e+01   8.700042e-01
  8.336896e-01   3.761251e+01   8.614221e-01
  8.383779e-01   3.580072e+01   8.388162e-01
  8.430661e-01   3.570292e+01   8.362464e-01
  8.477543e-01   3.559198e+01   8.334168e-01
  8.524425e-01   3.535015e+01   8.289583e-01
  8.571308e-01   3.431792e+01   8.154484e-01
  8.618190e-01   3.396967e+01   8.096468e-01
  8.665072e-01   3.497371e+01   8.199028e-01
  8.711955e-01   3.309705e+01   7.961761e-01
  8.758837e-01   3.338740e+01   7.978477e-01
  8.805719e-01   3.408397e+01   8.047149e-01
  8.852602e-01   3.354058e+01   7.969981e-01
  8.899484e-01   3.272090e+01   7.859150e-01
  8.946366e-01   3.258262e+01   7.822573e-01
  8.993248e-01   3.205672e+01   7.747944e-01
  9.040131e-01   3.228845e+01   7.761694e-01
  9.087013e-01   3.067327e+01   7.553265e-01
  9.133895e-01   3.116041e+01   7.596157e-01
  9.180778e-01   3.128723e+01   7.598848e-01
  9.227660e-01   3.108294e+01   7.559829e-01
  9.274542e-01   3.100552e+01   7.539213e-01
  9.321424e-01   3.074421e+01   7.493246e-01
  9.368307e-01   3.053676e+01   7.451993e-01
  9.415189e-01   3.141855e+01   7.547114e-01
  9.462071e-01   3.025614e+01   7.395031e-01
  9.508954e-01   3.003160e+01   7.353743e-01
  9.555836e-01   2.968563e+01   7.296225e-01
  9.602718e-01   2.923911e+01   7.229549e-01
  9.649600e-01   2.913187e+01   7.204705e-01
  9.696483e-01   2.988600e+01   7.286398e-01
  9.743365e-01   2.971383e+01   7.248470e-01
  9.790247e-01   3.002782e+01   7.276185e-01
  9.837130e-01   3.010457e+01   7.273187e-01
  9.884012e-01   2.956384e+01   7.196591e-01
  9.930894e-01   2.907371e+01   7.122607e-01
  9.977777e-01   2.850740e+01   7.040406e-01
  1.002466e+00   2.937852e+01   7.136424e-01
  1.007154e+00   3.048903e+01   7.258204e-01
  1.011842e+00   2.910945e+01   7.080424e-01
  1.016531e+00   2.876102e+01   7.023820e-01
  1.021219e+00   2.888906e+01   7.028318e-01
  1.025907e+00   2.886697e+01   7.015874e-01
  1.030595e+00   2.923312e+01   7.049044e-01
  1.035283e+00   2.736970e+01   6.805478e-01
  1.039972e+00   2.812833e+01   6.889797e-01
  1.044660e+00   2.872735e+01   6.952937e-01
  1.049348e+00   2.855527e+01   6.920094e-01
  1.054036e+00   2.797512e+01   6.836410e-01
  1.058725e+00   2.863066e+01   6.905714e-01
  1.063413e+00   2.897687e+01   6.936349e-01
  1.068101e+00   2.819193e+01   6.832038e-01
  1.072789e+00   2.803867e+01   6.800658e-01
  1.077478e+00   2.884900e+01   6.886964e-01
  1.082166e+00   2.758435e+01   6.723849e-01
  1.086854e+00   2.689738e+01   6.630080e-01
  1.091542e+00   2.765408e+01   6.712550e-01
  1.096230e+00   2.770398e+01   6.704913e-01
  1.100919e+00   2.700606e+01   6.610698e-01
  1.105607e+00   2.681972e+01   6.579061e-01
  1.110295e+00   2.696422e+01   6.586431e-01
  1.114983e+00   2.821552e+01   6.726389e-01
  1.119672e+00   2.805082e+01   6.697204e-01
  1.124360e+00   2.870895e+01   6.763965e-01
  1.129048e+00   2.836058e+01   6.712701e-01
  1.133736e+00   2.768867e+01   6.620476e-01
  1.138425e+00   2.790154e+01   6.635898e-01
  1.143113e+00   2.831674e+01   6.675190e-01
  1.147801e+00   2.738626e+01   6.556365e-01
  1.152489e+00   2.748001e+01   6.555650e-01
  1.157177e+00   2.794168e+01   6.599234e-01
  1.161866e+00   2.760309e+01   6.551139e-01
  1.166554e+00   2.721551e+01   6.495507e-01
  1.171242e+00   2.824638e+01   6.606309e-01
  1.175930e+00   2.677800e+01   6.422153e-01
  1.180619e+00   2.810007e+01   6.569348e-01
  1.185307e+00   2.712512e+01   6.445023e-01
  1.189995e+00   2.790703e+01   6.528974e-01
  1.194683e+00   2.740767e+01   6.457713e-01
  1.199372e+00   2.847164e+01   6.572831e-01
  1.204060e+00   2.718208e+01   6.415259e-01
  1.208748e+00   2.676065e+01   6.360127e-01
  1.213436e+00   2.783051e+01   6.471075e-01
  1.218124e+00   2.694774e+01   6.356884e-01
  1.222813e+00   2.874373e+01   6.556025e-01
  1.227501e+00   2.733772e+01   6.386100e-01
  1.232189e+00   2.687344e+01   6.321017e-01
  1.236877e+00   2.752674e+01   6.386635e-01
  1.241566e+00   2.786365e+01   6.417936e-01
  1.246254e+00   2.775728e+01   6.397442e-01
  1.250942e+00   2.759849e+01   6.518953e-01
  1.255630e+00   2.650422e+01   6.561313e-01
  1.260318e+00   2.658219e+01   6.680701e-01
  1.265007e+00   2.666669e+01   6.779909e-01
  1.269695e+00   2.629907e+01   6.809981e-01
  1.274383e+00   2.641154e+01   6.893749e-01
  1.279071e+00   2.697099e+01   7.033571e-01
  1.283760e+00   2.732631e+01   7.142185e-01
  1.288448e+00   2.839957e+01   7.341859e-01
  1.293136e+00   2.851608e+01   7.415054e-01
  1.297824e+00   2.638343e+01   7.185908e-01
  1.302513e+00   2.749807e+01   7.379801e-01
  1.307201e+00   2.836779e+01   7.517178e-01
  1.311889e+00   2.682272e+01   7.316269e-01
  1.316577e+00   2.823460e+01   7.217867e-01
  1.321265e+00   2.809692e+01   7.021667e-01
  1.325954e+00   2.744316e+01   6.827697e-01
  1.330642e+00   2.784597e+01   6.790124e-01
  1.335330e+00   2.743509e+01   6.666237e-01
  1.340018e+00   2.634187e+01   6.471373e-01
  1.344707e+00   2.626932e+01   6.408326e-01
  1.349395e+00   2.674671e+01   6.418332e-01
  1.354083e+00   2.798515e+01   6.515464e-01
  1.358771e+00   2.788551e+01   6.460692e-01
  1.363460e+00   2.672814e+01   6.290631e-01
  1.368148e+00   2.760609e+01   6.375084e-01
  1.372836e+00   2.799939e+01   6.402930e-01
  1.377524e+00   2.669604e+01   6.237867e-01
  1.382212e+00   2.627306e+01   6.176037e-01
  1.386901e+00   2.652412e+01   6.192507e-01
  1.391589e+00   2.643044e+01   6.167865e-01
  1.396277e+00   2.636869e+01   6.147683e-01
  1.400965e+00   2.669403e+01   6.174098e-01
  1.405654e+00   2.753902e+01   6.259643e-01
  1.410342e+00   2.640120e+01   6.117616e-01
  1.415030e+00   2.663599e+01   6.131264e-01
  1.419718e+00   2.779932e+01   6.253209e-01
  1.424406e+00   2.719915e+01   6.175794e-01
  1.429095e+00   2.649821e+01   6.084986e-01
  1.433783e+00   2.838934e+01   6.285051e-01
  1.438471e+00   2.820139e+01   6.254525e-01
  1.443159e+00   2.688513e+01   6.097478e-01
  1.447848e+00   2.700884e+01   6.101485e-01
  1.452536e+00   2.576103e+01   5.947663e-01
  1.457224e+00   2.679696e+01   6.056354e-01
  1.461912e+00   2.650470e+01   6.014415e-01
  1.466601e+00   2.763390e+01   6.131859e-01
  1.471289e+00   2.685272e+01   6.034289e-01
  1.475977e+00   2.764130e+01   6.115154e-01
  1.480665e+00   2.713481e+01   6.047182e-01
  1.485353e+00   2.692129e+01   6.109127e-01
  1.490042e+00   2.760157e+01   6.375670e-01
  1.494730e+00   2.680213e+01   6.393539e-01
  1.499418e+00   2.672037e+01   6.465887e-01
  1.504106e+00   2.721415e+01   6.600809e-01
  1.508795e+00   2.700924e+01   6.645707e-01
  1.513483e+00   2.680707e+01   6.453015e-01
  1.518171e+00   2.753509e+01   6.393935e-01
  1.522859e+00   2.837445e+01   6.401526e-01
  1.527548e+00   2.715914e+01   6.195983e-01
  1.532236e+00   2.689169e+01   6.106347e-01
  1.536924e+00   2.717433e+01   6.089546e-01
  1.541612e+00   2.690125e+01   6.026886e-01
  1.546300e+00   2.691943e+01   6.014364e-01
  1.550989e+00   2.706150e+01   6.008734e-01
  1.555677e+00   2.747514e+01   6.023589e-01
  1.560365e+00   2.582368e+01   5.812461e-01
  1.565053e+00   2.606442e+01   5.812594e-01
  1.569742e+00   2.625406e+01   5.810090e-01
  1.574430e+00   2.650052e+01   5.825022e-01
  1.579118e+00   2.630587e+01   5.807925e-01
  1.583806e+00   2.694652e+01   5.884939e-01
  1.588495e+00   2.693871e+01   5.890992e-01
  1.593183e+00   2.585701e+01   5.774234e-01
  1.597871e+00   2.653376e+01   5.845700e-01
  1.602559e+00   2.692929e+01   5.880483e-01
  1.607247e+00   2.632963e+01   5.805438e-01
  1.611936e+00   2.774212e+01   5.947725e-01
  1.616624e+00   2.736973e+01   5.899364e-01
  1.621312e+00   2.658440e+01   5.805715e-01
  1.626000e+00   2.680824e+01   5.821281e-01
  1.630689e+00   2.632912e+01   5.759765e-01
  1.635377e+00   2.619729e+01   5.736822e-01
  1.640065e+00   2.608411e+01   5.716071e-01
  1.644753e+00   2.619424e+01   5.720314e-01
  1.649441e+00   2.581432e+01   5.670624e-01
  1.654130e+00   2.637499e+01   5.722716e-01
  1.658818e+00   2.601375e+01   5.675403e-01
  1.663506e+00   2.631531e+01   5.700734e-01
  1.668194e+00   2.603060e+01   5.662695e-01
  1.672883e+00   2.587485e+01   5.635965e-01
  1.677571e+00   2.680075e+01   5.728431e-01
  1.682259e+00   2.675986e+01   5.717201e-01
  1.686947e+00   2.556867e+01   5.581416e-01
  1.691636e+00   2.583791e+01   5.601561e-01
  1.696324e+00   2.631008e+01   5.644944e-01
  1.701012e+00   2.583582e+01   5.587041e-01
  1.705700e+00   2.557769e+01   5.552496e-01
  1.710388e+00   2.630955e+01   5.623025e-01
  1.715077e+00   2.587613e+01   5.568708e-01
  1.719765e+00   2.603538e+01   5.578902e-01
  1.724453e+00   2.643438e+01   5.615097e-01
  1.729141e+00   2.687931e+01   5.654666e-01
  1.733830e+00   2.682556e+01   5.640330e-01
  1.738518e+00   2.691774e+01   5.643624e-01
  1.743206e+00   2.595231e+01   5.534839e-01
  1.747894e+00   2.558743e+01   5.489978e-01
  1.752583e+00   2.598066e+01   5.526035e-01
  1.757271e+00   2.620828e+01   5.541654e-01
  1.761959e+00   2.556268e+01   5.465676e-01
  1.766647e+00   2.532204e+01   5.433104e-01
  1.771335e+00   2.626947e+01   5.526280e-01
  1.776024e+00   2.685669e+01   5.580662e-01
  1.780712e+00   2.540334e+01   5.421107e-01
  1.785400e+00   2.626950e+01   5.506692e-01
  1.790088e+00   2.580289e+01   5.450863e-01
  1.794777e+00   2.560142e+01   5.421940e-01
  1.799465e+00   2.553321e+01   5.408055e-01
  1.804153e+00   2.571313e+01   5.421981e-01
  1.808841e+00   2.652733e+01   5.500551e-01
  1.813530e+00   2.501601e+01   5.333384e-01
  1.818218e+00   2.545131e+01   5.373804e-01
  1.822906e+00   2.608162e+01   5.434598e-01
  1.827594e+00   2.596763e+01   5.416601e-01
  1.832282e+00   2.626512e+01   5.438590e-01
  1.836971e+00   2.625482e+01   5.432454e-01
  1.841659e+00   2.594230e+01   5.394550e-01
  1.846347e+00   2.609352e+01   5.403919e-01
  1.851035e+00   2.649825e+01   5.437726e-01
  1.855724e+00   2.648925e+01   5.431274e-01
  1.860412e+00   2.548359e+01   5.321689e-01
  1.865100e+00   2.523677e+01   5.289739e-01
  1.869788e+00   2.548642e+01   5.308684e-01
  1.874476e+00   2.557299e+01   5.311737e-01
  1.879165e+00   2.630540e+01   5.381905e-01
  1.883853e+00   2.502731e+01   5.243466e-01
  1.888541e+00   2.592080e+01   5.329899e-01
  1.893229e+00   2.563023e+01   5.296241e-01
  1.897918e+00   2.594386e+01   5.322317e-01
  1.902606e+00   2.547999e+01   5.266700e-01
  1.907294e+00   2.531601e+01   5.244520e-01
  1.911982e+00   2.525094e+01   5.230268e-01
  1.916671e+00   2.548363e+01   5.249080e-01
  1.921359e+00   2.585537e+01   5.281813e-01
  1.926047e+00   2.611065e+01   5.302465e-01
  1.930735e+00   2.549685e+01   5.232482e-01
  1.935423e+00   2.545928e+01   5.223284e-01
  1.940112e+00   2.568073e+01   5.239556e-01
  1.944800e+00   2.584873e+01   5.244903e-01
  1.949488e+00   2.478521e+01   5.122697e-01
  1.954176e+00   2.503027e+01   5.136582e-01
  1.958865e+00   2.589874e+01   5.213384e-01
  1.963553e+00   2.545068e+01   5.159019e-01
  1.968241e+00   2.527516e+01   5.136008e-01
  1.972929e+00   2.622210e+01   5.224777e-01
  1.977618e+00   2.588053e+01   5.186467e-01
  1.982306e+00   2.521319e+01   5.116322e-01
  1.986994e+00   2.468820e+01   5.062025e-01
  1.991682e+00   2.499984e+01   5.094271e-01
  1.996370e+00   2.552474e+01   5.148869e-01
  2.001059e+00   2.546712e+01   5.144631e-01
  2.005747e+00   2.614186e+01   5.210677e-01
  2.010435e+00   2.563787e+01   5.151862e-01
  2.015123e+00   2.503283e+01   5.085305e-01
  2.019812e+00   2.583217e+01   5.160793e-01
  2.024500e+00   2.516686e+01   5.089433e-01
  2.029188e+00   2.563160e+01   5.129900e-01
  2.033876e+00   2.552234e+01   5.113263e-01
  2.038565e+00   2.506236e+01   5.061653e-01
  2.043253e+00   2.555816e+01   5.107648e-01
  2.047941e+00   2.526043e+01   5.071965e-01
  2.052629e+00   2.553982e+01   5.112292e-01
  2.057317e+00   2.590258e+01   5.298922e-01
  2.062006e+00   2.584482e+01   5.389124e-01
  2.066694e+00   2.529785e+01   5.402677e-01
  2.071382e+00   2.604526e+01   5.540759e-01
  2.076070e+00   2.574929e+01   5.562919e-01
  2.080759e+00   2.608574e+01   5.648955e-01
  2.085447e+00   2.613997e+01   5.698298e-01
  2.090135e+00   2.511125e+01   5.606095e-01
  2.094823e+00   2.492864e+01   5.601647e-01
  2.099511e+00   2.661857e+01   5.804719e-01
  2.104200e+00   2.484613e+01   5.622683e-01
  2.108888e+00   2.502434e+01   5.655367e-01
  2.113576e+00   2.630022e+01   5.810538e-01
  2.118264e+00   2.593757e+01   5.714087e-01
  2.122953e+00   2.519571e+01   5.453452e-01
  2.127641e+00   2.603606e+01   5.451885e-01
  2.132329e+00   2.606697e+01   5.388862e-01
  2.137017e+00   2.562586e+01   5.292649e-01
  2.141706e+00   2.609570e+01   5.296725e-01
  2.146394e+00   2.633742e+01   5.282274e-01
  2.151082e+00   2.629630e+01   5.249095e-01
  2.155770e+00   2.574965e+01   5.182930e-01
  2.160458e+00   2.577874e+01   5.173840e-01
  2.165147e+00   2.497437e+01   5.081846e-01
  2.169835e+00   2.625519e+01   5.198368e-01
  2.174523e+00   2.643840e+01   5.207376e-01
  2.179211e+00   2.658883e+01   5.212886e-01
  2.183900e+00   2.645695e+01   5.190783e-01
  2.188588e+00   2.518625e+01   5.055324e-01
  2.193276e+00   2.546742e+01   5.074977e-01
  2.197964e+00   2.572055e+01   5.092682e-01
  2.202653e+00   2.573113e+01   5.085670e-01
  2.207341e+00   2.510503e+01   5.015519e-01
  2.212029e+00   2.516761e+01   5.013998e-01
  2.216717e+00   2.521155e+01   5.011801e-01
  2.221405e+00   2.553551e+01   5.036458e-01
  2.226094e+00   2.565120e+01   5.040929e-01
  2.230782e+00   2.475442e+01   4.944948e-01
  2.235470e+00   2.499691e+01   4.962516e-01
  2.240158e+00   2.592293e+01   5.047039e-01
  2.244847e+00   2.587027e+01   5.035974e-01
  2.249535e+00   2.598507e+01   5.039579e-01
  2.254223e+00   2.566944e+01   5.002396e-01
  2.258911e+00   2.569984e+01   4.999796e-01
  2.263600e+00   2.607127e+01   5.029947e-01
  2.268288e+00   2.585399e+01   5.002008e-01
  2.272976e+00   2.599327e+01   5.008919e-01
  2.277664e+00   2.511446e+01   4.918320e-01
  2.282352e+00   2.569790e+01   4.969676e-01
  2.287041e+00   2.574022e+01   4.967617e-01
  2.291729e+00   2.482764e+01   4.871955e-01
  2.296417e+00   2.535864e+01   4.919178e-01
  2.301105e+00   2.520692e+01   4.898993e-01
  2.305794e+00   2.588836e+01   4.959129e-01
  2.310482e+00   2.568748e+01   4.933039e-01
  2.315170e+00   2.505791e+01   4.867715e-01
  2.319858e+00   2.556913e+01   4.912004e-01
  2.324546e+00   2.605749e+01   4.953132e-01
  2.329235e+00   2.560431e+01   4.903305e-01
  2.333923e+00   2.570703e+01   4.908554e-01
  2.338611e+00   2.608374e+01   4.939353e-01
  2.343299e+00   2.601938e+01   4.928188e-01
  2.347988e+00   2.495761e+01   4.820153e-01
  2.352676e+00   2.547792e+01   4.865667e-01
  2.357364e+00   2.538871e+01   4.852277e-01
  2.362052e+00   2.626642e+01   4.930246e-01
  2.366741e+00   2.604408e+01   4.903766e-01
  2.371429e+00   2.527670e+01   4.825781e-01
  2.376117e+00   2.503545e+01   4.798332e-01
  2.380805e+00   2.537696e+01   4.825847e-01
  2.385493e+00   2.603965e+01   4.883245e-01
  2.390182e+00   2.617917e+01   4.891255e-01
  2.394870e+00   2.602165e+01   4.871251e-01
  2.399558e+00   2.632847e+01   4.895800e-01
  2.404246e+00   2.596298e+01   4.856525e-01
  2.408935e+00   2.548990e+01   4.806789e-01
  2.413623e+00   2.483300e+01   4.739705e-01
  2.418311e+00   2.574437e+01   4.821401e-01
  2.422999e+00   2.571506e+01   4.814697e-01
  2.427688e+00   2.505112e+01   4.745908e-01
  2.432376e+00   2.475344e+01   4.713597e-01
  2.437064e+00   2.500770e+01   4.732827e-01
  2.441752e+00   2.489231e+01   4.718664e-01
  2.446440e+00   2.440565e+01   4.666190e-01
  2.451129e+00   2.560541e+01   4.775254e-01
  2.455817e+00   2.468857e+01   4.685460e-01
  2.460505e+00   2.404516e+01   4.620160e-01
  2.465193e+00   2.449981e+01   4.657595e-01
  2.469882e+00   2.524800e+01   4.723299e-01
  2.474570e+00   2.516168e+01   4.711066e-01
  2.479258e+00   2.506501e+01   4.698199e-01
  2.483946e+00   2.512936e+01   4.699573e-01
  2.488634e+00   2.514085e+01   4.695288e-01
  2.493323e+00   2.502070e+01   4.680217e-01
  2.498011e+00   2.479817e+01   4.655498e-01
  2.502699e+00   2.565612e+01   4.730730e-01
  2.507387e+00   2.546341e+01   4.707838e-01
  2.512076e+00   2.516442e+01   4.675938e-01
  2.516764e+00   2.535217e+01   4.689628e-01
  2.521452e+00   2.498847e+01   4.651539e-01
  2.526140e+00   2.527738e+01   4.673392e-01
  2.530829e+00   2.538094e+01   4.678603e-01
  2.535517e+00   2.583050e+01   4.713518e-01
  2.540205e+00   2.567449e+01   4.690128e-01
  2.544893e+00   2.535089e+01   4.650359e-01
  2.549581e+00   2.570630e+01   4.674560e-01
  2.554270e+00   2.503450e+01   4.608695e-01
  2.558958e+00   2.545473e+01   4.643196e-01
  2.563646e+00   2.511433e+01   4.607991e-01
  2.568334e+00   2.455598e+01   4.551811e-01
  2.573023e+00   2.545459e+01   4.630556e-01
  2.577711e+00   2.558550e+01   4.638555e-01
  2.582399e+00   2.522647e+01   4.602104e-01
  2.587087e+00   2.507028e+01   4.584736e-01
  2.591776e+00   2.545517e+01   4.620442e-01
  2.596464e+00   2.521969e+01   4.600747e-01
  2.601152e+00   2.479056e+01   4.562063e-01
  2.605840e+00   2.524621e+01   4.599608e-01
  2.610528e+00   2.535446e+01   4.605387e-01
  2.615217e+00   2.573885e+01   4.636486e-01
  2.619905e+00   2.433001e+01   4.504668e-01
  2.624593e+00   2.563534e+01   4.618638e-01
  2.629281e+00   2.539424e+01   4.593134e-01
  2.633970e+00   2.483748e+01   4.538605e-01
  2.638658e+00   2.536249e+01   4.583160e-01
  2.643346e+00   2.505905e+01   4.551093e-01
  2.648034e+00   2.507329e+01   4.548884e-01
  2.652723e+00   2.532887e+01   4.568215e-01
  2.657411e+00   2.527039e+01   4.558854e-01
  2.662099e+00   2.506940e+01   4.536639e-01
  2.666787e+00   2.536433e+01   4.558537e-01
  2.671475e+00   2.490253e+01   4.513209e-01
  2.676164e+00   2.522725e+01   4.539688e-01
  2.680852e+00   2.567061e+01   4.576212e-01
  2.685540e+00   2.509864e+01   4.519714e-01
  2.690228e+00   2.526514e+01   4.530440e-01
  2.694917e+00   2.515999e+01   4.518830e-01
  2.699605e+00   2.486573e+01   4.488632e-01
  2.704293e+00   2.541172e+01   4.532104e-01
  2.708981e+00   2.478129e+01   4.471891e-01
  2.713669e+00   2.541404e+01   4.525568e-01
  2.718358e+00   2.523415e+01   4.505731e-01
  2.723046e+00   2.541882e+01   4.517853e-01
  2.727734e+00   2.509818e+01   4.485287e-01
  2.732422e+00   2.510498e+01   4.482879e-01
  2.737111e+00   2.486190e+01   4.457558e-01
  2.741799e+00   2.481748e+01   4.449492e-01
  2.746487e+00   2.532660e+01   4.490761e-01
  2.751175e+00   2.552346e+01   4.505034e-01
  2.755864e+00   2.577899e+01   4.524069e-01
  2.760552e+00   2.497886e+01   4.449412e-01
  2.765240e+00   2.557159e+01   4.497665e-01
  2.769928e+00   2.555592e+01   4.492884e-01
  2.774616e+00   2.486300e+01   4.428668e-01
  2.779305e+00   2.557046e+01   4.487191e-01
  2.783993e+00   2.555846e+01   4.481994e-01
  2.788681e+00   2.526104e+01   4.452650e-01
  2.793369e+00   2.536143e+01   4.459226e-01
  2.798058e+00   2.528461e+01   4.447804e-01
  2.802746e+00   2.506980e+01   4.426836e-01
  2.807434e+00   2.500325e+01   4.418459e-01
  2.812122e+00   2.520229e+01   4.430006e-01
  2.816811e+00   2.458747e+01   4.372706e-01
  2.821499e+00   2.469705e+01   4.378155e-01
  2.826187e+00   2.513558e+01   4.412877e-01
  2.830875e+00   2.512697e+01   4.408822e-01
  2.835563e+00   2.552457e+01   4.440523e-01
  2.840252e+00   2.594650e+01   4.472508e-01
  2.844940e+00   2.475690e+01   4.365693e-01
  2.849628e+00   2.536597e+01   4.415649e-01
  2.854316e+00   2.468587e+01   4.352921e-01
  2.859005e+00   2.478405e+01   4.434958e-01
  2.863693e+00   2.497888e+01   4.550011e-01
  2.868381e+00   2.482418e+01   4.595778e-01
  2.873069e+00   2.473672e+01   4.637413e-01
  2.877758e+00   2.521873e+01   4.723208e-01
  2.882446e+00   2.501780e+01   4.733683e-01
  2.887134e+00   2.550013e+01   4.794957e-01
  2.891822e+00   2.537145e+01   4.796803e-01
  2.896510e+00   2.506666e+01   4.781121e-01
  2.901199e+00   2.520148e+01   4.805188e-01
  2.905887e+00   2.507423e+01   4.805036e-01
  2.910575e+00   2.557600e+01   4.863577e-01
  2.915263e+00   2.557781e+01   4.873718e-01
  2.919952e+00   2.503100e+01   4.826773e-01
  2.924640e+00   2.553632e+01   4.743479e-01
  2.929328e+00   2.469032e+01   4.581801e-01
  2.934016e+00   2.516722e+01   4.572916e-01
  2.938704e+00   2.558823e+01   4.569370e-01
  2.943393e+00   2.483140e+01   4.468834e-01
  2.948081e+00   2.529164e+01   4.492486e-01
  2.952769e+00   2.539629e+01   4.490559e-01
  2.957457e+00   2.507653e+01   4.453188e-01
  2.962146e+00   2.464082e+01   4.404903e-01
  2.966834e+00   2.551320e+01   4.475258e-01
  2.971522e+00   2.560338e+01   4.474374e-01
  2.976210e+00   2.523049e+01   4.434762e-01
  2.980899e+00   2.528668e+01   4.432275e-01
  2.985587e+00   2.525141e+01   4.422470e-01
  2.990275e+00   2.497028e+01   4.391430e-01
  2.994963e+00   2.459216e+01   4.352800e-01
  2.999651e+00   2.530572e+01   4.409152e-01
  3.004340e+00   2.516419e+01   4.390880e-01
  3.009028e+00   2.484065e+01   4.357085e-01
  3.013716e+00   2.482191e+01   4.350651e-01
  3.018404e+00   2.497073e+01   4.358380e-01
  3.023093e+00   2.535749e+01   4.386438e-01
  3.027781e+00   2.503344e+01   4.353234e-01
  3.032469e+00   2.512514e+01   4.356792e-01
  3.037157e+00   2.525712e+01   4.363787e-01
  3.041846e+00   2.515888e+01   4.349777e-01
  3.046534e+00   2.526419e+01   4.354085e-01
  3.051222e+00   2.515357e+01   4.341374e-01
  3.055910e+00   2.486857e+01   4.312629e-01
  3.060598e+00   2.546903e+01   4.358014e-01
  3.065287e+00   2.492076e+01   4.306869e-01
  3.069975e+00   2.533914e+01   4.338752e-01
  3.074663e+00   2.456708e+01   4.268592e-01
  3.079351e+00   2.545651e+01   4.340259e-01
  3.084040e+00   2.498747e+01   4.295484e-01
  3.088728e+00   2.481500e+01   4.277051e-01
  3.093416e+00   2.535605e+01   4.321116e-01
  3.098104e+00   2.519210e+01   4.302444e-01
  3.102793e+00   2.576381e+01   4.346422e-01
  3.107481e+00   2.541130e+01   4.312865e-01
  3.112169e+00   2.488893e+01   4.264152e-01
  3.116857e+00   2.478452e+01   4.250931e-01
  3.121545e+00   2.429680e+01   4.204622e-01
  3.126234e+00   2.501078e+01   4.262416e-01
  3.130922e+00   2.516104e+01   4.272150e-01
  3.135610e+00   2.478889e+01   4.236564e-01
  3.140298e+00   2.525548e+01   4.274222e-01
  3.144987e+00   2.520608e+01   4.266548e-01
  3.149675e+00   2.526064e+01   4.265374e-01
  3.154363e+00   2.522132e+01   4.258791e-01
  3.159051e+00   2.524172e+01   4.255900e-01
  3.163739e+00   2.468569e+01   4.205207e-01
  3.168428e+00   2.524354e+01   4.249699e-01
  3.173116e+00   2.471825e+01   4.202437e-01
  3.177804e+00   2.501568e+01   4.223024e-01
  3.182492e+00   2.462016e+01   4.185908e-01
  3.187181e+00   2.444549e+01   4.167884e-01
  3.191869e+00   2.534827e+01   4.240778e-01
  3.196557e+00   2.492554e+01   4.201347e-01
  3.201245e+00   2.495007e+01   4.199908e-01
  3.205934e+00   2.495070e+01   4.196759e-01
  3.210622e+00   2.509833e+01   4.206449e-01
  3.215310e+00   2.485094e+01   4.181513e-01
  3.219998e+00   2.512774e+01   4.199832e-01
  3.224686e+00   2.503798e+01   4.185512e-01
  3.229375e+00   2.476855e+01   4.155140e-01
  3.234063e+00   2.489214e+01   4.160344e-01
  3.238751e+00   2.535791e+01   4.195478e-01
  3.243439e+00   2.512572e+01   4.172931e-01
  3.248128e+00   2.550043e+01   4.201142e-01
  3.252816e+00   2.536893e+01   4.187090e-01
  3.257504e+00   2.550898e+01   4.194658e-01
  3.262192e+00   2.568305e+01   4.206133e-01
  3.266881e+00   2.542198e+01   4.181591e-01
  3.271569e+00   2.492458e+01   4.137516e-01
  3.276257e+00   2.481473e+01   4.125370e-01
  3.280945e+00   2.475795e+01   4.121307e-01
  3.285633e+00   2.558138e+01   4.190736e-01
  3.290322e+00   2.512870e+01   4.153087e-01
  3.295010e+00   2.457708e+01   4.103812e-01
  3.299698e+00   2.507361e+01   4.141937e-01
  3.304386e+00   2.509714e+01   4.140653e-01
  3.309075e+00   2.477071e+01   4.111121e-01
  3.313763e+00   2.451661e+01   4.086603e-01
  3.318451e+00   2.544661e+01   4.159920e-01
  3.323139e+00   2.488773e+01   4.111347e-01
  3.327828e+00   2.537946e+01   4.148487e-01
  3.332516e+00   2.522320e+01   4.133151e-01
  3.337204e+00   2.461688e+01   4.079339e-01
  3.341892e+00   2.470235e+01   4.084420e-01
  3.346580e+00   2.516065e+01   4.119101e-01
  3.351269e+00   2.508622e+01   4.109575e-01
  3.355957e+00   2.504929e+01   4.111353e-01
  3.360645e+00   2.513746e+01   4.219400e-01
  3.365333e+00   2.517535e+01   4.289416e-01
  3.370022e+00   2.468138e+01   4.293697e-01
  3.374710e+00   2.416861e+01   4.269801e-01
  3.379398e+00   2.416873e+01   4.285748e-01
  3.384086e+00   2.510263e+01   4.381917e-01
  3.388774e+00   2.543595e+01   4.415882e-01
  3.393463e+00   2.499929e+01   4.374136e-01
  3.398151e+00   2.466136e+01   4.348702e-01
  3.402839e+00   2.500252e+01   4.388379e-01
  3.407527e+00   2.455906e+01   4.358937e-01
  3.412216e+00   2.463739e+01   4.374185e-01
  3.416904e+00   2.498957e+01   4.413576e-01
  3.421592e+00   2.505084e+01   4.427466e-01
  3.426280e+00   2.521726e+01   4.449479e-01
  3.430969e+00   2.534741e+01   4.468836e-01
  3.435657e+00   2.509900e+01   4.454330e-01
  3.440345e+00   2.494960e+01   4.446744e-01
  3.445033e+00   2.525236e+01   4.480507e-01
  3.449721e+00   2.538466e+01   4.499599e-01
  3.454410e+00   2.548359e+01   4.513454e-01
  3.459098e+00   2.530726e+01   4.503657e-01
  3.463786e+00   2.487936e+01   4.471101e-01
  3.468474e+00   2.451476e+01   4.443964e-01
  3.473163e+00   2.501710e+01   4.494071e-01
  3.477851e+00   2.500713e+01   4.498810e-01
  3.482539e+00   2.554482e+01   4.554017e-01
  3.487227e+00   2.486696e+01   4.495997e-01
  3.491916e+00   2.504849e+01   4.517733e-01
  3.496604e+00   2.514900e+01   4.531383e-01
  3.501292e+00   2.482112e+01   4.506327e-01
  3.505980e+00   2.490437e+01   4.518655e-01
  3.510668e+00   2.441544e+01   4.478523e-01
  3.515357e+00   2.457072e+01   4.496554e-01
  3.520045e+00   2.482390e+01   4.524682e-01
  3.524733e+00   2.481079e+01   4.527299e-01
  3.529421e+00   2.503237e+01   4.551285e-01
  3.534110e+00   2.504161e+01   4.556705e-01
  3.538798e+00   2.475735e+01   4.534287e-01
  3.543486e+00   2.454953e+01   4.519188e-01
  3.548174e+00   2.450536e+01   4.519114e-01
  3.552863e+00   2.529434e+01   4.594830e-01
  3.557551e+00   2.498764e+01   4.570341e-01
  3.562239e+00   2.448979e+01   4.528650e-01
  3.566927e+00   2.504313e+01   4.583038e-01
  3.571615e+00   2.536123e+01   4.615304e-01
  3.576304e+00   2.498761e+01   4.584448e-01
  3.580992e+00   2.490477e+01   4.579727e-01
  3.585680e+00   2.498702e+01   4.584612e-01
  3.590368e+00   2.448254e+01   4.533826e-01
  3.595057e+00   2.472717e+01   4.552362e-01
  3.599745e+00   2.473464e+01   4.549092e-01
  3.604433e+00   2.536879e+01   4.604264e-01
  3.609121e+00   2.487816e+01   4.564269e-01
  3.613809e+00   2.457398e+01   4.536917e-01
  3.618498e+00   2.497251e+01   4.575955e-01
  3.623186e+00   2.516462e+01   4.596791e-01
  3.627874e+00   2.506782e+01   4.590743e-01
  3.632562e+00   2.381050e+01   4.476488e-01
  3.637251e+00   2.435505e+01   4.530466e-01
  3.641939e+00   2.468410e+01   4.563567e-01
  3.646627e+00   2.510815e+01   4.605732e-01
  3.651315e+00   2.492628e+01   4.591259e-01
  3.656004e+00   2.515541e+01   4.616972e-01
  3.660692e+00   2.551520e+01   4.721690e-01
  3.665380e+00   2.562698e+01   4.901301e-01
  3.670068e+00   2.526639e+01   4.950803e-01
  3.674756e+00   2.592738e+01   5.094088e-01
  3.679445e+00   2.531852e+01   5.094127e-01
  3.684133e+00   2.495527e+01   5.092000e-01
  3.688821e+00   2.546632e+01   5.175638e-01
  3.693509e+00   2.464163e+01   5.121284e-01
  3.698198e+00   2.495539e+01   5.181967e-01
  3.702886e+00   2.474002e+01   5.187740e-01
  3.707574e+00   2.460564e+01   5.199530e-01
  3.712262e+00   2.498392e+01   5.265911e-01
  3.716951e+00   2.472134e+01   5.263053e-01
  3.721639e+00   2.483569e+01   5.300339e-01
  3.726327e+00   2.412859e+01   5.247862e-01
  3.731015e+00   2.503787e+01   5.370391e-01
  3.735703e+00   2.466274e+01   5.353148e-01
  3.740392e+00   2.499768e+01   5.413234e-01
  3.745080e+00   2.613056e+01   5.557550e-01
  3.749768e+00   2.485785e+01   5.443595e-01
  3.754456e+00   2.498480e+01   5.479860e-01
  3.759145e+00   2.432902e+01   5.429848e-01
  3.763833e+00   2.477931e+01   5.501729e-01
  3.768521e+00   2.442563e+01   5.484372e-01
  3.773209e+00   2.471808e+01   5.538623e-01
  3.777897e+00   2.459824e+01   5.547059e-01
  3.782586e+00   2.467754e+01   5.577345e-01
  3.787274e+00   2.473013e+01   5.604910e-01
  3.791962e+00   2.535227e+01   5.696698e-01
  3.796650e+00   2.438164e+01   5.607737e-01
  3.801339e+00   2.461992e+01   5.656254e-01
  3.806027e+00   2.397128e+01   5.602116e-01
  3.810715e+00   2.488966e+01   5.729690e-01
  3.815403e+00   2.540681e+01   5.810236e-01
  3.820092e+00   2.409558e+01   5.679187e-01
  3.824780e+00   2.466728e+01   5.767244e-01
  3.829468e+00   2.443806e+01   5.761591e-01
  3.834156e+00   2.423594e+01   5.758153e-01
  3.838844e+00   2.438516e+01   5.796990e-01
  3.843533e+00   2.471708e+01   5.857114e-01
  3.848221e+00   2.533075e+01   5.950481e-01
  3.852909e+00   2.497549e+01   5.929958e-01
  3.857597e+00   2.500826e+01   5.955067e-01
  3.862286e+00   2.498542e+01   5.973552e-01
  3.866974e+00   2.546058e+01   6.051340e-01
  3.871662e+00   2.516158e+01   6.038308e-01
  3.876350e+00   2.495788e+01   6.036003e-01
  3.881039e+00   2.435750e+01   5.982076e-01
  3.885727e+00   2.349512e+01   5.895894e-01
  3.890415e+00   2.476979e+01   6.074430e-01
  3.895103e+00   2.525587e+01   6.155953e-01
  3.899791e+00   2.469578e+01   6.108023e-01
  3.904480e+00   2.459394e+01   6.117169e-01
  3.909168e+00   2.505921e+01   6.196007e-01
  3.913856e+00   2.523478e+01   6.240294e-01
  3.918544e+00   2.590124e+01   6.343200e-01
  3.923233e+00   2.504397e+01   6.259835e-01
  3.927921e+00   2.539374e+01   6.324643e-01
  3.932609e+00   2.551561e+01   6.361263e-01
  3.937297e+00   2.453008e+01   6.248417e-01
  3.941986e+00   2.454928e+01   6.258723e-01
  3.946674e+00   2.421461e+01   6.222253e-01
  3.951362e+00   2.474080e+01   6.285861e-01
  3.956050e+00   2.490148e+01   6.295612e-01
  3.960738e+00   2.565461e+01   6.388437e-01
  3.965427e+00   2.502118e+01   6.316619e-01
  3.970115e+00   2.476784e+01   6.303989e-01
  3.974803e+00   2.477851e+01   6.325544e-01
  3.979491e+00   2.544937e+01   6.428551e-01
  3.984180e+00   2.532583e+01   6.434531e-01
  3.988868e+00   2.546951e+01   6.474240e-01
  3.993556e+00   2.494604e+01   6.428816e-01
  3.998244e+00   2.583165e+01   6.564268e-01
  4.002932e+00   2.554129e+01   6.549554e-01
  4.007621e+00   2.440657e+01   6.423584e-01
  4.012309e+00   2.480559e+01   6.497748e-01
  4.016997e+00   2.490086e+01   6.532329e-01
  4.021685e+00   2.405803e+01   6.442930e-01
  4.026374e+00   2.460213e+01   6.537436e-01
  4.031062e+00   2.532092e+01   6.654660e-01
  4.035750e+00   2.505476e+01   6.642017e-01
  4.040438e+00   2.485473e+01   6.638324e-01
  4.045127e+00   2.472227e+01   6.643293e-01
  4.049815e+00   2.474331e+01   6.668828e-01
  4.054503e+00   2.483097e+01   6.703407e-01
  4.059191e+00   2.461248e+01   6.697165e-01
  4.063879e+00   2.464985e+01   6.725491e-01
  4.068568e+00   2.447706e+01   6.724918e-01
  4.073256e+00   2.455123e+01   6.758255e-01
  4.077944e+00   2.496168e+01   6.838491e-01
  4.082632e+00   2.575000e+01   6.969776e-01
  4.087321e+00   2.435043e+01   6.801537e-01
  4.092009e+00   2.417392e+01   6.800537e-01
  4.096697e+00   2.556749e+01   7.018412e-01
  4.101385e+00   2.538081e+01   7.017052e-01
  4.106074e+00   2.578653e+01   7.098354e-01
  4.110762e+00   2.477524e+01   6.982686e-01
  4.115450e+00   2.425316e+01   6.933182e-01
  4.120138e+00   2.413684e+01   6.940733e-01
  4.124826e+00   2.379912e+01   6.916862e-01
  4.129515e+00   2.370464e+01   6.928352e-01
  4.134203e+00   2.423721e+01   7.030601e-01
  4.138891e+00   2.494013e+01   7.157770e-01
  4.143579e+00   2.497476e+01   7.188709e-01
  4.148268e+00   2.473230e+01   7.180235e-01
  4.152956e+00   2.469820e+01   7.201346e-01
  4.157644e+00   2.455810e+01   7.206404e-01
  4.162332e+00   2.450864e+01   7.226691e-01
  4.167021e+00   2.540836e+01   7.385302e-01
  4.171709e+00   2.462991e+01   7.297518e-01
  4.176397e+00   2.517124e+01   7.405256e-01
  4.181085e+00   2.454223e+01   7.339435e-01
  4.185773e+00   2.469666e+01   7.390804e-01
  4.190462e+00   2.548477e+01   7.536775e-01
  4.195150e+00   2.419493e+01   7.380137e-01
  4.199838e+00   2.463411e+01   7.467883e-01
  4.204526e+00   2.514691e+01   7.571314e-01
  4.209215e+00   2.442943e+01   7.491350e-01
  4.213903e+00   2.452451e+01   7.534808e-01
  4.218591e+00   2.514908e+01   7.659611e-01
  4.223279e+00   2.379759e+01   7.480349e-01
  4.227967e+00   2.481611e+01   7.668185e-01
  4.232656e+00   2.516608e+01   7.752559e-01
  4.237344e+00   2.591526e+01   7.898594e-01
  4.242032e+00   2.634584e+01   7.995247e-01
  4.246720e+00   2.607294e+01   7.984820e-01
  4.251409e+00   2.478103e+01   7.817121e-01
  4.256097e+00   2.509020e+01   7.896561e-01
  4.260785e+00   2.505914e+01   7.923522e-01
  4.265473e+00   2.486902e+01   7.933392e-01
  4.270162e+00   2.549866e+01   8.073589e-01
  4.274850e+00   2.574088e+01   8.169974e-01
  4.279538e+00   2.545715e+01   8.161322e-01
  4.284226e+00   2.504608e+01   8.094030e-01
  4.288914e+00   2.483022e+01   8.084450e-01
  4.293603e+00   2.589100e+01   8.290540e-01
  4.298291e+00   2.482132e+01   8.153183e-01
  4.302979e+00   2.471512e+01   8.168763e-01
  4.307667e+00   2.577458e+01   8.378286e-01
  4.312356e+00   2.417449e+01   8.150060e-01
  4.317044e+00   2.426847e+01   8.199938e-01
  4.321732e+00   2.526272e+01   8.403277e-01
  4.326420e+00   2.496642e+01   8.391347e-01
  4.331109e+00   2.514878e+01   8.457990e-01
  4.335797e+00   2.449427e+01   8.384762e-01
  4.340485e+00   2.466980e+01   8.460666e-01
  4.345173e+00   2.562952e+01   8.656611e-01
  4.349861e+00   2.585596e+01   8.731748e-01
  4.354550e+00   2.594526e+01   8.787405e-01
  4.359238e+00   2.535718e+01   8.726842e-01
  4.363926e+00   2.524980e+01   8.748516e-01
  4.368614e+00   2.462859e+01   8.680440e-01
  4.373303e+00   2.483098e+01   8.757796e-01
  4.377991e+00   2.474575e+01   8.783621e-01
  4.382679e+00   2.459162e+01   8.797733e-01
  4.387367e+00   2.708316e+01   9.278150e-01
  4.392056e+00   2.645903e+01   9.214368e-01
  4.396744e+00   2.462600e+01   8.932393e-01
  4.401432e+00   2.504368e+01   9.061672e-01
  4.406120e+00   2.517145e+01   9.110401e-01
  4.410808e+00   2.441845e+01   8.979338e-01
  4.415497e+00   2.561521e+01   9.202874e-01
  4.420185e+00   2.581685e+01   9.244739e-01
  4.424873e+00   2.531862e+01   9.162065e-01
  4.429561e+00   2.529366e+01   9.163804e-01
  4.434250e+00   2.571299e+01   9.245860e-01
  4.438938e+00   2.443635e+01   9.020221e-01
  4.443626e+00   2.475800e+01   9.084509e-01
  4.448314e+00   2.457707e+01   9.072908e-01
  4.453002e+00   2.615147e+01   9.404013e-01
  4.457691e+00   2.573816e+01   9.376870e-01
  4.462379e+00   2.570389e+01   9.417936e-01
  4.467067e+00   2.460276e+01   9.260958e-01
  4.471755e+00   2.426942e+01   9.245257e-01
  4.476444e+00   2.438243e+01   9.315416e-01
  4.481132e+00   2.458458e+01   9.402992e-01
  4.485820e+00   2.459768e+01   9.455953e-01
  4.490508e+00   2.542688e+01   9.665112e-01
  4.495197e+00   2.506582e+01   9.647782e-01
  4.499885e+00   2.528298e+01   9.741930e-01
  4.504573e+00   2.455616e+01   9.653321e-01
  4.509261e+00   2.526558e+01   9.846166e-01
  4.513949e+00   2.600112e+01   1.004478e+00
  4.518638e+00   2.544808e+01   9.993529e-01
  4.523326e+00   2.639620e+01   1.023623e+00
  4.528014e+00   2.511387e+01   1.004174e+00
  4.532702e+00   2.477707e+01   1.003191e+00
  4.537391e+00   2.521913e+01   1.018013e+00
  4.542079e+00   2.485957e+01   1.016785e+00
  4.546767e+00   2.408215e+01   1.006774e+00
  4.551455e+00   2.343399e+01   9.991156e-01
  4.556144e+00   2.448647e+01   1.027533e+00
  4.560832e+00   2.488226e+01   1.042178e+00
  4.565520e+00   2.442169e+01   1.038909e+00
  4.570208e+00   2.500530e+01   1.057990e+00
  4.574896e+00   2.540738e+01   1.073342e+00
  4.579585e+00   2.488070e+01   1.068987e+00
  4.584273e+00   2.530826e+01   1.085144e+00
  4.588961e+00   2.593603e+01   1.105751e+00
  4.593649e+00   2.572570e+01   1.108592e+00
  4.598338e+00   2.508693e+01   1.102299e+00
  4.603026e+00   2.639792e+01   1.138454e+00
  4.607714e+00   2.624829e+01   1.143059e+00
  4.612402e+00   2.482074e+01   1.119308e+00
  4.617091e+00   2.457883e+01   1.121716e+00
  4.621779e+00   2.417796e+01   1.120662e+00
  4.626467e+00   2.327962e+01   1.107701e+00
  4.631155e+00   2.439771e+01   1.142334e+00
  4.635843e+00   2.456602e+01   1.154809e+00
  4.640532e+00   2.386158e+01   1.146729e+00
  4.645220e+00   2.398969e+01   1.158791e+00
  4.649908e+00   2.544133e+01   1.202706e+00
  4.654596e+00   2.377380e+01   1.171779e+00
  4.659285e+00   2.389702e+01   1.184205e+00
  4.663973e+00   2.381711e+01   1.191812e+00
  4.668661e+00   2.465654e+01   1.222906e+00
  4.673349e+00   2.368160e+01   1.208541e+00
  4.678037e+00   2.419680e+01   1.231992e+00
  4.682726e+00   2.521475e+01   1.268478e+00
  4.687414e+00   2.608479e+01   1.301612e+00
  4.692102e+00   2.389745e+01   1.257198e+00
  4.696790e+00   2.283925e+01   1.240183e+00
  4.701479e+00   2.436967e+01   1.292863e+00
  4.706167e+00   2.502882e+01   1.322511e+00
  4.710855e+00   2.523566e+01   1.341027e+00
  4.715543e+00   2.465805e+01   1.338527e+00
  4.720232e+00   2.586140e+01   1.384356e+00
  4.724920e+00   2.442963e+01   1.359041e+00
  4.729608e+00   2.496518e+01   1.388291e+00
  4.734296e+00   2.429914e+01   1.384203e+00
  4.738984e+00   2.687413e+01   1.471245e+00
  4.743673e+00   2.585988e+01   1.458952e+00
  4.748361e+00   2.566953e+01   1.470055e+00
  4.753049e+00   2.723500e+01   1.531784e+00
  4.757737e+00   2.723730e+01   1.549657e+00
  4.762426e+00   2.696525e+01   1.560223e+00
  4.767114e+00   2.515210e+01   1.525570e+00
  4.771802e+00   2.426884e+01   1.517720e+00
  4.776490e+00   2.218337e+01   1.469568e+00
  4.781179e+00   2.113371e+01   1.453127e+00
  4.785867e+00   2.291483e+01   1.533871e+00
  4.790555e+00   2.323637e+01   1.566273e+00
  4.795243e+00   2.379376e+01   1.607363e+00
  4.799931e+00   2.552612e+01   1.689054e+00
  4.804620e+00   2.798358e+01   1.795742e+00
  4.809308e+00   2.671812e+01   1.782036e+00
  4.813996e+00   2.707011e+01   1.822218e+00
  4.818684e+00   2.608372e+01   1.817993e+00
  4.823373e+00   2.665431e+01   1.870197e+00
  4.828061e+00   2.791148e+01   1.947769e+00
  4.832749e+00   2.555778e+01   1.897669e+00
  4.837437e+00   2.532903e+01   1.925142e+00
  4.842125e+00   2.740737e+01   2.042864e+00
  4.846814e+00   2.596518e+01   2.028744e+00
  4.851502e+00   2.464556e+01   2.018253e+00
  4.856190e+00   2.412755e+01   2.042390e+00
  4.860878e+00   2.505381e+01   2.129828e+00
  4.865567e+00   2.427255e+01   2.146946e+00
  4.870255e+00   2.734605e+01   2.337700e+00
  4.874943e+00   2.330694e+01   2.218467e+00
  4.879631e+00   2.389159e+01   2.309468e+00
  4.884320e+00   2.410169e+01   2.388877e+00
  4.889008e+00   2.187064e+01   2.350495e+00
  4.893696e+00   2.209846e+01   2.443844e+00
  4.898384e+00   2.224025e+01   2.540787e+00
  4.903072e+00   2.606015e+01   2.859948e+00
  4.907761e+00   2.536666e+01   2.981803e+00
  4.912449e+00   2.329889e+01   3.948540e+00
  4.917137e+00   3.116486e+01   1.255423e+01
