# GI Buffer
# Sample c= 0.0 mg/ml
#
# Sample environment:
# Detector = Pilatus
# PixelSize_1 = 0.000172
# PixelSize_2 = 0.000172
#
# title = GI Buffer
# Frame 118 of 120
# Time per frame (s) = 1.0
# SampleDistance = 2.869
# WaveLength = 9.919e-11
# Normalization = 0.001062898
# DiodeCurr = 8.708537e-05
# MachCurr = 68.81833
# Mask = /data/bm29/archive/CALIBRATION/MASK/BM29/Pcon_19thNovember2015_7keV_v3.edf
#
# N 3
# L q*nm  I_GI Buffer  stddev
#
# Sample Information:
# Storage Temperature (degrees C): 20.0
# Measurement Temperature (degrees C): 20.08
# Concentration: 0.0
# Code: GIBuffer
  3.200246e-02   1.398682e+02   1.778758e+01
  3.669069e-02   4.943350e+02   1.518223e+01
  4.137892e-02   6.953475e+02   1.341348e+01
  4.606715e-02   5.850968e+02   1.018795e+01
  5.075538e-02   3.875511e+02   7.531784e+00
  5.544361e-02   2.718941e+02   5.828290e+00
  6.013183e-02   2.069742e+02   4.861735e+00
  6.482006e-02   1.651946e+02   4.167243e+00
  6.950829e-02   1.336063e+02   3.595981e+00
  7.419652e-02   1.046749e+02   3.055344e+00
  7.888475e-02   9.012985e+01   2.740736e+00
  8.357298e-02   8.010437e+01   2.506856e+00
  8.826121e-02   7.054908e+01   2.285966e+00
  9.294944e-02   6.059383e+01   2.056462e+00
  9.763767e-02   5.568964e+01   1.917114e+00
  1.023259e-01   5.570720e+01   1.871791e+00
  1.070141e-01   4.948422e+01   1.723840e+00
  1.117024e-01   4.734140e+01   1.647890e+00
  1.163906e-01   4.435877e+01   1.556513e+00
  1.210788e-01   4.318527e+01   1.505596e+00
  1.257670e-01   4.045914e+01   1.429305e+00
  1.304553e-01   3.814089e+01   1.363310e+00
  1.351435e-01   3.670505e+01   1.310458e+00
  1.398317e-01   3.590411e+01   1.273703e+00
  1.445200e-01   3.453977e+01   1.228622e+00
  1.492082e-01   3.514758e+01   1.219608e+00
  1.538964e-01   3.323373e+01   1.165061e+00
  1.585846e-01   3.257322e+01   1.135126e+00
  1.632729e-01   3.390017e+01   1.141198e+00
  1.679611e-01   3.261937e+01   1.103677e+00
  1.726493e-01   3.164863e+01   1.071021e+00
  1.773376e-01   3.169376e+01   1.055766e+00
  1.820258e-01   3.030386e+01   1.019099e+00
  1.867140e-01   3.001068e+01   1.001394e+00
  1.914022e-01   2.810085e+01   9.567730e-01
  1.960905e-01   2.975858e+01   9.708866e-01
  2.007787e-01   3.092367e+01   9.791532e-01
  2.054669e-01   2.985346e+01   9.510835e-01
  2.101552e-01   2.805140e+01   9.116037e-01
  2.148434e-01   2.986893e+01   9.286266e-01
  2.195316e-01   2.894788e+01   9.042133e-01
  2.242199e-01   2.808235e+01   8.813583e-01
  2.289081e-01   2.792685e+01   8.699034e-01
  2.335963e-01   2.757693e+01   8.547424e-01
  2.382845e-01   2.771776e+01   8.479003e-01
  2.429728e-01   2.664262e+01   8.233551e-01
  2.476610e-01   2.723344e+01   8.245916e-01
  2.523492e-01   2.734713e+01   8.181726e-01
  2.570375e-01   2.697063e+01   8.041922e-01
  2.617257e-01   2.897416e+01   8.261676e-01
  2.664139e-01   2.894321e+01   8.185269e-01
  2.711021e-01   2.877478e+01   8.090861e-01
  2.757904e-01   2.810605e+01   7.919580e-01
  2.804786e-01   2.783097e+01   7.818421e-01
  2.851668e-01   2.689943e+01   7.624158e-01
  2.898551e-01   2.770008e+01   7.669961e-01
  2.945433e-01   2.790416e+01   7.636144e-01
  2.992315e-01   2.685251e+01   7.598494e-01
  3.039197e-01   2.798850e+01   7.818841e-01
  3.086080e-01   2.847125e+01   7.908834e-01
  3.132962e-01   2.735493e+01   7.756278e-01
  3.179844e-01   2.760910e+01   7.790703e-01
  3.226727e-01   2.829671e+01   7.886898e-01
  3.273609e-01   2.687740e+01   7.677988e-01
  3.320491e-01   2.724503e+01   7.716435e-01
  3.367374e-01   2.770191e+01   7.760383e-01
  3.414256e-01   2.652416e+01   7.578194e-01
  3.461138e-01   2.623956e+01   7.522020e-01
  3.508020e-01   2.633880e+01   7.518112e-01
  3.554903e-01   2.647548e+01   7.509464e-01
  3.601785e-01   2.637946e+01   7.481524e-01
  3.648667e-01   2.657356e+01   7.563099e-01
  3.695550e-01   2.709853e+01   7.810420e-01
  3.742432e-01   2.720831e+01   7.914680e-01
  3.789314e-01   2.631062e+01   7.856518e-01
  3.836196e-01   2.576706e+01   7.824724e-01
  3.883079e-01   2.711578e+01   8.070500e-01
  3.929961e-01   2.732595e+01   8.175719e-01
  3.976843e-01   2.573815e+01   8.042463e-01
  4.023726e-01   2.680692e+01   8.289149e-01
  4.070608e-01   2.684010e+01   8.328077e-01
  4.117490e-01   2.717206e+01   8.395895e-01
  4.164372e-01   2.753122e+01   8.465396e-01
  4.211255e-01   2.603791e+01   8.249073e-01
  4.258137e-01   2.637383e+01   8.309122e-01
  4.305019e-01   2.643300e+01   8.310677e-01
  4.351902e-01   2.794343e+01   8.527204e-01
  4.398784e-01   2.645575e+01   8.287069e-01
  4.445666e-01   2.626066e+01   8.351041e-01
  4.492548e-01   2.602078e+01   8.596666e-01
  4.539431e-01   2.666804e+01   8.870428e-01
  4.586313e-01   2.734388e+01   9.117571e-01
  4.633195e-01   2.644445e+01   9.086281e-01
  4.680078e-01   2.620724e+01   9.152254e-01
  4.726960e-01   2.626199e+01   9.259744e-01
  4.773842e-01   2.505808e+01   9.134964e-01
  4.820725e-01   2.571801e+01   9.343403e-01
  4.867607e-01   2.671934e+01   9.614511e-01
  4.914489e-01   2.634991e+01   9.631166e-01
  4.961371e-01   2.733928e+01   9.891156e-01
  5.008254e-01   2.690834e+01   9.893538e-01
  5.055136e-01   2.702742e+01   9.998458e-01
  5.102018e-01   2.588555e+01   9.560564e-01
  5.148901e-01   2.641220e+01   9.319910e-01
  5.195783e-01   2.728393e+01   9.313257e-01
  5.242665e-01   2.705838e+01   9.165941e-01
  5.289547e-01   2.645350e+01   8.976762e-01
  5.336430e-01   2.677972e+01   8.953632e-01
  5.383312e-01   2.545649e+01   8.666138e-01
  5.430194e-01   2.607838e+01   8.718539e-01
  5.477077e-01   2.610115e+01   8.673921e-01
  5.523959e-01   2.632852e+01   8.663109e-01
  5.570841e-01   2.669397e+01   8.675385e-01
  5.617723e-01   2.623425e+01   8.563917e-01
  5.664606e-01   2.582542e+01   8.459627e-01
  5.711488e-01   2.612468e+01   8.474918e-01
  5.758370e-01   2.693414e+01   8.557179e-01
  5.805253e-01   2.715541e+01   8.539253e-01
  5.852135e-01   2.567635e+01   8.250271e-01
  5.899017e-01   2.634762e+01   8.299550e-01
  5.945900e-01   2.637778e+01   8.237655e-01
  5.992782e-01   2.730083e+01   8.326621e-01
  6.039664e-01   2.684819e+01   8.208817e-01
  6.086546e-01   2.555283e+01   7.960622e-01
  6.133429e-01   2.588620e+01   7.960670e-01
  6.180311e-01   2.654695e+01   8.014048e-01
  6.227193e-01   2.675193e+01   8.000619e-01
  6.274076e-01   2.652292e+01   7.933046e-01
  6.320958e-01   2.602393e+01   7.836188e-01
  6.367840e-01   2.670385e+01   7.915097e-01
  6.414722e-01   2.653596e+01   7.874311e-01
  6.461605e-01   2.590476e+01   7.762069e-01
  6.508487e-01   2.548024e+01   7.681721e-01
  6.555369e-01   2.637253e+01   7.791700e-01
  6.602252e-01   2.717293e+01   7.892305e-01
  6.649134e-01   2.636435e+01   7.757802e-01
  6.696016e-01   2.740725e+01   7.893332e-01
  6.742898e-01   2.737964e+01   7.867271e-01
  6.789781e-01   2.654432e+01   7.729489e-01
  6.836663e-01   2.664042e+01   7.727141e-01
  6.883545e-01   2.665411e+01   7.714788e-01
  6.930428e-01   2.619862e+01   7.627770e-01
  6.977310e-01   2.606246e+01   7.590643e-01
  7.024192e-01   2.648147e+01   7.636035e-01
  7.071074e-01   2.655777e+01   7.632392e-01
  7.117957e-01   2.632762e+01   7.581980e-01
  7.164839e-01   2.693991e+01   7.649773e-01
  7.211721e-01   2.575580e+01   7.465618e-01
  7.258604e-01   2.624621e+01   7.520984e-01
  7.305486e-01   2.650038e+01   7.544512e-01
  7.352368e-01   2.537264e+01   7.359494e-01
  7.399251e-01   2.734509e+01   7.627842e-01
  7.446133e-01   2.595106e+01   7.417569e-01
  7.493015e-01   2.600377e+01   7.416494e-01
  7.539897e-01   2.630923e+01   7.438290e-01
  7.586780e-01   2.601835e+01   7.377977e-01
  7.633662e-01   2.547618e+01   7.286347e-01
  7.680544e-01   2.735069e+01   7.536501e-01
  7.727427e-01   2.647348e+01   7.397834e-01
  7.774309e-01   2.556862e+01   7.253411e-01
  7.821191e-01   2.651415e+01   7.373427e-01
  7.868073e-01   2.652888e+01   7.362283e-01
  7.914956e-01   2.517965e+01   7.157274e-01
  7.961838e-01   2.576993e+01   7.224233e-01
  8.008720e-01   2.526823e+01   7.140439e-01
  8.055603e-01   2.654768e+01   7.305262e-01
  8.102485e-01   2.625535e+01   7.252799e-01
  8.149367e-01   2.682357e+01   7.312132e-01
  8.196249e-01   2.683385e+01   7.299644e-01
  8.243132e-01   2.530050e+01   7.076723e-01
  8.290014e-01   2.697061e+01   7.293011e-01
  8.336896e-01   2.778271e+01   7.384881e-01
  8.383779e-01   2.619506e+01   7.157099e-01
  8.430661e-01   2.654046e+01   7.191889e-01
  8.477543e-01   2.670341e+01   7.200720e-01
  8.524425e-01   2.549520e+01   7.022191e-01
  8.571308e-01   2.675117e+01   7.181477e-01
  8.618190e-01   2.583395e+01   7.042902e-01
  8.665072e-01   2.683581e+01   7.163996e-01
  8.711955e-01   2.590755e+01   7.026419e-01
  8.758837e-01   2.599556e+01   7.022387e-01
  8.805719e-01   2.543316e+01   6.933835e-01
  8.852602e-01   2.763530e+01   7.216231e-01
  8.899484e-01   2.712279e+01   7.137341e-01
  8.946366e-01   2.564300e+01   6.922252e-01
  8.993248e-01   2.589126e+01   6.945602e-01
  9.040131e-01   2.665337e+01   7.034208e-01
  9.087013e-01   2.541431e+01   6.858044e-01
  9.133895e-01   2.642935e+01   6.978176e-01
  9.180778e-01   2.632679e+01   6.952957e-01
  9.227660e-01   2.559694e+01   6.843075e-01
  9.274542e-01   2.610378e+01   6.900247e-01
  9.321424e-01   2.624540e+01   6.905915e-01
  9.368307e-01   2.607032e+01   6.868162e-01
  9.415189e-01   2.680199e+01   6.953088e-01
  9.462071e-01   2.570430e+01   6.798960e-01
  9.508954e-01   2.642046e+01   6.880118e-01
  9.555836e-01   2.629752e+01   6.849973e-01
  9.602718e-01   2.668122e+01   6.888718e-01
  9.649600e-01   2.631668e+01   6.830523e-01
  9.696483e-01   2.665678e+01   6.864190e-01
  9.743365e-01   2.531669e+01   6.673857e-01
  9.790247e-01   2.566683e+01   6.710183e-01
  9.837130e-01   2.604843e+01   6.748475e-01
  9.884012e-01   2.621210e+01   6.759329e-01
  9.930894e-01   2.658818e+01   6.794217e-01
  9.977777e-01   2.622367e+01   6.735535e-01
  1.002466e+00   2.565536e+01   6.652136e-01
  1.007154e+00   2.551578e+01   6.623205e-01
  1.011842e+00   2.655367e+01   6.745450e-01
  1.016531e+00   2.600547e+01   6.662081e-01
  1.021219e+00   2.608313e+01   6.661482e-01
  1.025907e+00   2.555729e+01   6.584837e-01
  1.030595e+00   2.646375e+01   6.689979e-01
  1.035283e+00   2.725170e+01   6.773713e-01
  1.039972e+00   2.661870e+01   6.685506e-01
  1.044660e+00   2.632323e+01   6.638906e-01
  1.049348e+00   2.625296e+01   6.618574e-01
  1.054036e+00   2.634429e+01   6.617465e-01
  1.058725e+00   2.590374e+01   6.552100e-01
  1.063413e+00   2.657346e+01   6.625759e-01
  1.068101e+00   2.644945e+01   6.600891e-01
  1.072789e+00   2.539047e+01   6.455263e-01
  1.077478e+00   2.596435e+01   6.517147e-01
  1.082166e+00   2.629914e+01   6.548830e-01
  1.086854e+00   2.601446e+01   6.503957e-01
  1.091542e+00   2.547871e+01   6.426923e-01
  1.096230e+00   2.554655e+01   6.422360e-01
  1.100919e+00   2.626004e+01   6.502357e-01
  1.105607e+00   2.589377e+01   6.448234e-01
  1.110295e+00   2.569483e+01   6.413358e-01
  1.114983e+00   2.560431e+01   6.391471e-01
  1.119672e+00   2.694637e+01   6.547526e-01
  1.124360e+00   2.604846e+01   6.426731e-01
  1.129048e+00   2.567229e+01   6.370571e-01
  1.133736e+00   2.575185e+01   6.368669e-01
  1.138425e+00   2.635194e+01   6.432775e-01
  1.143113e+00   2.623617e+01   6.409124e-01
  1.147801e+00   2.690559e+01   6.482231e-01
  1.152489e+00   2.567382e+01   6.320609e-01
  1.157177e+00   2.617204e+01   6.370777e-01
  1.161866e+00   2.580075e+01   6.317722e-01
  1.166554e+00   2.541735e+01   6.261471e-01
  1.171242e+00   2.484812e+01   6.180601e-01
  1.175930e+00   2.599294e+01   6.311399e-01
  1.180619e+00   2.596612e+01   6.299099e-01
  1.185307e+00   2.520438e+01   6.197022e-01
  1.189995e+00   2.578500e+01   6.260054e-01
  1.194683e+00   2.551164e+01   6.214673e-01
  1.199372e+00   2.540150e+01   6.192731e-01
  1.204060e+00   2.593707e+01   6.250859e-01
  1.208748e+00   2.624010e+01   6.282126e-01
  1.213436e+00   2.561901e+01   6.193033e-01
  1.218124e+00   2.574488e+01   6.197763e-01
  1.222813e+00   2.668107e+01   6.300529e-01
  1.227501e+00   2.546332e+01   6.147783e-01
  1.232189e+00   2.599953e+01   6.201753e-01
  1.236877e+00   2.576224e+01   6.163010e-01
  1.241566e+00   2.548363e+01   6.122283e-01
  1.246254e+00   2.673091e+01   6.262261e-01
  1.250942e+00   2.698946e+01   6.430409e-01
  1.255630e+00   2.707718e+01   6.615176e-01
  1.260318e+00   2.654325e+01   6.659017e-01
  1.265007e+00   2.682472e+01   6.782867e-01
  1.269695e+00   2.626262e+01   6.788145e-01
  1.274383e+00   2.605506e+01   6.829848e-01
  1.279071e+00   2.617972e+01   6.912199e-01
  1.283760e+00   2.501968e+01   6.816915e-01
  1.288448e+00   2.544413e+01   6.931869e-01
  1.293136e+00   2.555429e+01   7.001768e-01
  1.297824e+00   2.526545e+01   7.014326e-01
  1.302513e+00   2.569839e+01   7.116278e-01
  1.307201e+00   2.637821e+01   7.230546e-01
  1.311889e+00   2.580241e+01   7.157720e-01
  1.316577e+00   2.587827e+01   6.892744e-01
  1.321265e+00   2.536894e+01   6.655313e-01
  1.325954e+00   2.622365e+01   6.657482e-01
  1.330642e+00   2.696499e+01   6.665043e-01
  1.335330e+00   2.669614e+01   6.559309e-01
  1.340018e+00   2.535204e+01   6.332657e-01
  1.344707e+00   2.697436e+01   6.477422e-01
  1.349395e+00   2.646758e+01   6.368695e-01
  1.354083e+00   2.609377e+01   6.275616e-01
  1.358771e+00   2.638827e+01   6.269048e-01
  1.363460e+00   2.666039e+01   6.266852e-01
  1.368148e+00   2.653738e+01   6.234747e-01
  1.372836e+00   2.611942e+01   6.168686e-01
  1.377524e+00   2.638535e+01   6.185865e-01
  1.382212e+00   2.615616e+01   6.146783e-01
  1.386901e+00   2.578008e+01   6.089681e-01
  1.391589e+00   2.552299e+01   6.045814e-01
  1.396277e+00   2.631115e+01   6.125528e-01
  1.400965e+00   2.528480e+01   5.993805e-01
  1.405654e+00   2.564388e+01   6.025228e-01
  1.410342e+00   2.622995e+01   6.082406e-01
  1.415030e+00   2.654666e+01   6.105581e-01
  1.419718e+00   2.521968e+01   5.941035e-01
  1.424406e+00   2.592810e+01   6.014602e-01
  1.429095e+00   2.591200e+01   6.002168e-01
  1.433783e+00   2.501746e+01   5.885171e-01
  1.438471e+00   2.506150e+01   5.881241e-01
  1.443159e+00   2.543826e+01   5.916220e-01
  1.447848e+00   2.574837e+01   5.942426e-01
  1.452536e+00   2.505293e+01   5.850598e-01
  1.457224e+00   2.669030e+01   6.029087e-01
  1.461912e+00   2.639786e+01   5.987186e-01
  1.466601e+00   2.562577e+01   5.890009e-01
  1.471289e+00   2.585623e+01   5.906374e-01
  1.475977e+00   2.553489e+01   5.862753e-01
  1.480665e+00   2.632566e+01   5.941357e-01
  1.485353e+00   2.592971e+01   5.980485e-01
  1.490042e+00   2.622559e+01   6.199090e-01
  1.494730e+00   2.550346e+01   6.221036e-01
  1.499418e+00   2.486417e+01   6.221574e-01
  1.504106e+00   2.499194e+01   6.309662e-01
  1.508795e+00   2.633777e+01   6.546076e-01
  1.513483e+00   2.593813e+01   6.331602e-01
  1.518171e+00   2.593712e+01   6.190023e-01
  1.522859e+00   2.590261e+01   6.100957e-01
  1.527548e+00   2.627901e+01   6.079433e-01
  1.532236e+00   2.668329e+01   6.067342e-01
  1.536924e+00   2.670961e+01   6.022068e-01
  1.541612e+00   2.610508e+01   5.922099e-01
  1.546300e+00   2.654770e+01   5.957673e-01
  1.550989e+00   2.542898e+01   5.810023e-01
  1.555677e+00   2.637980e+01   5.887454e-01
  1.560365e+00   2.594105e+01   5.811003e-01
  1.565053e+00   2.580559e+01   5.769116e-01
  1.569742e+00   2.529447e+01   5.688578e-01
  1.574430e+00   2.522295e+01   5.668585e-01
  1.579118e+00   2.546176e+01   5.699612e-01
  1.583806e+00   2.626287e+01   5.795196e-01
  1.588495e+00   2.550779e+01   5.717983e-01
  1.593183e+00   2.601037e+01   5.776767e-01
  1.597871e+00   2.516021e+01   5.678067e-01
  1.602559e+00   2.659053e+01   5.828683e-01
  1.607247e+00   2.568929e+01   5.719986e-01
  1.611936e+00   2.639235e+01   5.786641e-01
  1.616624e+00   2.586551e+01   5.720537e-01
  1.621312e+00   2.528264e+01   5.647547e-01
  1.626000e+00   2.600190e+01   5.718647e-01
  1.630689e+00   2.531857e+01   5.633945e-01
  1.635377e+00   2.561208e+01   5.658118e-01
  1.640065e+00   2.497012e+01   5.578613e-01
  1.644753e+00   2.500444e+01   5.574833e-01
  1.649441e+00   2.551879e+01   5.623891e-01
  1.654130e+00   2.621622e+01   5.691116e-01
  1.658818e+00   2.645204e+01   5.708621e-01
  1.663506e+00   2.596658e+01   5.648594e-01
  1.668194e+00   2.572523e+01   5.615224e-01
  1.672883e+00   2.626303e+01   5.663805e-01
  1.677571e+00   2.485307e+01   5.502481e-01
  1.682259e+00   2.577811e+01   5.597233e-01
  1.686947e+00   2.548786e+01   5.558574e-01
  1.691636e+00   2.634970e+01   5.642539e-01
  1.696324e+00   2.584856e+01   5.581143e-01
  1.701012e+00   2.642641e+01   5.636326e-01
  1.705700e+00   2.620037e+01   5.605543e-01
  1.710388e+00   2.546786e+01   5.518435e-01
  1.715077e+00   2.508969e+01   5.469640e-01
  1.719765e+00   2.579104e+01   5.538697e-01
  1.724453e+00   2.566749e+01   5.519132e-01
  1.729141e+00   2.520280e+01   5.461710e-01
  1.733830e+00   2.558171e+01   5.494160e-01
  1.738518e+00   2.576501e+01   5.507573e-01
  1.743206e+00   2.593649e+01   5.519236e-01
  1.747894e+00   2.559618e+01   5.477107e-01
  1.752583e+00   2.575569e+01   5.488220e-01
  1.757271e+00   2.580914e+01   5.485463e-01
  1.761959e+00   2.600835e+01   5.499250e-01
  1.766647e+00   2.609118e+01   5.501130e-01
  1.771335e+00   2.565664e+01   5.447705e-01
  1.776024e+00   2.599170e+01   5.476249e-01
  1.780712e+00   2.642465e+01   5.515102e-01
  1.785400e+00   2.599837e+01   5.464423e-01
  1.790088e+00   2.579960e+01   5.436807e-01
  1.794777e+00   2.528321e+01   5.374588e-01
  1.799465e+00   2.618697e+01   5.463078e-01
  1.804153e+00   2.509997e+01   5.343471e-01
  1.808841e+00   2.603410e+01   5.435470e-01
  1.813530e+00   2.658032e+01   5.483783e-01
  1.818218e+00   2.542107e+01   5.357104e-01
  1.822906e+00   2.599552e+01   5.411974e-01
  1.827594e+00   2.606905e+01   5.413519e-01
  1.832282e+00   2.633466e+01   5.432089e-01
  1.836971e+00   2.582612e+01   5.374370e-01
  1.841659e+00   2.568907e+01   5.354656e-01
  1.846347e+00   2.609167e+01   5.390137e-01
  1.851035e+00   2.594522e+01   5.367153e-01
  1.855724e+00   2.573612e+01   5.340042e-01
  1.860412e+00   2.518051e+01   5.276644e-01
  1.865100e+00   2.575012e+01   5.329831e-01
  1.869788e+00   2.499722e+01   5.244265e-01
  1.874476e+00   2.522027e+01   5.261713e-01
  1.879165e+00   2.503598e+01   5.237238e-01
  1.883853e+00   2.539735e+01   5.268803e-01
  1.888541e+00   2.544141e+01   5.267103e-01
  1.893229e+00   2.605451e+01   5.326468e-01
  1.897918e+00   2.572120e+01   5.286102e-01
  1.902606e+00   2.530578e+01   5.235464e-01
  1.907294e+00   2.579312e+01   5.280396e-01
  1.911982e+00   2.556327e+01   5.249280e-01
  1.916671e+00   2.581067e+01   5.269369e-01
  1.921359e+00   2.509699e+01   5.190686e-01
  1.926047e+00   2.507505e+01   5.183179e-01
  1.930735e+00   2.550345e+01   5.219998e-01
  1.935423e+00   2.546854e+01   5.211095e-01
  1.940112e+00   2.551458e+01   5.209444e-01
  1.944800e+00   2.649197e+01   5.296408e-01
  1.949488e+00   2.529796e+01   5.162399e-01
  1.954176e+00   2.514388e+01   5.135279e-01
  1.958865e+00   2.534192e+01   5.144066e-01
  1.963553e+00   2.552717e+01   5.153771e-01
  1.968241e+00   2.527822e+01   5.123401e-01
  1.972929e+00   2.522812e+01   5.111905e-01
  1.977618e+00   2.534631e+01   5.119750e-01
  1.982306e+00   2.526660e+01   5.108857e-01
  1.986994e+00   2.523457e+01   5.104860e-01
  1.991682e+00   2.465970e+01   5.046772e-01
  1.996370e+00   2.567931e+01   5.151447e-01
  2.001059e+00   2.617190e+01   5.202215e-01
  2.005747e+00   2.591495e+01   5.174965e-01
  2.010435e+00   2.500327e+01   5.074907e-01
  2.015123e+00   2.517763e+01   5.087164e-01
  2.019812e+00   2.562981e+01   5.127612e-01
  2.024500e+00   2.550301e+01   5.110425e-01
  2.029188e+00   2.533361e+01   5.087167e-01
  2.033876e+00   2.474663e+01   5.022295e-01
  2.038565e+00   2.515965e+01   5.058714e-01
  2.043253e+00   2.517460e+01   5.056428e-01
  2.047941e+00   2.527453e+01   5.060622e-01
  2.052629e+00   2.575948e+01   5.121318e-01
  2.057317e+00   2.566519e+01   5.261319e-01
  2.062006e+00   2.623999e+01   5.416511e-01
  2.066694e+00   2.572406e+01   5.434296e-01
  2.071382e+00   2.528224e+01   5.445265e-01
  2.076070e+00   2.548409e+01   5.520279e-01
  2.080759e+00   2.598664e+01   5.624034e-01
  2.085447e+00   2.590494e+01   5.658357e-01
  2.090135e+00   2.541583e+01   5.625808e-01
  2.094823e+00   2.514722e+01   5.612003e-01
  2.099511e+00   2.618612e+01   5.742893e-01
  2.104200e+00   2.533235e+01   5.663153e-01
  2.108888e+00   2.460966e+01   5.594209e-01
  2.113576e+00   2.565135e+01   5.723981e-01
  2.118264e+00   2.545313e+01   5.646238e-01
  2.122953e+00   2.609496e+01   5.535958e-01
  2.127641e+00   2.567460e+01   5.400294e-01
  2.132329e+00   2.581635e+01   5.349406e-01
  2.137017e+00   2.604478e+01   5.322315e-01
  2.141706e+00   2.635772e+01   5.309862e-01
  2.146394e+00   2.602869e+01   5.238017e-01
  2.151082e+00   2.575382e+01   5.181605e-01
  2.155770e+00   2.516400e+01   5.110765e-01
  2.160458e+00   2.545766e+01   5.128587e-01
  2.165147e+00   2.580174e+01   5.152347e-01
  2.169835e+00   2.521746e+01   5.081787e-01
  2.174523e+00   2.559265e+01   5.110523e-01
  2.179211e+00   2.511370e+01   5.053477e-01
  2.183900e+00   2.586711e+01   5.119686e-01
  2.188588e+00   2.491656e+01   5.015540e-01
  2.193276e+00   2.526575e+01   5.042130e-01
  2.197964e+00   2.629999e+01   5.136777e-01
  2.202653e+00   2.601032e+01   5.100327e-01
  2.207341e+00   2.476558e+01   4.968968e-01
  2.212029e+00   2.576781e+01   5.060673e-01
  2.216717e+00   2.545279e+01   5.023057e-01
  2.221405e+00   2.521703e+01   4.992365e-01
  2.226094e+00   2.490338e+01   4.954413e-01
  2.230782e+00   2.496089e+01   4.953039e-01
  2.235470e+00   2.593529e+01   5.042091e-01
  2.240158e+00   2.520422e+01   4.964066e-01
  2.244847e+00   2.513602e+01   4.951510e-01
  2.249535e+00   2.505446e+01   4.936068e-01
  2.254223e+00   2.487916e+01   4.912404e-01
  2.258911e+00   2.500514e+01   4.919355e-01
  2.263600e+00   2.530366e+01   4.942884e-01
  2.268288e+00   2.577220e+01   4.981530e-01
  2.272976e+00   2.599130e+01   4.996133e-01
  2.277664e+00   2.580694e+01   4.973126e-01
  2.282352e+00   2.524462e+01   4.913263e-01
  2.287041e+00   2.533373e+01   4.915842e-01
  2.291729e+00   2.539082e+01   4.914511e-01
  2.296417e+00   2.554446e+01   4.924750e-01
  2.301105e+00   2.507459e+01   4.873829e-01
  2.305794e+00   2.542078e+01   4.901782e-01
  2.310482e+00   2.587306e+01   4.938375e-01
  2.315170e+00   2.510785e+01   4.860309e-01
  2.319858e+00   2.546382e+01   4.889552e-01
  2.324546e+00   2.512871e+01   4.851825e-01
  2.329235e+00   2.548752e+01   4.879806e-01
  2.333923e+00   2.546728e+01   4.873324e-01
  2.338611e+00   2.543303e+01   4.865086e-01
  2.343299e+00   2.582032e+01   4.896953e-01
  2.347988e+00   2.549024e+01   4.859065e-01
  2.352676e+00   2.543521e+01   4.849359e-01
  2.357364e+00   2.540230e+01   4.841369e-01
  2.362052e+00   2.466302e+01   4.765382e-01
  2.366741e+00   2.508496e+01   4.800520e-01
  2.371429e+00   2.541447e+01   4.826744e-01
  2.376117e+00   2.552046e+01   4.832404e-01
  2.380805e+00   2.515753e+01   4.792852e-01
  2.385493e+00   2.517478e+01   4.789391e-01
  2.390182e+00   2.604261e+01   4.866212e-01
  2.394870e+00   2.588454e+01   4.846182e-01
  2.399558e+00   2.527979e+01   4.785242e-01
  2.404246e+00   2.519541e+01   4.772165e-01
  2.408935e+00   2.580443e+01   4.824191e-01
  2.413623e+00   2.578107e+01   4.817188e-01
  2.418311e+00   2.581805e+01   4.816152e-01
  2.422999e+00   2.507438e+01   4.742385e-01
  2.427688e+00   2.487270e+01   4.717084e-01
  2.432376e+00   2.536650e+01   4.759609e-01
  2.437064e+00   2.575401e+01   4.790851e-01
  2.441752e+00   2.601942e+01   4.812177e-01
  2.446440e+00   2.574817e+01   4.780758e-01
  2.451129e+00   2.494848e+01   4.701745e-01
  2.455817e+00   2.474910e+01   4.679401e-01
  2.460505e+00   2.523230e+01   4.720935e-01
  2.465193e+00   2.522824e+01   4.714442e-01
  2.469882e+00   2.501210e+01   4.689358e-01
  2.474570e+00   2.534858e+01   4.716638e-01
  2.479258e+00   2.523323e+01   4.702083e-01
  2.483946e+00   2.513325e+01   4.688116e-01
  2.488634e+00   2.563505e+01   4.729288e-01
  2.493323e+00   2.604625e+01   4.763160e-01
  2.498011e+00   2.542797e+01   4.702390e-01
  2.502699e+00   2.470014e+01   4.630083e-01
  2.507387e+00   2.487641e+01   4.641554e-01
  2.512076e+00   2.560532e+01   4.704860e-01
  2.516764e+00   2.558879e+01   4.699613e-01
  2.521452e+00   2.524384e+01   4.663489e-01
  2.526140e+00   2.545309e+01   4.677812e-01
  2.530829e+00   2.560594e+01   4.687476e-01
  2.535517e+00   2.495080e+01   4.620908e-01
  2.540205e+00   2.511904e+01   4.627450e-01
  2.544893e+00   2.604357e+01   4.701608e-01
  2.549581e+00   2.504216e+01   4.602176e-01
  2.554270e+00   2.513812e+01   4.606608e-01
  2.558958e+00   2.524993e+01   4.612848e-01
  2.563646e+00   2.593304e+01   4.670721e-01
  2.568334e+00   2.565217e+01   4.640599e-01
  2.573023e+00   2.536591e+01   4.610857e-01
  2.577711e+00   2.498745e+01   4.572493e-01
  2.582399e+00   2.477495e+01   4.549262e-01
  2.587087e+00   2.446820e+01   4.517957e-01
  2.591776e+00   2.493731e+01   4.561700e-01
  2.596464e+00   2.531994e+01   4.598287e-01
  2.601152e+00   2.529397e+01   4.596560e-01
  2.605840e+00   2.488959e+01   4.555520e-01
  2.610528e+00   2.527505e+01   4.586604e-01
  2.615217e+00   2.534980e+01   4.589740e-01
  2.619905e+00   2.413982e+01   4.475741e-01
  2.624593e+00   2.540485e+01   4.586264e-01
  2.629281e+00   2.560472e+01   4.600529e-01
  2.633970e+00   2.494616e+01   4.537083e-01
  2.638658e+00   2.593627e+01   4.623056e-01
  2.643346e+00   2.514643e+01   4.547556e-01
  2.648034e+00   2.492084e+01   4.523628e-01
  2.652723e+00   2.494550e+01   4.522110e-01
  2.657411e+00   2.458976e+01   4.485730e-01
  2.662099e+00   2.529454e+01   4.545504e-01
  2.666787e+00   2.528545e+01   4.539997e-01
  2.671475e+00   2.523758e+01   4.532042e-01
  2.676164e+00   2.514120e+01   4.520541e-01
  2.680852e+00   2.527278e+01   4.529193e-01
  2.685540e+00   2.530591e+01   4.526924e-01
  2.690228e+00   2.555887e+01   4.545238e-01
  2.694917e+00   2.511791e+01   4.503694e-01
  2.699605e+00   2.454638e+01   4.448500e-01
  2.704293e+00   2.511607e+01   4.494331e-01
  2.708981e+00   2.476048e+01   4.458771e-01
  2.713669e+00   2.539168e+01   4.512199e-01
  2.718358e+00   2.536040e+01   4.505627e-01
  2.723046e+00   2.460814e+01   4.434046e-01
  2.727734e+00   2.528615e+01   4.490729e-01
  2.732422e+00   2.454470e+01   4.421426e-01
  2.737111e+00   2.508716e+01   4.466445e-01
  2.741799e+00   2.498959e+01   4.453665e-01
  2.746487e+00   2.525897e+01   4.473482e-01
  2.751175e+00   2.548399e+01   4.490228e-01
  2.755864e+00   2.479024e+01   4.425304e-01
  2.760552e+00   2.476730e+01   4.419387e-01
  2.765240e+00   2.488783e+01   4.425966e-01
  2.769928e+00   2.533981e+01   4.462595e-01
  2.774616e+00   2.518468e+01   4.446015e-01
  2.779305e+00   2.471679e+01   4.400557e-01
  2.783993e+00   2.553655e+01   4.468805e-01
  2.788681e+00   2.540687e+01   4.454252e-01
  2.793369e+00   2.482881e+01   4.401056e-01
  2.798058e+00   2.493218e+01   4.405590e-01
  2.802746e+00   2.509686e+01   4.418085e-01
  2.807434e+00   2.500258e+01   4.407288e-01
  2.812122e+00   2.452340e+01   4.358941e-01
  2.816811e+00   2.502225e+01   4.400103e-01
  2.821499e+00   2.514547e+01   4.406612e-01
  2.826187e+00   2.541647e+01   4.426305e-01
  2.830875e+00   2.441900e+01   4.335336e-01
  2.835563e+00   2.451539e+01   4.340909e-01
  2.840252e+00   2.527899e+01   4.403499e-01
  2.844940e+00   2.482850e+01   4.361006e-01
  2.849628e+00   2.487487e+01   4.361700e-01
  2.854316e+00   2.492206e+01   4.362695e-01
  2.859005e+00   2.480411e+01   4.425594e-01
  2.863693e+00   2.580957e+01   4.613418e-01
  2.868381e+00   2.503163e+01   4.603334e-01
  2.873069e+00   2.466547e+01   4.619084e-01
  2.877758e+00   2.567593e+01   4.753843e-01
  2.882446e+00   2.553890e+01   4.770700e-01
  2.887134e+00   2.540435e+01   4.773907e-01
  2.891822e+00   2.531903e+01   4.779794e-01
  2.896510e+00   2.495041e+01   4.758025e-01
  2.901199e+00   2.442154e+01   4.718350e-01
  2.905887e+00   2.537013e+01   4.821149e-01
  2.910575e+00   2.541940e+01   4.836472e-01
  2.915263e+00   2.537164e+01   4.841827e-01
  2.919952e+00   2.523052e+01   4.833785e-01
  2.924640e+00   2.577744e+01   4.753834e-01
  2.929328e+00   2.539640e+01   4.635166e-01
  2.934016e+00   2.433023e+01   4.484923e-01
  2.938704e+00   2.477373e+01   4.484750e-01
  2.943393e+00   2.456953e+01   4.434028e-01
  2.948081e+00   2.467570e+01   4.426285e-01
  2.952769e+00   2.444545e+01   4.394614e-01
  2.957457e+00   2.502449e+01   4.437376e-01
  2.962146e+00   2.550698e+01   4.470382e-01
  2.966834e+00   2.484661e+01   4.405301e-01
  2.971522e+00   2.444699e+01   4.361167e-01
  2.976210e+00   2.437716e+01   4.348158e-01
  2.980899e+00   2.496910e+01   4.393277e-01
  2.985587e+00   2.513031e+01   4.400757e-01
  2.990275e+00   2.512597e+01   4.394021e-01
  2.994963e+00   2.520042e+01   4.395221e-01
  2.999651e+00   2.513401e+01   4.383116e-01
  3.004340e+00   2.530186e+01   4.391802e-01
  3.009028e+00   2.540750e+01   4.395436e-01
  3.013716e+00   2.484452e+01   4.341685e-01
  3.018404e+00   2.483923e+01   4.335957e-01
  3.023093e+00   2.497242e+01   4.342057e-01
  3.027781e+00   2.438169e+01   4.285387e-01
  3.032469e+00   2.449861e+01   4.291309e-01
  3.037157e+00   2.495909e+01   4.327054e-01
  3.041846e+00   2.498970e+01   4.324225e-01
  3.046534e+00   2.489701e+01   4.311458e-01
  3.051222e+00   2.525584e+01   4.339249e-01
  3.055910e+00   2.504636e+01   4.317133e-01
  3.060598e+00   2.504397e+01   4.310626e-01
  3.065287e+00   2.451541e+01   4.260955e-01
  3.069975e+00   2.430420e+01   4.238537e-01
  3.074663e+00   2.555832e+01   4.342906e-01
  3.079351e+00   2.549716e+01   4.332800e-01
  3.084040e+00   2.471710e+01   4.261438e-01
  3.088728e+00   2.512935e+01   4.293232e-01
  3.093416e+00   2.523744e+01   4.300156e-01
  3.098104e+00   2.486499e+01   4.263670e-01
  3.102793e+00   2.516676e+01   4.284960e-01
  3.107481e+00   2.505557e+01   4.271800e-01
  3.112169e+00   2.494398e+01   4.258128e-01
  3.116857e+00   2.529461e+01   4.283651e-01
  3.121545e+00   2.532455e+01   4.281832e-01
  3.126234e+00   2.505335e+01   4.255314e-01
  3.130922e+00   2.465710e+01   4.218514e-01
  3.135610e+00   2.467972e+01   4.216593e-01
  3.140298e+00   2.531489e+01   4.268484e-01
  3.144987e+00   2.491711e+01   4.231353e-01
  3.149675e+00   2.513961e+01   4.244443e-01
  3.154363e+00   2.536696e+01   4.260328e-01
  3.159051e+00   2.480043e+01   4.207924e-01
  3.163739e+00   2.483389e+01   4.207204e-01
  3.168428e+00   2.504831e+01   4.222587e-01
  3.173116e+00   2.491058e+01   4.208145e-01
  3.177804e+00   2.506219e+01   4.216316e-01
  3.182492e+00   2.465414e+01   4.178261e-01
  3.187181e+00   2.457341e+01   4.168264e-01
  3.191869e+00   2.442861e+01   4.152667e-01
  3.196557e+00   2.541097e+01   4.231391e-01
  3.201245e+00   2.500183e+01   4.193690e-01
  3.205934e+00   2.466715e+01   4.162350e-01
  3.210622e+00   2.502499e+01   4.189735e-01
  3.215310e+00   2.466575e+01   4.155426e-01
  3.219998e+00   2.439937e+01   4.128107e-01
  3.224686e+00   2.465760e+01   4.143150e-01
  3.229375e+00   2.485123e+01   4.151602e-01
  3.234063e+00   2.461817e+01   4.126980e-01
  3.238751e+00   2.481429e+01   4.139825e-01
  3.243439e+00   2.471315e+01   4.128121e-01
  3.248128e+00   2.429370e+01   4.090221e-01
  3.252816e+00   2.516888e+01   4.160060e-01
  3.257504e+00   2.435787e+01   4.088614e-01
  3.262192e+00   2.489362e+01   4.130571e-01
  3.266881e+00   2.488087e+01   4.126444e-01
  3.271569e+00   2.468628e+01   4.107333e-01
  3.276257e+00   2.460200e+01   4.097318e-01
  3.280945e+00   2.514628e+01   4.143056e-01
  3.285633e+00   2.526429e+01   4.154207e-01
  3.290322e+00   2.547812e+01   4.171344e-01
  3.295010e+00   2.502622e+01   4.130725e-01
  3.299698e+00   2.485111e+01   4.113148e-01
  3.304386e+00   2.520264e+01   4.138911e-01
  3.309075e+00   2.537603e+01   4.150585e-01
  3.313763e+00   2.510901e+01   4.125280e-01
  3.318451e+00   2.467337e+01   4.085928e-01
  3.323139e+00   2.493821e+01   4.105165e-01
  3.327828e+00   2.467310e+01   4.080063e-01
  3.332516e+00   2.513461e+01   4.115509e-01
  3.337204e+00   2.518938e+01   4.116124e-01
  3.341892e+00   2.477616e+01   4.080231e-01
  3.346580e+00   2.437199e+01   4.043835e-01
  3.351269e+00   2.474359e+01   4.071148e-01
  3.355957e+00   2.430775e+01   4.039856e-01
  3.360645e+00   2.512832e+01   4.208023e-01
  3.365333e+00   2.516200e+01   4.277494e-01
  3.370022e+00   2.479592e+01   4.292825e-01
  3.374710e+00   2.427759e+01   4.268655e-01
  3.379398e+00   2.474675e+01   4.325788e-01
  3.384086e+00   2.471598e+01   4.337105e-01
  3.388774e+00   2.398358e+01   4.277174e-01
  3.393463e+00   2.437331e+01   4.308163e-01
  3.398151e+00   2.486859e+01   4.355952e-01
  3.402839e+00   2.539187e+01   4.411293e-01
  3.407527e+00   2.500003e+01   4.386837e-01
  3.412216e+00   2.526969e+01   4.418818e-01
  3.416904e+00   2.487691e+01   4.392541e-01
  3.421592e+00   2.498506e+01   4.410529e-01
  3.426280e+00   2.489259e+01   4.409624e-01
  3.430969e+00   2.495056e+01   4.422564e-01
  3.435657e+00   2.576172e+01   4.501403e-01
  3.440345e+00   2.522435e+01   4.459915e-01
  3.445033e+00   2.493246e+01   4.440840e-01
  3.449721e+00   2.473371e+01   4.430361e-01
  3.454410e+00   2.455730e+01   4.419523e-01
  3.459098e+00   2.540863e+01   4.501318e-01
  3.463786e+00   2.485777e+01   4.457920e-01
  3.468474e+00   2.469341e+01   4.448909e-01
  3.473163e+00   2.445177e+01   4.431829e-01
  3.477851e+00   2.447856e+01   4.439817e-01
  3.482539e+00   2.482631e+01   4.478222e-01
  3.487227e+00   2.442039e+01   4.444239e-01
  3.491916e+00   2.476814e+01   4.481081e-01
  3.496604e+00   2.503649e+01   4.509863e-01
  3.501292e+00   2.462877e+01   4.477542e-01
  3.505980e+00   2.492595e+01   4.509244e-01
  3.510668e+00   2.543749e+01   4.559801e-01
  3.515357e+00   2.508725e+01   4.532145e-01
  3.520045e+00   2.481205e+01   4.512225e-01
  3.524733e+00   2.455733e+01   4.492788e-01
  3.529421e+00   2.486015e+01   4.524195e-01
  3.534110e+00   2.469728e+01   4.513888e-01
  3.538798e+00   2.430129e+01   4.481031e-01
  3.543486e+00   2.435078e+01   4.489537e-01
  3.548174e+00   2.464672e+01   4.520731e-01
  3.552863e+00   2.484791e+01   4.542648e-01
  3.557551e+00   2.434252e+01   4.499612e-01
  3.562239e+00   2.490860e+01   4.555722e-01
  3.566927e+00   2.535402e+01   4.599800e-01
  3.571615e+00   2.528039e+01   4.596353e-01
  3.576304e+00   2.517364e+01   4.589909e-01
  3.580992e+00   2.484220e+01   4.562467e-01
  3.585680e+00   2.541908e+01   4.612449e-01
  3.590368e+00   2.586783e+01   4.648609e-01
  3.595057e+00   2.489467e+01   4.556267e-01
  3.599745e+00   2.482635e+01   4.546056e-01
  3.604433e+00   2.496961e+01   4.556409e-01
  3.609121e+00   2.464230e+01   4.531157e-01
  3.613809e+00   2.412963e+01   4.484403e-01
  3.618498e+00   2.447218e+01   4.518491e-01
  3.623186e+00   2.444091e+01   4.518816e-01
  3.627874e+00   2.436193e+01   4.514264e-01
  3.632562e+00   2.473120e+01   4.550741e-01
  3.637251e+00   2.476049e+01   4.556531e-01
  3.641939e+00   2.502426e+01   4.583348e-01
  3.646627e+00   2.575827e+01   4.653246e-01
  3.651315e+00   2.520319e+01   4.605080e-01
  3.656004e+00   2.524164e+01   4.613247e-01
  3.660692e+00   2.498381e+01   4.660514e-01
  3.665380e+00   2.470992e+01   4.800703e-01
  3.670068e+00   2.448921e+01   4.861808e-01
  3.674756e+00   2.447369e+01   4.936774e-01
  3.679445e+00   2.479760e+01   5.028771e-01
  3.684133e+00   2.454933e+01   5.037714e-01
  3.688821e+00   2.491207e+01   5.106133e-01
  3.693509e+00   2.520564e+01   5.166535e-01
  3.698198e+00   2.449740e+01   5.121284e-01
  3.702886e+00   2.492993e+01   5.194514e-01
  3.707574e+00   2.536323e+01   5.265691e-01
  3.712262e+00   2.465175e+01   5.217633e-01
  3.716951e+00   2.451435e+01   5.227792e-01
  3.721639e+00   2.445405e+01   5.246230e-01
  3.726327e+00   2.499073e+01   5.327362e-01
  3.731015e+00   2.582504e+01   5.440441e-01
  3.735703e+00   2.494317e+01   5.369956e-01
  3.740392e+00   2.458699e+01   5.355080e-01
  3.745080e+00   2.504208e+01   5.426884e-01
  3.749768e+00   2.413355e+01   5.350212e-01
  3.754456e+00   2.462467e+01   5.426541e-01
  3.759145e+00   2.538002e+01   5.531943e-01
  3.763833e+00   2.460703e+01   5.468783e-01
  3.768521e+00   2.453248e+01   5.482531e-01
  3.773209e+00   2.481924e+01   5.535987e-01
  3.777897e+00   2.451609e+01   5.523860e-01
  3.782586e+00   2.444094e+01   5.536586e-01
  3.787274e+00   2.436582e+01   5.549480e-01
  3.791962e+00   2.374305e+01   5.499071e-01
  3.796650e+00   2.415759e+01   5.567873e-01
  3.801339e+00   2.480094e+01   5.662732e-01
  3.806027e+00   2.489106e+01   5.694225e-01
  3.810715e+00   2.492459e+01   5.719289e-01
  3.815403e+00   2.462527e+01   5.705787e-01
  3.820092e+00   2.435743e+01   5.695602e-01
  3.824780e+00   2.429911e+01   5.709647e-01
  3.829468e+00   2.429986e+01   5.730827e-01
  3.834156e+00   2.449956e+01   5.774825e-01
  3.838844e+00   2.422658e+01   5.763578e-01
  3.843533e+00   2.467388e+01   5.837277e-01
  3.848221e+00   2.491962e+01   5.887150e-01
  3.852909e+00   2.483924e+01   5.898888e-01
  3.857597e+00   2.415118e+01   5.837413e-01
  3.862286e+00   2.485950e+01   5.943495e-01
  3.866974e+00   2.474145e+01   5.950267e-01
  3.871662e+00   2.453128e+01   5.947202e-01
  3.876350e+00   2.455872e+01   5.972481e-01
  3.881039e+00   2.465864e+01   6.003804e-01
  3.885727e+00   2.381298e+01   5.920712e-01
  3.890415e+00   2.457709e+01   6.035537e-01
  3.895103e+00   2.473892e+01   6.077304e-01
  3.899791e+00   2.452287e+01   6.071296e-01
  3.904480e+00   2.466254e+01   6.110287e-01
  3.909168e+00   2.544137e+01   6.227372e-01
  3.913856e+00   2.383435e+01   6.049414e-01
  3.918544e+00   2.478423e+01   6.189309e-01
  3.923233e+00   2.572485e+01   6.328402e-01
  3.927921e+00   2.477831e+01   6.231821e-01
  3.932609e+00   2.521616e+01   6.307920e-01
  3.937297e+00   2.536163e+01   6.337464e-01
  3.941986e+00   2.547349e+01   6.359411e-01
  3.946674e+00   2.518608e+01   6.329880e-01
  3.951362e+00   2.484727e+01   6.283531e-01
  3.956050e+00   2.420770e+01   6.191679e-01
  3.960738e+00   2.503418e+01   6.294844e-01
  3.965427e+00   2.405866e+01   6.178355e-01
  3.970115e+00   2.409642e+01   6.202317e-01
  3.974803e+00   2.509547e+01   6.349863e-01
  3.979491e+00   2.536511e+01   6.401760e-01
  3.984180e+00   2.497115e+01   6.373245e-01
  3.988868e+00   2.533834e+01   6.441305e-01
  3.993556e+00   2.477048e+01   6.390042e-01
  3.998244e+00   2.453612e+01   6.381453e-01
  4.002932e+00   2.415743e+01   6.353631e-01
  4.007621e+00   2.465076e+01   6.439402e-01
  4.012309e+00   2.517397e+01   6.529356e-01
  4.016997e+00   2.480222e+01   6.502981e-01
  4.021685e+00   2.469938e+01   6.511827e-01
  4.026374e+00   2.470863e+01   6.535093e-01
  4.031062e+00   2.411626e+01   6.478096e-01
  4.035750e+00   2.466691e+01   6.573831e-01
  4.040438e+00   2.488667e+01   6.625882e-01
  4.045127e+00   2.508025e+01   6.674389e-01
  4.049815e+00   2.380048e+01   6.524088e-01
  4.054503e+00   2.430572e+01   6.615449e-01
  4.059191e+00   2.456246e+01   6.673529e-01
  4.063879e+00   2.347272e+01   6.546435e-01
  4.068568e+00   2.437581e+01   6.694118e-01
  4.073256e+00   2.478015e+01   6.772613e-01
  4.077944e+00   2.492409e+01   6.816154e-01
  4.082632e+00   2.511333e+01   6.865762e-01
  4.087321e+00   2.422584e+01   6.767053e-01
  4.092009e+00   2.510131e+01   6.912327e-01
  4.096697e+00   2.440320e+01   6.839504e-01
  4.101385e+00   2.501912e+01   6.949354e-01
  4.106074e+00   2.517056e+01   6.995422e-01
  4.110762e+00   2.423688e+01   6.889034e-01
  4.115450e+00   2.402785e+01   6.883547e-01
  4.120138e+00   2.439668e+01   6.960442e-01
  4.124826e+00   2.465101e+01   7.021865e-01
  4.129515e+00   2.415283e+01   6.975954e-01
  4.134203e+00   2.489037e+01   7.106785e-01
  4.138891e+00   2.511085e+01   7.164165e-01
  4.143579e+00   2.522154e+01   7.205969e-01
  4.148268e+00   2.524664e+01   7.236269e-01
  4.152956e+00   2.570264e+01   7.327843e-01
  4.157644e+00   2.609719e+01   7.410108e-01
  4.162332e+00   2.501208e+01   7.282175e-01
  4.167021e+00   2.513660e+01   7.327226e-01
  4.171709e+00   2.563141e+01   7.425685e-01
  4.176397e+00   2.506085e+01   7.370415e-01
  4.181085e+00   2.561616e+01   7.479439e-01
  4.185773e+00   2.548331e+01   7.488708e-01
  4.190462e+00   2.547142e+01   7.515851e-01
  4.195150e+00   2.422619e+01   7.366330e-01
  4.199838e+00   2.513747e+01   7.524823e-01
  4.204526e+00   2.571891e+01   7.637684e-01
  4.209215e+00   2.448988e+01   7.481748e-01
  4.213903e+00   2.603174e+01   7.743370e-01
  4.218591e+00   2.523020e+01   7.652660e-01
  4.223279e+00   2.487240e+01   7.628173e-01
  4.227967e+00   2.479523e+01   7.645683e-01
  4.232656e+00   2.597261e+01   7.855998e-01
  4.237344e+00   2.626624e+01   7.931903e-01
  4.242032e+00   2.523709e+01   7.805520e-01
  4.246720e+00   2.471205e+01   7.754091e-01
  4.251409e+00   2.539017e+01   7.892712e-01
  4.256097e+00   2.460196e+01   7.799688e-01
  4.260785e+00   2.344006e+01   7.644004e-01
  4.265473e+00   2.475844e+01   7.895825e-01
  4.270162e+00   2.530429e+01   8.022532e-01
  4.274850e+00   2.405232e+01   7.877598e-01
  4.279538e+00   2.552408e+01   8.151491e-01
  4.284226e+00   2.529389e+01   8.113517e-01
  4.288914e+00   2.430309e+01   7.978060e-01
  4.293603e+00   2.557635e+01   8.219285e-01
  4.298291e+00   2.535766e+01   8.220074e-01
  4.302979e+00   2.546495e+01   8.270899e-01
  4.307667e+00   2.465082e+01   8.172999e-01
  4.312356e+00   2.477468e+01   8.229860e-01
  4.317044e+00   2.334179e+01   8.021634e-01
  4.321732e+00   2.414293e+01   8.194264e-01
  4.326420e+00   2.516910e+01   8.404148e-01
  4.331109e+00   2.602235e+01   8.581997e-01
  4.335797e+00   2.478073e+01   8.412440e-01
  4.340485e+00   2.392424e+01   8.310883e-01
  4.345173e+00   2.386744e+01   8.332722e-01
  4.349861e+00   2.525169e+01   8.607410e-01
  4.354550e+00   2.483278e+01   8.575326e-01
  4.359238e+00   2.484341e+01   8.616257e-01
  4.363926e+00   2.519863e+01   8.717664e-01
  4.368614e+00   2.484988e+01   8.697420e-01
  4.373303e+00   2.568166e+01   8.884148e-01
  4.377991e+00   2.543652e+01   8.882978e-01
  4.382679e+00   2.459853e+01   8.776842e-01
  4.387367e+00   2.406936e+01   8.724697e-01
  4.392056e+00   2.466417e+01   8.873975e-01
  4.396744e+00   2.489348e+01   8.958183e-01
  4.401432e+00   2.479843e+01   8.994517e-01
  4.406120e+00   2.500793e+01   9.057921e-01
  4.410808e+00   2.546932e+01   9.147456e-01
  4.415497e+00   2.496798e+01   9.063016e-01
  4.420185e+00   2.526609e+01   9.122593e-01
  4.424873e+00   2.493506e+01   9.069534e-01
  4.429561e+00   2.476942e+01   9.045534e-01
  4.434250e+00   2.545132e+01   9.175560e-01
  4.438938e+00   2.465697e+01   9.038059e-01
  4.443626e+00   2.592858e+01   9.273409e-01
  4.448314e+00   2.512800e+01   9.150962e-01
  4.453002e+00   2.444525e+01   9.069198e-01
  4.457691e+00   2.387991e+01   9.009318e-01
  4.462379e+00   2.354922e+01   8.991886e-01
  4.467067e+00   2.435002e+01   9.190098e-01
  4.471755e+00   2.390595e+01   9.152687e-01
  4.476444e+00   2.395144e+01   9.209497e-01
  4.481132e+00   2.450743e+01   9.364616e-01
  4.485820e+00   2.451375e+01   9.416066e-01
  4.490508e+00   2.396255e+01   9.359082e-01
  4.495197e+00   2.409021e+01   9.434377e-01
  4.499885e+00   2.391810e+01   9.451497e-01
  4.504573e+00   2.382394e+01   9.484397e-01
  4.509261e+00   2.417314e+01   9.606725e-01
  4.513949e+00   2.484144e+01   9.793531e-01
  4.518638e+00   2.507168e+01   9.894398e-01
  4.523326e+00   2.486496e+01   9.909909e-01
  4.528014e+00   2.566821e+01   1.012643e+00
  4.532702e+00   2.560935e+01   1.017336e+00
  4.537391e+00   2.569827e+01   1.025054e+00
  4.542079e+00   2.556153e+01   1.028447e+00
  4.546767e+00   2.533926e+01   1.030120e+00
  4.551455e+00   2.529709e+01   1.035462e+00
  4.556144e+00   2.637696e+01   1.063779e+00
  4.560832e+00   2.519741e+01   1.046120e+00
  4.565520e+00   2.508913e+01   1.050362e+00
  4.570208e+00   2.499483e+01   1.055108e+00
  4.574896e+00   2.585004e+01   1.079929e+00
  4.579585e+00   2.566702e+01   1.083017e+00
  4.584273e+00   2.637903e+01   1.105075e+00
  4.588961e+00   2.356785e+01   1.051410e+00
  4.593649e+00   2.432149e+01   1.075201e+00
  4.598338e+00   2.407007e+01   1.077012e+00
  4.603026e+00   2.502655e+01   1.105701e+00
  4.607714e+00   2.411313e+01   1.092827e+00
  4.612402e+00   2.452651e+01   1.109855e+00
  4.617091e+00   2.594115e+01   1.149485e+00
  4.621779e+00   2.399897e+01   1.113698e+00
  4.626467e+00   2.386301e+01   1.118674e+00
  4.631155e+00   2.457881e+01   1.143682e+00
  4.635843e+00   2.468224e+01   1.154626e+00
  4.640532e+00   2.554542e+01   1.183516e+00
  4.645220e+00   2.528848e+01   1.186754e+00
  4.649908e+00   2.525963e+01   1.195390e+00
  4.654596e+00   2.427343e+01   1.181049e+00
  4.659285e+00   2.547205e+01   1.219533e+00
  4.663973e+00   2.529441e+01   1.225129e+00
  4.668661e+00   2.416067e+01   1.207502e+00
  4.673349e+00   2.485427e+01   1.234987e+00
  4.678037e+00   2.537669e+01   1.258499e+00
  4.682726e+00   2.528856e+01   1.267139e+00
  4.687414e+00   2.433841e+01   1.254123e+00
  4.692102e+00   2.348737e+01   1.243230e+00
  4.696790e+00   2.499100e+01   1.294026e+00
  4.701479e+00   2.553086e+01   1.319979e+00
  4.706167e+00   2.566825e+01   1.335930e+00
  4.710855e+00   2.729124e+01   1.391068e+00
  4.715543e+00   2.597564e+01   1.370368e+00
  4.720232e+00   2.600722e+01   1.384762e+00
  4.724920e+00   2.446877e+01   1.356709e+00
  4.729608e+00   2.467639e+01   1.376766e+00
  4.734296e+00   2.569536e+01   1.419836e+00
  4.738984e+00   2.485663e+01   1.411385e+00
  4.743673e+00   2.301696e+01   1.372961e+00
  4.748361e+00   2.318705e+01   1.393650e+00
  4.753049e+00   2.388795e+01   1.430967e+00
  4.757737e+00   2.458101e+01   1.468452e+00
  4.762426e+00   2.552651e+01   1.514211e+00
  4.767114e+00   2.561420e+01   1.535648e+00
  4.771802e+00   2.573965e+01   1.559103e+00
  4.776490e+00   2.408300e+01   1.527346e+00
  4.781179e+00   2.246381e+01   1.494390e+00
  4.785867e+00   2.407547e+01   1.568282e+00
  4.790555e+00   2.498419e+01   1.620028e+00
  4.795243e+00   2.383889e+01   1.604840e+00
  4.799931e+00   2.722343e+01   1.739918e+00
  4.804620e+00   2.697153e+01   1.758536e+00
  4.809308e+00   2.792924e+01   1.817395e+00
  4.813996e+00   2.690988e+01   1.812248e+00
  4.818684e+00   2.418730e+01   1.746255e+00
  4.823373e+00   2.423676e+01   1.778883e+00
  4.828061e+00   2.589188e+01   1.871261e+00
  4.832749e+00   2.601158e+01   1.909627e+00
  4.837437e+00   2.595685e+01   1.943954e+00
  4.842125e+00   2.665915e+01   2.009719e+00
  4.846814e+00   2.423251e+01   1.954956e+00
  4.851502e+00   2.694935e+01   2.105168e+00
  4.856190e+00   2.759215e+01   2.178619e+00
  4.860878e+00   2.542386e+01   2.140105e+00
  4.865567e+00   2.618681e+01   2.224390e+00
  4.870255e+00   2.495059e+01   2.227349e+00
  4.874943e+00   2.923540e+01   2.478399e+00
  4.879631e+00   2.827845e+01   2.506246e+00
  4.884320e+00   2.657951e+01   2.502361e+00
  4.889008e+00   2.577750e+01   2.545396e+00
  4.893696e+00   2.368433e+01   2.523653e+00
  4.898384e+00   2.550916e+01   2.714269e+00
  4.903072e+00   2.318402e+01   2.690732e+00
  4.907761e+00   2.374297e+01   2.877538e+00
  4.912449e+00   2.776517e+01   4.299574e+00
  4.917137e+00   1.927625e+01   9.848644e+00
