# [1] GI
# Sample c= 1.06 mg/ml
#
# Sample environment:
# Detector = Pilatus
# PixelSize_1 = 0.000172
# PixelSize_2 = 0.000172
#
# title = [1] GI
# Frame 16 of 120
# Time per frame (s) = 1.0
# SampleDistance = 2.869
# WaveLength = 9.919e-11
# Normalization = 0.001062898
# DiodeCurr = 8.67066e-05
# MachCurr = 68.73873
# Mask = /data/bm29/archive/CALIBRATION/MASK/BM29/Pcon_19thNovember2015_7keV_v3.edf
#
# N 3
# L q*nm  I_[1] GI  stddev
#
# Sample Information:
# Storage Temperature (degrees C): 20.0
# Measurement Temperature (degrees C): 20.08
# Concentration: 1.06
# Code: GI
  3.200246e-02   1.939626e+02   2.099244e+01
  3.669069e-02   5.580922e+02   1.616681e+01
  4.137892e-02   8.831508e+02   1.514971e+01
  4.606715e-02   8.492373e+02   1.230082e+01
  5.075538e-02   6.474872e+02   9.756533e+00
  5.544361e-02   5.179745e+02   8.061985e+00
  6.013183e-02   4.538187e+02   7.214745e+00
  6.482006e-02   3.933944e+02   6.444829e+00
  6.950829e-02   3.524734e+02   5.853471e+00
  7.419652e-02   3.298309e+02   5.435392e+00
  7.888475e-02   3.190375e+02   5.167735e+00
  8.357298e-02   2.971490e+02   4.838771e+00
  8.826121e-02   2.832121e+02   4.590146e+00
  9.294944e-02   2.736948e+02   4.380124e+00
  9.763767e-02   2.630386e+02   4.175583e+00
  1.023259e-01   2.587857e+02   4.043137e+00
  1.070141e-01   2.635359e+02   3.986851e+00
  1.117024e-01   2.480251e+02   3.780089e+00
  1.163906e-01   2.458150e+02   3.672093e+00
  1.210788e-01   2.466790e+02   3.606229e+00
  1.257670e-01   2.405920e+02   3.493041e+00
  1.304553e-01   2.377177e+02   3.410957e+00
  1.351435e-01   2.391437e+02   3.352249e+00
  1.398317e-01   2.362394e+02   3.274302e+00
  1.445200e-01   2.321564e+02   3.192240e+00
  1.492082e-01   2.309810e+02   3.133338e+00
  1.538964e-01   2.307347e+02   3.076537e+00
  1.585846e-01   2.266034e+02   3.000499e+00
  1.632729e-01   2.254397e+02   2.949319e+00
  1.679611e-01   2.200874e+02   2.873083e+00
  1.726493e-01   2.205179e+02   2.833276e+00
  1.773376e-01   2.175329e+02   2.771977e+00
  1.820258e-01   2.179786e+02   2.739181e+00
  1.867140e-01   2.168559e+02   2.697735e+00
  1.914022e-01   2.145884e+02   2.649713e+00
  1.960905e-01   2.136445e+02   2.607083e+00
  2.007787e-01   2.142031e+02   2.582644e+00
  2.054669e-01   2.089485e+02   2.521666e+00
  2.101552e-01   2.080020e+02   2.487763e+00
  2.148434e-01   2.054668e+02   2.440892e+00
  2.195316e-01   2.070664e+02   2.423616e+00
  2.242199e-01   2.080750e+02   2.404320e+00
  2.289081e-01   2.074138e+02   2.375885e+00
  2.335963e-01   2.032518e+02   2.325552e+00
  2.382845e-01   2.019610e+02   2.293749e+00
  2.429728e-01   1.980585e+02   2.249790e+00
  2.476610e-01   1.985295e+02   2.231243e+00
  2.523492e-01   1.942777e+02   2.185482e+00
  2.570375e-01   1.932408e+02   2.157298e+00
  2.617257e-01   1.921582e+02   2.132253e+00
  2.664139e-01   1.901875e+02   2.102796e+00
  2.711021e-01   1.864317e+02   2.063931e+00
  2.757904e-01   1.837493e+02   2.029372e+00
  2.804786e-01   1.836188e+02   2.012612e+00
  2.851668e-01   1.808940e+02   1.981431e+00
  2.898551e-01   1.796554e+02   1.957579e+00
  2.945433e-01   1.799324e+02   1.943304e+00
  2.992315e-01   1.752301e+02   1.945297e+00
  3.039197e-01   1.739343e+02   1.953402e+00
  3.086080e-01   1.728053e+02   1.952694e+00
  3.132962e-01   1.728998e+02   1.954247e+00
  3.179844e-01   1.723439e+02   1.950720e+00
  3.226727e-01   1.665210e+02   1.917429e+00
  3.273609e-01   1.653234e+02   1.908392e+00
  3.320491e-01   1.678526e+02   1.919480e+00
  3.367374e-01   1.648428e+02   1.897185e+00
  3.414256e-01   1.614362e+02   1.873665e+00
  3.461138e-01   1.596322e+02   1.859358e+00
  3.508020e-01   1.596310e+02   1.854881e+00
  3.554903e-01   1.575948e+02   1.836134e+00
  3.601785e-01   1.538499e+02   1.810724e+00
  3.648667e-01   1.514949e+02   1.809758e+00
  3.695550e-01   1.514118e+02   1.850239e+00
  3.742432e-01   1.521183e+02   1.875512e+00
  3.789314e-01   1.454848e+02   1.851484e+00
  3.836196e-01   1.448097e+02   1.859011e+00
  3.883079e-01   1.455651e+02   1.873978e+00
  3.929961e-01   1.426262e+02   1.871908e+00
  3.976843e-01   1.402658e+02   1.881581e+00
  4.023726e-01   1.384907e+02   1.888180e+00
  4.070608e-01   1.357045e+02   1.876706e+00
  4.117490e-01   1.338464e+02   1.867478e+00
  4.164372e-01   1.340669e+02   1.872155e+00
  4.211255e-01   1.312204e+02   1.855877e+00
  4.258137e-01   1.320723e+02   1.863464e+00
  4.305019e-01   1.260429e+02   1.818733e+00
  4.351902e-01   1.238369e+02   1.799030e+00
  4.398784e-01   1.265555e+02   1.816468e+00
  4.445666e-01   1.247226e+02   1.823925e+00
  4.492548e-01   1.215492e+02   1.862055e+00
  4.539431e-01   1.205518e+02   1.890090e+00
  4.586313e-01   1.175478e+02   1.894536e+00
  4.633195e-01   1.143175e+02   1.893310e+00
  4.680078e-01   1.166845e+02   1.935399e+00
  4.726960e-01   1.146877e+02   1.939278e+00
  4.773842e-01   1.099560e+02   1.917737e+00
  4.820725e-01   1.082076e+02   1.920710e+00
  4.867607e-01   1.089667e+02   1.945843e+00
  4.914489e-01   1.093273e+02   1.966075e+00
  4.961371e-01   1.065630e+02   1.957056e+00
  5.008254e-01   1.056108e+02   1.964305e+00
  5.055136e-01   1.040457e+02   1.966027e+00
  5.102018e-01   1.022042e+02   1.903863e+00
  5.148901e-01   1.003742e+02   1.820820e+00
  5.195783e-01   1.002359e+02   1.788983e+00
  5.242665e-01   9.852847e+01   1.752885e+00
  5.289547e-01   9.730611e+01   1.725420e+00
  5.336430e-01   9.377011e+01   1.679094e+00
  5.383312e-01   9.170111e+01   1.648391e+00
  5.430194e-01   9.028313e+01   1.625748e+00
  5.477077e-01   9.045574e+01   1.618267e+00
  5.523959e-01   8.743550e+01   1.582162e+00
  5.570841e-01   8.605202e+01   1.561023e+00
  5.617723e-01   8.625394e+01   1.556231e+00
  5.664606e-01   8.635449e+01   1.550303e+00
  5.711488e-01   8.469158e+01   1.529244e+00
  5.758370e-01   8.310979e+01   1.506439e+00
  5.805253e-01   7.998397e+01   1.468722e+00
  5.852135e-01   8.000082e+01   1.459470e+00
  5.899017e-01   7.904572e+01   1.440687e+00
  5.945900e-01   7.762012e+01   1.416179e+00
  5.992782e-01   7.543450e+01   1.387115e+00
  6.039664e-01   7.354794e+01   1.361616e+00
  6.086546e-01   7.344539e+01   1.352559e+00
  6.133429e-01   7.296622e+01   1.339439e+00
  6.180311e-01   6.970165e+01   1.301405e+00
  6.227193e-01   6.878561e+01   1.285705e+00
  6.274076e-01   6.870812e+01   1.279617e+00
  6.320958e-01   6.738113e+01   1.263671e+00
  6.367840e-01   6.620437e+01   1.248990e+00
  6.414722e-01   6.529866e+01   1.237923e+00
  6.461605e-01   6.296177e+01   1.212754e+00
  6.508487e-01   6.307061e+01   1.211203e+00
  6.555369e-01   6.257702e+01   1.202847e+00
  6.602252e-01   6.187318e+01   1.193530e+00
  6.649134e-01   6.022742e+01   1.175097e+00
  6.696016e-01   5.828482e+01   1.153591e+00
  6.742898e-01   5.717711e+01   1.139378e+00
  6.789781e-01   5.763267e+01   1.141421e+00
  6.836663e-01   5.702417e+01   1.132985e+00
  6.883545e-01   5.721743e+01   1.132798e+00
  6.930428e-01   5.582083e+01   1.115843e+00
  6.977310e-01   5.295269e+01   1.084330e+00
  7.024192e-01   5.403688e+01   1.093172e+00
  7.071074e-01   5.091702e+01   1.059114e+00
  7.117957e-01   5.079303e+01   1.055420e+00
  7.164839e-01   5.213219e+01   1.066473e+00
  7.211721e-01   5.065701e+01   1.049288e+00
  7.258604e-01   4.921544e+01   1.032140e+00
  7.305486e-01   4.752648e+01   1.012557e+00
  7.352368e-01   4.884819e+01   1.023378e+00
  7.399251e-01   4.673066e+01   9.993311e-01
  7.446133e-01   4.613737e+01   9.911903e-01
  7.493015e-01   4.586584e+01   9.871240e-01
  7.539897e-01   4.549694e+01   9.802946e-01
  7.586780e-01   4.457790e+01   9.678404e-01
  7.633662e-01   4.363462e+01   9.556632e-01
  7.680544e-01   4.282399e+01   9.450954e-01
  7.727427e-01   4.282948e+01   9.430114e-01
  7.774309e-01   4.179803e+01   9.294222e-01
  7.821191e-01   4.219243e+01   9.321683e-01
  7.868073e-01   4.082778e+01   9.153294e-01
  7.914956e-01   3.945965e+01   8.979371e-01
  7.961838e-01   3.982565e+01   9.000427e-01
  8.008720e-01   3.978758e+01   8.979615e-01
  8.055603e-01   3.951545e+01   8.932080e-01
  8.102485e-01   3.900304e+01   8.859158e-01
  8.149367e-01   3.824756e+01   8.750525e-01
  8.196249e-01   3.619820e+01   8.496696e-01
  8.243132e-01   3.698210e+01   8.574522e-01
  8.290014e-01   3.643406e+01   8.494968e-01
  8.336896e-01   3.628517e+01   8.457993e-01
  8.383779e-01   3.561951e+01   8.364073e-01
  8.430661e-01   3.621614e+01   8.419502e-01
  8.477543e-01   3.599584e+01   8.378479e-01
  8.524425e-01   3.506396e+01   8.253164e-01
  8.571308e-01   3.524645e+01   8.261265e-01
  8.618190e-01   3.497906e+01   8.213096e-01
  8.665072e-01   3.361962e+01   8.036017e-01
  8.711955e-01   3.424346e+01   8.095734e-01
  8.758837e-01   3.415409e+01   8.066832e-01
  8.805719e-01   3.166394e+01   7.753580e-01
  8.852602e-01   3.190045e+01   7.770039e-01
  8.899484e-01   3.268076e+01   7.851667e-01
  8.946366e-01   3.267799e+01   7.831360e-01
  8.993248e-01   3.161805e+01   7.692143e-01
  9.040131e-01   3.158239e+01   7.673759e-01
  9.087013e-01   3.108835e+01   7.601625e-01
  9.133895e-01   3.099478e+01   7.573376e-01
  9.180778e-01   3.196016e+01   7.677532e-01
  9.227660e-01   3.117164e+01   7.568044e-01
  9.274542e-01   3.124576e+01   7.565802e-01
  9.321424e-01   2.936357e+01   7.320582e-01
  9.368307e-01   3.028435e+01   7.418618e-01
  9.415189e-01   3.023454e+01   7.401033e-01
  9.462071e-01   2.922091e+01   7.264956e-01
  9.508954e-01   2.950501e+01   7.286518e-01
  9.555836e-01   2.913793e+01   7.226156e-01
  9.602718e-01   3.051610e+01   7.383233e-01
  9.649600e-01   3.039923e+01   7.357262e-01
  9.696483e-01   2.902900e+01   7.178736e-01
  9.743365e-01   2.851803e+01   7.098715e-01
  9.790247e-01   2.843563e+01   7.078255e-01
  9.837130e-01   2.824917e+01   7.043107e-01
  9.884012e-01   2.782345e+01   6.979185e-01
  9.930894e-01   2.877602e+01   7.083648e-01
  9.977777e-01   2.919696e+01   7.122635e-01
  1.002466e+00   2.797326e+01   6.961296e-01
  1.007154e+00   2.915959e+01   7.095793e-01
  1.011842e+00   2.750779e+01   6.880549e-01
  1.016531e+00   2.852953e+01   6.993126e-01
  1.021219e+00   2.803579e+01   6.921399e-01
  1.025907e+00   2.741978e+01   6.835436e-01
  1.030595e+00   2.660113e+01   6.721956e-01
  1.035283e+00   2.797120e+01   6.877524e-01
  1.039972e+00   2.800352e+01   6.872166e-01
  1.044660e+00   2.637847e+01   6.660368e-01
  1.049348e+00   2.801863e+01   6.852439e-01
  1.054036e+00   2.831744e+01   6.875780e-01
  1.058725e+00   2.798708e+01   6.825345e-01
  1.063413e+00   2.841121e+01   6.865986e-01
  1.068101e+00   2.821985e+01   6.833105e-01
  1.072789e+00   2.772702e+01   6.760467e-01
  1.077478e+00   2.797018e+01   6.778958e-01
  1.082166e+00   2.707316e+01   6.658999e-01
  1.086854e+00   2.703605e+01   6.644898e-01
  1.091542e+00   2.745361e+01   6.685911e-01
  1.096230e+00   2.646656e+01   6.551244e-01
  1.100919e+00   2.626644e+01   6.517338e-01
  1.105607e+00   2.728443e+01   6.633567e-01
  1.110295e+00   2.718516e+01   6.611121e-01
  1.114983e+00   2.757231e+01   6.647027e-01
  1.119672e+00   2.664071e+01   6.524488e-01
  1.124360e+00   2.615089e+01   6.453403e-01
  1.129048e+00   2.836609e+01   6.711078e-01
  1.133736e+00   2.759543e+01   6.607081e-01
  1.138425e+00   2.719870e+01   6.549568e-01
  1.143113e+00   2.605922e+01   6.401410e-01
  1.147801e+00   2.784686e+01   6.609033e-01
  1.152489e+00   2.774273e+01   6.584682e-01
  1.157177e+00   2.690205e+01   6.473109e-01
  1.161866e+00   2.769970e+01   6.560370e-01
  1.166554e+00   2.707355e+01   6.476351e-01
  1.171242e+00   2.703036e+01   6.460354e-01
  1.175930e+00   2.685719e+01   6.429464e-01
  1.180619e+00   2.672214e+01   6.404084e-01
  1.185307e+00   2.692233e+01   6.418712e-01
  1.189995e+00   2.723375e+01   6.447551e-01
  1.194683e+00   2.672381e+01   6.374480e-01
  1.199372e+00   2.717286e+01   6.418992e-01
  1.204060e+00   2.693756e+01   6.384177e-01
  1.208748e+00   2.632866e+01   6.306446e-01
  1.213436e+00   2.746829e+01   6.426648e-01
  1.218124e+00   2.826830e+01   6.508574e-01
  1.222813e+00   2.674635e+01   6.321995e-01
  1.227501e+00   2.597866e+01   6.223230e-01
  1.232189e+00   2.800238e+01   6.450236e-01
  1.236877e+00   2.678993e+01   6.298445e-01
  1.241566e+00   2.661542e+01   6.270409e-01
  1.246254e+00   2.744903e+01   6.359667e-01
  1.250942e+00   2.638700e+01   6.372107e-01
  1.255630e+00   2.708166e+01   6.630157e-01
  1.260318e+00   2.766426e+01   6.813010e-01
  1.265007e+00   2.769201e+01   6.906683e-01
  1.269695e+00   2.689104e+01   6.883866e-01
  1.274383e+00   2.721218e+01   6.995088e-01
  1.279071e+00   2.689748e+01   7.021599e-01
  1.283760e+00   2.781408e+01   7.203205e-01
  1.288448e+00   2.694456e+01   7.148891e-01
  1.293136e+00   2.684326e+01   7.191838e-01
  1.297824e+00   2.734935e+01   7.313790e-01
  1.302513e+00   2.804184e+01   7.449887e-01
  1.307201e+00   2.751501e+01   7.400820e-01
  1.311889e+00   2.693184e+01   7.328652e-01
  1.316577e+00   2.766383e+01   7.142121e-01
  1.321265e+00   2.679334e+01   6.854524e-01
  1.325954e+00   2.659065e+01   6.718534e-01
  1.330642e+00   2.810710e+01   6.819577e-01
  1.335330e+00   2.727919e+01   6.645017e-01
  1.340018e+00   2.733348e+01   6.589820e-01
  1.344707e+00   2.706699e+01   6.502692e-01
  1.349395e+00   2.636486e+01   6.370195e-01
  1.354083e+00   2.736053e+01   6.440160e-01
  1.358771e+00   2.721175e+01   6.380002e-01
  1.363460e+00   2.682582e+01   6.299981e-01
  1.368148e+00   2.644568e+01   6.237545e-01
  1.372836e+00   2.621963e+01   6.193992e-01
  1.377524e+00   2.729004e+01   6.304746e-01
  1.382212e+00   2.798911e+01   6.372384e-01
  1.386901e+00   2.783000e+01   6.340968e-01
  1.391589e+00   2.687035e+01   6.216876e-01
  1.396277e+00   2.675885e+01   6.190900e-01
  1.400965e+00   2.723415e+01   6.234136e-01
  1.405654e+00   2.768114e+01   6.273648e-01
  1.410342e+00   2.745658e+01   6.236579e-01
  1.415030e+00   2.668876e+01   6.135256e-01
  1.419718e+00   2.642500e+01   6.094615e-01
  1.424406e+00   2.599782e+01   6.035823e-01
  1.429095e+00   2.701461e+01   6.141912e-01
  1.433783e+00   2.623434e+01   6.039752e-01
  1.438471e+00   2.709163e+01   6.128153e-01
  1.443159e+00   2.692177e+01   6.099566e-01
  1.447848e+00   2.698071e+01   6.096241e-01
  1.452536e+00   2.696835e+01   6.083378e-01
  1.457224e+00   2.750977e+01   6.134298e-01
  1.461912e+00   2.689133e+01   6.056072e-01
  1.466601e+00   2.697053e+01   6.055762e-01
  1.471289e+00   2.661640e+01   6.005644e-01
  1.475977e+00   2.649482e+01   5.984964e-01
  1.480665e+00   2.693444e+01   6.022773e-01
  1.485353e+00   2.782894e+01   6.209155e-01
  1.490042e+00   2.721899e+01   6.329186e-01
  1.494730e+00   2.732341e+01   6.453228e-01
  1.499418e+00   2.645779e+01   6.431860e-01
  1.504106e+00   2.618891e+01   6.473086e-01
  1.508795e+00   2.651597e+01   6.582513e-01
  1.513483e+00   2.689179e+01   6.461015e-01
  1.518171e+00   2.635701e+01   6.253540e-01
  1.522859e+00   2.691447e+01   6.232548e-01
  1.527548e+00   2.731914e+01   6.212102e-01
  1.532236e+00   2.735770e+01   6.156943e-01
  1.536924e+00   2.687304e+01   6.053642e-01
  1.541612e+00   2.647262e+01   5.976655e-01
  1.546300e+00   2.618145e+01   5.929341e-01
  1.550989e+00   2.737298e+01   6.041167e-01
  1.555677e+00   2.654942e+01   5.919238e-01
  1.560365e+00   2.639828e+01   5.874781e-01
  1.565053e+00   2.689169e+01   5.902119e-01
  1.569742e+00   2.634444e+01   5.818111e-01
  1.574430e+00   2.609595e+01   5.778429e-01
  1.579118e+00   2.641280e+01   5.817746e-01
  1.583806e+00   2.692422e+01   5.880512e-01
  1.588495e+00   2.681973e+01   5.875977e-01
  1.593183e+00   2.625889e+01   5.816964e-01
  1.597871e+00   2.738227e+01   5.936422e-01
  1.602559e+00   2.675559e+01   5.859503e-01
  1.607247e+00   2.586847e+01   5.752423e-01
  1.611936e+00   2.657232e+01   5.819005e-01
  1.616624e+00   2.711936e+01   5.870331e-01
  1.621312e+00   2.561418e+01   5.696858e-01
  1.626000e+00   2.635064e+01   5.769429e-01
  1.630689e+00   2.662099e+01   5.789642e-01
  1.635377e+00   2.688165e+01   5.809303e-01
  1.640065e+00   2.629350e+01   5.737025e-01
  1.644753e+00   2.638899e+01   5.739594e-01
  1.649441e+00   2.617950e+01   5.708659e-01
  1.654130e+00   2.688898e+01   5.776252e-01
  1.658818e+00   2.618561e+01   5.692192e-01
  1.663506e+00   2.620882e+01   5.687261e-01
  1.668194e+00   2.596914e+01   5.654092e-01
  1.672883e+00   2.542581e+01   5.584955e-01
  1.677571e+00   2.638079e+01   5.681447e-01
  1.682259e+00   2.656490e+01   5.694406e-01
  1.686947e+00   2.618723e+01   5.646613e-01
  1.691636e+00   2.534290e+01   5.545764e-01
  1.696324e+00   2.653934e+01   5.667566e-01
  1.701012e+00   2.637801e+01   5.643449e-01
  1.705700e+00   2.532430e+01   5.523053e-01
  1.710388e+00   2.578678e+01   5.564995e-01
  1.715077e+00   2.676808e+01   5.661954e-01
  1.719765e+00   2.577986e+01   5.549579e-01
  1.724453e+00   2.644643e+01   5.614475e-01
  1.729141e+00   2.595336e+01   5.554534e-01
  1.733830e+00   2.615663e+01   5.567676e-01
  1.738518e+00   2.632024e+01   5.578746e-01
  1.743206e+00   2.611243e+01   5.550007e-01
  1.747894e+00   2.692097e+01   5.629316e-01
  1.752583e+00   2.681323e+01   5.611978e-01
  1.757271e+00   2.659102e+01   5.580081e-01
  1.761959e+00   2.600130e+01   5.510502e-01
  1.766647e+00   2.556878e+01   5.457661e-01
  1.771335e+00   2.533422e+01   5.425176e-01
  1.776024e+00   2.586039e+01   5.474316e-01
  1.780712e+00   2.579166e+01   5.460534e-01
  1.785400e+00   2.552250e+01   5.425994e-01
  1.790088e+00   2.557611e+01   5.425019e-01
  1.794777e+00   2.600029e+01   5.462163e-01
  1.799465e+00   2.562150e+01   5.415563e-01
  1.804153e+00   2.605939e+01   5.456517e-01
  1.808841e+00   2.603413e+01   5.447333e-01
  1.813530e+00   2.579673e+01   5.414134e-01
  1.818218e+00   2.615812e+01   5.446066e-01
  1.822906e+00   2.581052e+01   5.404448e-01
  1.827594e+00   2.534569e+01   5.349530e-01
  1.832282e+00   2.564989e+01   5.372697e-01
  1.836971e+00   2.573537e+01   5.376624e-01
  1.841659e+00   2.519847e+01   5.314849e-01
  1.846347e+00   2.562913e+01   5.353802e-01
  1.851035e+00   2.532955e+01   5.314659e-01
  1.855724e+00   2.593611e+01   5.372447e-01
  1.860412e+00   2.540905e+01   5.312099e-01
  1.865100e+00   2.469865e+01   5.231267e-01
  1.869788e+00   2.590747e+01   5.350543e-01
  1.874476e+00   2.510004e+01   5.260608e-01
  1.879165e+00   2.578257e+01   5.326349e-01
  1.883853e+00   2.534292e+01   5.274637e-01
  1.888541e+00   2.562420e+01   5.297523e-01
  1.893229e+00   2.521897e+01   5.251798e-01
  1.897918e+00   2.517295e+01   5.240870e-01
  1.902606e+00   2.571475e+01   5.289115e-01
  1.907294e+00   2.570009e+01   5.282365e-01
  1.911982e+00   2.623700e+01   5.329607e-01
  1.916671e+00   2.604686e+01   5.304973e-01
  1.921359e+00   2.583261e+01   5.277699e-01
  1.926047e+00   2.541141e+01   5.229211e-01
  1.930735e+00   2.491727e+01   5.170917e-01
  1.935423e+00   2.481499e+01   5.155022e-01
  1.940112e+00   2.490522e+01   5.158089e-01
  1.944800e+00   2.515192e+01   5.171974e-01
  1.949488e+00   2.573255e+01   5.217911e-01
  1.954176e+00   2.545670e+01   5.178398e-01
  1.958865e+00   2.546415e+01   5.167708e-01
  1.963553e+00   2.518370e+01   5.130150e-01
  1.968241e+00   2.591277e+01   5.198626e-01
  1.972929e+00   2.564773e+01   5.165488e-01
  1.977618e+00   2.547976e+01   5.144410e-01
  1.982306e+00   2.571756e+01   5.165493e-01
  1.986994e+00   2.579604e+01   5.172601e-01
  1.991682e+00   2.533970e+01   5.127044e-01
  1.996370e+00   2.531307e+01   5.125739e-01
  2.001059e+00   2.561604e+01   5.157903e-01
  2.005747e+00   2.510695e+01   5.104765e-01
  2.010435e+00   2.612371e+01   5.198687e-01
  2.015123e+00   2.616061e+01   5.196834e-01
  2.019812e+00   2.641981e+01   5.217396e-01
  2.024500e+00   2.645675e+01   5.216461e-01
  2.029188e+00   2.564946e+01   5.129950e-01
  2.033876e+00   2.581518e+01   5.140772e-01
  2.038565e+00   2.580572e+01   5.134431e-01
  2.043253e+00   2.515611e+01   5.065599e-01
  2.047941e+00   2.479573e+01   5.023395e-01
  2.052629e+00   2.577834e+01   5.134370e-01
  2.057317e+00   2.545143e+01   5.250795e-01
  2.062006e+00   2.508555e+01   5.307574e-01
  2.066694e+00   2.574961e+01   5.448856e-01
  2.071382e+00   2.577005e+01   5.509540e-01
  2.076070e+00   2.589947e+01   5.577229e-01
  2.080759e+00   2.516598e+01   5.546595e-01
  2.085447e+00   2.491369e+01   5.561150e-01
  2.090135e+00   2.557353e+01   5.655546e-01
  2.094823e+00   2.487507e+01   5.593731e-01
  2.099511e+00   2.519056e+01   5.644957e-01
  2.104200e+00   2.563018e+01   5.708774e-01
  2.108888e+00   2.628080e+01   5.793643e-01
  2.113576e+00   2.553564e+01   5.723517e-01
  2.118264e+00   2.497066e+01   5.604671e-01
  2.122953e+00   2.619364e+01   5.558517e-01
  2.127641e+00   2.553385e+01   5.397220e-01
  2.132329e+00   2.567272e+01   5.346143e-01
  2.137017e+00   2.588032e+01   5.317060e-01
  2.141706e+00   2.520284e+01   5.203561e-01
  2.146394e+00   2.555674e+01   5.201637e-01
  2.151082e+00   2.546266e+01   5.163472e-01
  2.155770e+00   2.568714e+01   5.174882e-01
  2.160458e+00   2.539553e+01   5.133501e-01
  2.165147e+00   2.518922e+01   5.101930e-01
  2.169835e+00   2.524474e+01   5.095629e-01
  2.174523e+00   2.549119e+01   5.111511e-01
  2.179211e+00   2.509614e+01   5.062732e-01
  2.183900e+00   2.496914e+01   5.041010e-01
  2.188588e+00   2.560608e+01   5.095558e-01
  2.193276e+00   2.561116e+01   5.087556e-01
  2.197964e+00   2.520436e+01   5.039613e-01
  2.202653e+00   2.552014e+01   5.063061e-01
  2.207341e+00   2.609170e+01   5.111397e-01
  2.212029e+00   2.551201e+01   5.046479e-01
  2.216717e+00   2.542188e+01   5.030958e-01
  2.221405e+00   2.546103e+01   5.027404e-01
  2.226094e+00   2.542785e+01   5.017235e-01
  2.230782e+00   2.514434e+01   4.982053e-01
  2.235470e+00   2.519416e+01   4.980370e-01
  2.240158e+00   2.600268e+01   5.053084e-01
  2.244847e+00   2.564909e+01   5.012702e-01
  2.249535e+00   2.615649e+01   5.054461e-01
  2.254223e+00   2.639838e+01   5.071207e-01
  2.258911e+00   2.491537e+01   4.921231e-01
  2.263600e+00   2.503230e+01   4.927035e-01
  2.268288e+00   2.529585e+01   4.946045e-01
  2.272976e+00   2.595308e+01   5.003350e-01
  2.277664e+00   2.567121e+01   4.970854e-01
  2.282352e+00   2.520287e+01   4.919909e-01
  2.287041e+00   2.525260e+01   4.918672e-01
  2.291729e+00   2.534716e+01   4.920996e-01
  2.296417e+00   2.548560e+01   4.929806e-01
  2.301105e+00   2.465553e+01   4.843474e-01
  2.305794e+00   2.551375e+01   4.921451e-01
  2.310482e+00   2.512691e+01   4.877263e-01
  2.315170e+00   2.497403e+01   4.857915e-01
  2.319858e+00   2.570501e+01   4.923371e-01
  2.324546e+00   2.549119e+01   4.897354e-01
  2.329235e+00   2.528604e+01   4.871084e-01
  2.333923e+00   2.496704e+01   4.835753e-01
  2.338611e+00   2.475635e+01   4.810401e-01
  2.343299e+00   2.589511e+01   4.914739e-01
  2.347988e+00   2.578874e+01   4.898096e-01
  2.352676e+00   2.550098e+01   4.866220e-01
  2.357364e+00   2.578211e+01   4.888070e-01
  2.362052e+00   2.562495e+01   4.868021e-01
  2.366741e+00   2.578066e+01   4.877251e-01
  2.371429e+00   2.542853e+01   4.838613e-01
  2.376117e+00   2.555977e+01   4.846675e-01
  2.380805e+00   2.533180e+01   4.819918e-01
  2.385493e+00   2.469523e+01   4.753904e-01
  2.390182e+00   2.589840e+01   4.863307e-01
  2.394870e+00   2.571554e+01   4.840875e-01
  2.399558e+00   2.515615e+01   4.783941e-01
  2.404246e+00   2.580767e+01   4.840337e-01
  2.408935e+00   2.614137e+01   4.866179e-01
  2.413623e+00   2.561965e+01   4.812561e-01
  2.418311e+00   2.499281e+01   4.748895e-01
  2.422999e+00   2.558879e+01   4.801235e-01
  2.427688e+00   2.518877e+01   4.757318e-01
  2.432376e+00   2.494859e+01   4.730538e-01
  2.437064e+00   2.520947e+01   4.750273e-01
  2.441752e+00   2.593294e+01   4.814654e-01
  2.446440e+00   2.585606e+01   4.801216e-01
  2.451129e+00   2.566847e+01   4.779511e-01
  2.455817e+00   2.561162e+01   4.770629e-01
  2.460505e+00   2.520296e+01   4.728483e-01
  2.465193e+00   2.573227e+01   4.771691e-01
  2.469882e+00   2.526599e+01   4.723381e-01
  2.474570e+00   2.529420e+01   4.721856e-01
  2.479258e+00   2.446447e+01   4.640003e-01
  2.483946e+00   2.474441e+01   4.661858e-01
  2.488634e+00   2.534626e+01   4.712834e-01
  2.493323e+00   2.561670e+01   4.734026e-01
  2.498011e+00   2.547750e+01   4.717237e-01
  2.502699e+00   2.517633e+01   4.684700e-01
  2.507387e+00   2.598106e+01   4.753840e-01
  2.512076e+00   2.552752e+01   4.707957e-01
  2.516764e+00   2.546604e+01   4.698557e-01
  2.521452e+00   2.535216e+01   4.683680e-01
  2.526140e+00   2.520903e+01   4.665489e-01
  2.530829e+00   2.510012e+01   4.651073e-01
  2.535517e+00   2.511431e+01   4.646140e-01
  2.540205e+00   2.541382e+01   4.664678e-01
  2.544893e+00   2.565943e+01   4.676988e-01
  2.549581e+00   2.564092e+01   4.667031e-01
  2.554270e+00   2.516571e+01   4.619192e-01
  2.558958e+00   2.555563e+01   4.650814e-01
  2.563646e+00   2.514383e+01   4.609136e-01
  2.568334e+00   2.522863e+01   4.612170e-01
  2.573023e+00   2.540177e+01   4.624183e-01
  2.577711e+00   2.562158e+01   4.640252e-01
  2.582399e+00   2.484143e+01   4.565301e-01
  2.587087e+00   2.515615e+01   4.591025e-01
  2.591776e+00   2.450239e+01   4.531612e-01
  2.596464e+00   2.417170e+01   4.502617e-01
  2.601152e+00   2.500348e+01   4.580059e-01
  2.605840e+00   2.461480e+01   4.540187e-01
  2.610528e+00   2.490856e+01   4.563165e-01
  2.615217e+00   2.539353e+01   4.603719e-01
  2.619905e+00   2.548737e+01   4.609003e-01
  2.624593e+00   2.554795e+01   4.609197e-01
  2.629281e+00   2.539920e+01   4.592026e-01
  2.633970e+00   2.497157e+01   4.549298e-01
  2.638658e+00   2.519332e+01   4.566302e-01
  2.643346e+00   2.497853e+01   4.542236e-01
  2.648034e+00   2.503294e+01   4.543682e-01
  2.652723e+00   2.499691e+01   4.536644e-01
  2.657411e+00   2.550060e+01   4.578021e-01
  2.662099e+00   2.533031e+01   4.558641e-01
  2.666787e+00   2.477666e+01   4.503893e-01
  2.671475e+00   2.495492e+01   4.516423e-01
  2.676164e+00   2.519497e+01   4.535246e-01
  2.680852e+00   2.483528e+01   4.499615e-01
  2.685540e+00   2.545129e+01   4.549814e-01
  2.690228e+00   2.474583e+01   4.482118e-01
  2.694917e+00   2.479320e+01   4.484251e-01
  2.699605e+00   2.582431e+01   4.572784e-01
  2.704293e+00   2.481670e+01   4.477214e-01
  2.708981e+00   2.510916e+01   4.499852e-01
  2.713669e+00   2.503548e+01   4.490215e-01
  2.718358e+00   2.462343e+01   4.449365e-01
  2.723046e+00   2.501589e+01   4.480384e-01
  2.727734e+00   2.522110e+01   4.494734e-01
  2.732422e+00   2.521721e+01   4.491367e-01
  2.737111e+00   2.503380e+01   4.471426e-01
  2.741799e+00   2.536192e+01   4.496510e-01
  2.746487e+00   2.543847e+01   4.499144e-01
  2.751175e+00   2.514967e+01   4.470409e-01
  2.755864e+00   2.547467e+01   4.495764e-01
  2.760552e+00   2.497966e+01   4.447976e-01
  2.765240e+00   2.497494e+01   4.443379e-01
  2.769928e+00   2.571014e+01   4.504892e-01
  2.774616e+00   2.560485e+01   4.492730e-01
  2.779305e+00   2.544238e+01   4.474423e-01
  2.783993e+00   2.587994e+01   4.508567e-01
  2.788681e+00   2.507503e+01   4.434724e-01
  2.793369e+00   2.499272e+01   4.425193e-01
  2.798058e+00   2.485668e+01   4.408511e-01
  2.802746e+00   2.542828e+01   4.456864e-01
  2.807434e+00   2.513142e+01   4.428269e-01
  2.812122e+00   2.474554e+01   4.388192e-01
  2.816811e+00   2.497971e+01   4.405953e-01
  2.821499e+00   2.507305e+01   4.409863e-01
  2.826187e+00   2.470181e+01   4.373153e-01
  2.830875e+00   2.484241e+01   4.382301e-01
  2.835563e+00   2.499271e+01   4.392527e-01
  2.840252e+00   2.488506e+01   4.378586e-01
  2.844940e+00   2.510791e+01   4.395044e-01
  2.849628e+00   2.545679e+01   4.422050e-01
  2.854316e+00   2.531687e+01   4.406709e-01
  2.859005e+00   2.591926e+01   4.533855e-01
  2.863693e+00   2.518925e+01   4.567584e-01
  2.868381e+00   2.516537e+01   4.625685e-01
  2.873069e+00   2.504317e+01   4.664470e-01
  2.877758e+00   2.544138e+01   4.742405e-01
  2.882446e+00   2.482445e+01   4.713759e-01
  2.887134e+00   2.477234e+01   4.724436e-01
  2.891822e+00   2.466355e+01   4.727809e-01
  2.896510e+00   2.461250e+01   4.736007e-01
  2.901199e+00   2.449721e+01   4.735965e-01
  2.905887e+00   2.523270e+01   4.818563e-01
  2.910575e+00   2.511796e+01   4.818198e-01
  2.915263e+00   2.539454e+01   4.854581e-01
  2.919952e+00   2.557602e+01   4.877387e-01
  2.924640e+00   2.533609e+01   4.723245e-01
  2.929328e+00   2.492501e+01   4.601966e-01
  2.934016e+00   2.475518e+01   4.533791e-01
  2.938704e+00   2.551130e+01   4.560952e-01
  2.943393e+00   2.532298e+01   4.511323e-01
  2.948081e+00   2.497607e+01   4.462860e-01
  2.952769e+00   2.468024e+01   4.425302e-01
  2.957457e+00   2.480661e+01   4.427655e-01
  2.962146e+00   2.511971e+01   4.445994e-01
  2.966834e+00   2.480962e+01   4.411625e-01
  2.971522e+00   2.478296e+01   4.400613e-01
  2.976210e+00   2.472646e+01   4.388754e-01
  2.980899e+00   2.476122e+01   4.384497e-01
  2.985587e+00   2.546155e+01   4.439330e-01
  2.990275e+00   2.499989e+01   4.392546e-01
  2.994963e+00   2.523566e+01   4.407889e-01
  2.999651e+00   2.517463e+01   4.396228e-01
  3.004340e+00   2.505823e+01   4.380142e-01
  3.009028e+00   2.507235e+01   4.375876e-01
  3.013716e+00   2.449907e+01   4.320801e-01
  3.018404e+00   2.516943e+01   4.374205e-01
  3.023093e+00   2.512007e+01   4.364377e-01
  3.027781e+00   2.475090e+01   4.327133e-01
  3.032469e+00   2.522407e+01   4.363883e-01
  3.037157e+00   2.479502e+01   4.322219e-01
  3.041846e+00   2.523281e+01   4.354689e-01
  3.046534e+00   2.549198e+01   4.372189e-01
  3.051222e+00   2.522098e+01   4.345714e-01
  3.055910e+00   2.481213e+01   4.306273e-01
  3.060598e+00   2.533729e+01   4.345256e-01
  3.065287e+00   2.555455e+01   4.359815e-01
  3.069975e+00   2.523329e+01   4.328215e-01
  3.074663e+00   2.514379e+01   4.316942e-01
  3.079351e+00   2.475677e+01   4.278744e-01
  3.084040e+00   2.509354e+01   4.303133e-01
  3.088728e+00   2.538445e+01   4.324382e-01
  3.093416e+00   2.572557e+01   4.351014e-01
  3.098104e+00   2.428860e+01   4.223158e-01
  3.102793e+00   2.432107e+01   4.221541e-01
  3.107481e+00   2.458610e+01   4.240822e-01
  3.112169e+00   2.537324e+01   4.303981e-01
  3.116857e+00   2.501723e+01   4.269395e-01
  3.121545e+00   2.462752e+01   4.231706e-01
  3.126234e+00   2.503916e+01   4.263389e-01
  3.130922e+00   2.502180e+01   4.258869e-01
  3.135610e+00   2.549116e+01   4.294701e-01
  3.140298e+00   2.549365e+01   4.292875e-01
  3.144987e+00   2.468542e+01   4.220823e-01
  3.149675e+00   2.480926e+01   4.225662e-01
  3.154363e+00   2.503129e+01   4.241279e-01
  3.159051e+00   2.481301e+01   4.218175e-01
  3.163739e+00   2.507037e+01   4.236410e-01
  3.168428e+00   2.467400e+01   4.200062e-01
  3.173116e+00   2.446793e+01   4.179687e-01
  3.177804e+00   2.479891e+01   4.203263e-01
  3.182492e+00   2.541449e+01   4.251457e-01
  3.187181e+00   2.557189e+01   4.261382e-01
  3.191869e+00   2.506840e+01   4.215873e-01
  3.196557e+00   2.528319e+01   4.229949e-01
  3.201245e+00   2.480279e+01   4.186076e-01
  3.205934e+00   2.510278e+01   4.208104e-01
  3.210622e+00   2.503652e+01   4.199844e-01
  3.215310e+00   2.496856e+01   4.189976e-01
  3.219998e+00   2.514622e+01   4.199954e-01
  3.224686e+00   2.546348e+01   4.219497e-01
  3.229375e+00   2.510058e+01   4.181481e-01
  3.234063e+00   2.512861e+01   4.178644e-01
  3.238751e+00   2.585888e+01   4.235283e-01
  3.243439e+00   2.524488e+01   4.181398e-01
  3.248128e+00   2.516165e+01   4.171729e-01
  3.252816e+00   2.518721e+01   4.170654e-01
  3.257504e+00   2.437956e+01   4.099358e-01
  3.262192e+00   2.483105e+01   4.134378e-01
  3.266881e+00   2.443803e+01   4.098480e-01
  3.271569e+00   2.472756e+01   4.119735e-01
  3.276257e+00   2.515173e+01   4.151881e-01
  3.280945e+00   2.509543e+01   4.147896e-01
  3.285633e+00   2.505258e+01   4.145790e-01
  3.290322e+00   2.519071e+01   4.156800e-01
  3.295010e+00   2.522650e+01   4.156269e-01
  3.299698e+00   2.479291e+01   4.117293e-01
  3.304386e+00   2.543997e+01   4.167426e-01
  3.309075e+00   2.502434e+01   4.130715e-01
  3.313763e+00   2.548510e+01   4.165128e-01
  3.318451e+00   2.506011e+01   4.126810e-01
  3.323139e+00   2.449757e+01   4.077612e-01
  3.327828e+00   2.501360e+01   4.117082e-01
  3.332516e+00   2.511292e+01   4.122709e-01
  3.337204e+00   2.473250e+01   4.087523e-01
  3.341892e+00   2.475788e+01   4.087625e-01
  3.346580e+00   2.490293e+01   4.096563e-01
  3.351269e+00   2.519468e+01   4.117053e-01
  3.355957e+00   2.498812e+01   4.104940e-01
  3.360645e+00   2.413756e+01   4.133229e-01
  3.365333e+00   2.427205e+01   4.210334e-01
  3.370022e+00   2.479874e+01   4.302436e-01
  3.374710e+00   2.477265e+01   4.321365e-01
  3.379398e+00   2.502883e+01   4.359863e-01
  3.384086e+00   2.499895e+01   4.371378e-01
  3.388774e+00   2.450352e+01   4.332721e-01
  3.393463e+00   2.462055e+01   4.339405e-01
  3.398151e+00   2.484877e+01   4.363717e-01
  3.402839e+00   2.444252e+01   4.337486e-01
  3.407527e+00   2.459212e+01   4.360393e-01
  3.412216e+00   2.468126e+01   4.376595e-01
  3.416904e+00   2.548292e+01   4.455420e-01
  3.421592e+00   2.483483e+01   4.406844e-01
  3.426280e+00   2.451201e+01   4.385333e-01
  3.430969e+00   2.489355e+01   4.427147e-01
  3.435657e+00   2.503001e+01   4.446697e-01
  3.440345e+00   2.515005e+01   4.463058e-01
  3.445033e+00   2.476984e+01   4.435991e-01
  3.449721e+00   2.524483e+01   4.485669e-01
  3.454410e+00   2.511959e+01   4.479586e-01
  3.459098e+00   2.481067e+01   4.457741e-01
  3.463786e+00   2.494652e+01   4.475615e-01
  3.468474e+00   2.495674e+01   4.482326e-01
  3.473163e+00   2.464631e+01   4.459132e-01
  3.477851e+00   2.472346e+01   4.471707e-01
  3.482539e+00   2.464515e+01   4.471589e-01
  3.487227e+00   2.410357e+01   4.424950e-01
  3.491916e+00   2.461020e+01   4.476517e-01
  3.496604e+00   2.446425e+01   4.467752e-01
  3.501292e+00   2.456566e+01   4.481558e-01
  3.505980e+00   2.477423e+01   4.505307e-01
  3.510668e+00   2.467336e+01   4.500590e-01
  3.515357e+00   2.477324e+01   4.513518e-01
  3.520045e+00   2.562695e+01   4.595729e-01
  3.524733e+00   2.466749e+01   4.512677e-01
  3.529421e+00   2.491299e+01   4.538882e-01
  3.534110e+00   2.500358e+01   4.551702e-01
  3.538798e+00   2.451548e+01   4.510556e-01
  3.543486e+00   2.401265e+01   4.467985e-01
  3.548174e+00   2.469580e+01   4.535104e-01
  3.552863e+00   2.505097e+01   4.571123e-01
  3.557551e+00   2.444576e+01   4.518982e-01
  3.562239e+00   2.522474e+01   4.594544e-01
  3.566927e+00   2.521377e+01   4.597069e-01
  3.571615e+00   2.483030e+01   4.565191e-01
  3.576304e+00   2.528346e+01   4.609946e-01
  3.580992e+00   2.421003e+01   4.513868e-01
  3.585680e+00   2.446769e+01   4.535182e-01
  3.590368e+00   2.525040e+01   4.602817e-01
  3.595057e+00   2.502665e+01   4.578296e-01
  3.599745e+00   2.503535e+01   4.575112e-01
  3.604433e+00   2.477202e+01   4.548246e-01
  3.609121e+00   2.496828e+01   4.570980e-01
  3.613809e+00   2.548841e+01   4.618993e-01
  3.618498e+00   2.430445e+01   4.512804e-01
  3.623186e+00   2.425613e+01   4.511524e-01
  3.627874e+00   2.400380e+01   4.490736e-01
  3.632562e+00   2.537074e+01   4.619263e-01
  3.637251e+00   2.515892e+01   4.603067e-01
  3.641939e+00   2.493031e+01   4.584717e-01
  3.646627e+00   2.353388e+01   4.457496e-01
  3.651315e+00   2.398185e+01   4.501914e-01
  3.656004e+00   2.509983e+01   4.610306e-01
  3.660692e+00   2.581258e+01   4.747518e-01
  3.665380e+00   2.581497e+01   4.917580e-01
  3.670068e+00   2.503295e+01   4.926210e-01
  3.674756e+00   2.526239e+01   5.026634e-01
  3.679445e+00   2.527045e+01   5.087566e-01
  3.684133e+00   2.528749e+01   5.124047e-01
  3.688821e+00   2.558711e+01   5.186141e-01
  3.693509e+00   2.438159e+01   5.092465e-01
  3.698198e+00   2.408339e+01   5.088903e-01
  3.702886e+00   2.476199e+01   5.188286e-01
  3.707574e+00   2.434562e+01   5.170232e-01
  3.712262e+00   2.437818e+01   5.199921e-01
  3.716951e+00   2.524406e+01   5.316603e-01
  3.721639e+00   2.470280e+01   5.284351e-01
  3.726327e+00   2.452233e+01   5.288715e-01
  3.731015e+00   2.430189e+01   5.289080e-01
  3.735703e+00   2.526856e+01   5.416662e-01
  3.740392e+00   2.551534e+01   5.467144e-01
  3.745080e+00   2.497414e+01   5.431342e-01
  3.749768e+00   2.534381e+01   5.494685e-01
  3.754456e+00   2.472553e+01   5.449507e-01
  3.759145e+00   2.459788e+01   5.457919e-01
  3.763833e+00   2.461417e+01   5.481510e-01
  3.768521e+00   2.446453e+01   5.486879e-01
  3.773209e+00   2.479801e+01   5.545692e-01
  3.777897e+00   2.450512e+01   5.534675e-01
  3.782586e+00   2.419329e+01   5.520482e-01
  3.787274e+00   2.474076e+01   5.604215e-01
  3.791962e+00   2.523217e+01   5.681263e-01
  3.796650e+00   2.473380e+01   5.646178e-01
  3.801339e+00   2.484815e+01   5.680486e-01
  3.806027e+00   2.392318e+01   5.594597e-01
  3.810715e+00   2.469402e+01   5.705194e-01
  3.815403e+00   2.452443e+01   5.706517e-01
  3.820092e+00   2.520725e+01   5.806749e-01
  3.824780e+00   2.474886e+01   5.774817e-01
  3.829468e+00   2.478409e+01   5.800273e-01
  3.834156e+00   2.446116e+01   5.782886e-01
  3.838844e+00   2.533042e+01   5.906278e-01
  3.843533e+00   2.420054e+01   5.793628e-01
  3.848221e+00   2.467960e+01   5.871513e-01
  3.852909e+00   2.446076e+01   5.866545e-01
  3.857597e+00   2.479700e+01   5.927852e-01
  3.862286e+00   2.486331e+01   5.956919e-01
  3.866974e+00   2.510250e+01   6.006603e-01
  3.871662e+00   2.466668e+01   5.976603e-01
  3.876350e+00   2.496902e+01   6.035305e-01
  3.881039e+00   2.469425e+01   6.021246e-01
  3.885727e+00   2.530727e+01   6.116968e-01
  3.890415e+00   2.548123e+01   6.158962e-01
  3.895103e+00   2.480505e+01   6.098697e-01
  3.899791e+00   2.455182e+01   6.088132e-01
  3.904480e+00   2.505157e+01   6.171728e-01
  3.909168e+00   2.427406e+01   6.096102e-01
  3.913856e+00   2.521159e+01   6.235313e-01
  3.918544e+00   2.467945e+01   6.189688e-01
  3.923233e+00   2.432708e+01   6.167499e-01
  3.927921e+00   2.459273e+01   6.221985e-01
  3.932609e+00   2.503021e+01   6.298332e-01
  3.937297e+00   2.476860e+01   6.276596e-01
  3.941986e+00   2.450790e+01   6.251327e-01
  3.946674e+00   2.455061e+01   6.263152e-01
  3.951362e+00   2.443134e+01   6.244311e-01
  3.956050e+00   2.434647e+01   6.222949e-01
  3.960738e+00   2.434850e+01   6.221584e-01
  3.965427e+00   2.410324e+01   6.197568e-01
  3.970115e+00   2.440100e+01   6.255010e-01
  3.974803e+00   2.513926e+01   6.369267e-01
  3.979491e+00   2.510714e+01   6.383017e-01
  3.984180e+00   2.504741e+01   6.396897e-01
  3.988868e+00   2.382709e+01   6.259893e-01
  3.993556e+00   2.511121e+01   6.447878e-01
  3.998244e+00   2.481783e+01   6.431988e-01
  4.002932e+00   2.451871e+01   6.414930e-01
  4.007621e+00   2.522594e+01   6.528308e-01
  4.012309e+00   2.612133e+01   6.665590e-01
  4.016997e+00   2.469052e+01   6.502478e-01
  4.021685e+00   2.489767e+01   6.552178e-01
  4.026374e+00   2.488176e+01   6.572257e-01
  4.031062e+00   2.541937e+01   6.665325e-01
  4.035750e+00   2.539019e+01   6.684065e-01
  4.040438e+00   2.541328e+01   6.710227e-01
  4.045127e+00   2.517782e+01   6.701949e-01
  4.049815e+00   2.455800e+01   6.641560e-01
  4.054503e+00   2.382590e+01   6.564116e-01
  4.059191e+00   2.499921e+01   6.747289e-01
  4.063879e+00   2.473260e+01   6.734489e-01
  4.068568e+00   2.413754e+01   6.675854e-01
  4.073256e+00   2.449504e+01   6.748232e-01
  4.077944e+00   2.479238e+01   6.812953e-01
  4.082632e+00   2.492240e+01   6.854534e-01
  4.087321e+00   2.520556e+01   6.917591e-01
  4.092009e+00   2.438626e+01   6.828028e-01
  4.096697e+00   2.423166e+01   6.830294e-01
  4.101385e+00   2.382541e+01   6.796340e-01
  4.106074e+00   2.375612e+01   6.810857e-01
  4.110762e+00   2.465257e+01   6.963019e-01
  4.115450e+00   2.400594e+01   6.895419e-01
  4.120138e+00   2.448094e+01   6.987665e-01
  4.124826e+00   2.490600e+01   7.073487e-01
  4.129515e+00   2.456038e+01   7.049913e-01
  4.134203e+00   2.506997e+01   7.147940e-01
  4.138891e+00   2.513935e+01   7.183869e-01
  4.143579e+00   2.367442e+01   6.996692e-01
  4.148268e+00   2.488925e+01   7.200543e-01
  4.152956e+00   2.440708e+01   7.156354e-01
  4.157644e+00   2.500229e+01   7.268822e-01
  4.162332e+00   2.518943e+01   7.323892e-01
  4.167021e+00   2.484044e+01   7.299824e-01
  4.171709e+00   2.557516e+01   7.433714e-01
  4.176397e+00   2.593941e+01   7.514855e-01
  4.181085e+00   2.548586e+01   7.476669e-01
  4.185773e+00   2.534957e+01   7.485326e-01
  4.190462e+00   2.525817e+01   7.500652e-01
  4.195150e+00   2.548816e+01   7.572240e-01
  4.199838e+00   2.454546e+01   7.451912e-01
  4.204526e+00   2.463323e+01   7.491047e-01
  4.209215e+00   2.515714e+01   7.599533e-01
  4.213903e+00   2.584196e+01   7.731925e-01
  4.218591e+00   2.502256e+01   7.637731e-01
  4.223279e+00   2.532760e+01   7.714455e-01
  4.227967e+00   2.566591e+01   7.795734e-01
  4.232656e+00   2.404923e+01   7.576014e-01
  4.237344e+00   2.417159e+01   7.625661e-01
  4.242032e+00   2.437271e+01   7.687420e-01
  4.246720e+00   2.429713e+01   7.705494e-01
  4.251409e+00   2.654507e+01   8.087829e-01
  4.256097e+00   2.545703e+01   7.951384e-01
  4.260785e+00   2.467891e+01   7.860515e-01
  4.265473e+00   2.538154e+01   8.012010e-01
  4.270162e+00   2.528565e+01   8.037073e-01
  4.274850e+00   2.497959e+01   8.045527e-01
  4.279538e+00   2.557177e+01   8.176904e-01
  4.284226e+00   2.692216e+01   8.388856e-01
  4.288914e+00   2.545764e+01   8.183182e-01
  4.293603e+00   2.482278e+01   8.114961e-01
  4.298291e+00   2.514157e+01   8.202832e-01
  4.302979e+00   2.599759e+01   8.375183e-01
  4.307667e+00   2.560170e+01   8.347314e-01
  4.312356e+00   2.585123e+01   8.425108e-01
  4.317044e+00   2.639212e+01   8.548295e-01
  4.321732e+00   2.394717e+01   8.178783e-01
  4.326420e+00   2.450922e+01   8.311341e-01
  4.331109e+00   2.508169e+01   8.443841e-01
  4.335797e+00   2.431681e+01   8.351502e-01
  4.340485e+00   2.483189e+01   8.485540e-01
  4.345173e+00   2.583686e+01   8.688611e-01
  4.349861e+00   2.532121e+01   8.638056e-01
  4.354550e+00   2.510311e+01   8.640689e-01
  4.359238e+00   2.524636e+01   8.704804e-01
  4.363926e+00   2.491375e+01   8.687158e-01
  4.368614e+00   2.509610e+01   8.759472e-01
  4.373303e+00   2.478944e+01   8.747503e-01
  4.377991e+00   2.417626e+01   8.679022e-01
  4.382679e+00   2.471489e+01   8.816770e-01
  4.387367e+00   2.534798e+01   8.972971e-01
  4.392056e+00   2.498582e+01   8.951138e-01
  4.396744e+00   2.558802e+01   9.102110e-01
  4.401432e+00   2.418330e+01   8.901639e-01
  4.406120e+00   2.402119e+01   8.896792e-01
  4.410808e+00   2.491949e+01   9.067919e-01
  4.415497e+00   2.610244e+01   9.286842e-01
  4.420185e+00   2.570833e+01   9.222165e-01
  4.424873e+00   2.572183e+01   9.231602e-01
  4.429561e+00   2.559818e+01   9.215683e-01
  4.434250e+00   2.414088e+01   8.955719e-01
  4.438938e+00   2.584930e+01   9.274194e-01
  4.443626e+00   2.527772e+01   9.176258e-01
  4.448314e+00   2.515254e+01   9.175405e-01
  4.453002e+00   2.578010e+01   9.333844e-01
  4.457691e+00   2.655080e+01   9.520524e-01
  4.462379e+00   2.528501e+01   9.337718e-01
  4.467067e+00   2.480028e+01   9.294908e-01
  4.471755e+00   2.645999e+01   9.650214e-01
  4.476444e+00   2.502523e+01   9.434214e-01
  4.481132e+00   2.508324e+01   9.494660e-01
  4.485820e+00   2.491353e+01   9.513248e-01
  4.490508e+00   2.392358e+01   9.371871e-01
  4.495197e+00   2.401707e+01   9.440597e-01
  4.499885e+00   2.475456e+01   9.636322e-01
  4.504573e+00   2.537969e+01   9.810532e-01
  4.509261e+00   2.573353e+01   9.933563e-01
  4.513949e+00   2.426030e+01   9.699414e-01
  4.518638e+00   2.414996e+01   9.732007e-01
  4.523326e+00   2.418047e+01   9.793878e-01
  4.528014e+00   2.559275e+01   1.013360e+00
  4.532702e+00   2.502313e+01   1.007819e+00
  4.537391e+00   2.580858e+01   1.029493e+00
  4.542079e+00   2.614557e+01   1.042400e+00
  4.546767e+00   2.586443e+01   1.043011e+00
  4.551455e+00   2.509383e+01   1.033544e+00
  4.556144e+00   2.463813e+01   1.030361e+00
  4.560832e+00   2.496195e+01   1.043492e+00
  4.565520e+00   2.484813e+01   1.047585e+00
  4.570208e+00   2.551209e+01   1.068296e+00
  4.574896e+00   2.429937e+01   1.049322e+00
  4.579585e+00   2.326977e+01   1.033452e+00
  4.584273e+00   2.451810e+01   1.067708e+00
  4.588961e+00   2.499459e+01   1.085129e+00
  4.593649e+00   2.374595e+01   1.064721e+00
  4.598338e+00   2.486264e+01   1.096989e+00
  4.603026e+00   2.381739e+01   1.081012e+00
  4.607714e+00   2.736887e+01   1.166808e+00
  4.612402e+00   2.697954e+01   1.166574e+00
  4.617091e+00   2.409882e+01   1.110333e+00
  4.621779e+00   2.544011e+01   1.149151e+00
  4.626467e+00   2.480080e+01   1.142932e+00
  4.631155e+00   2.511588e+01   1.158633e+00
  4.635843e+00   2.488045e+01   1.161783e+00
  4.640532e+00   2.465876e+01   1.165333e+00
  4.645220e+00   2.379470e+01   1.153681e+00
  4.649908e+00   2.514141e+01   1.195191e+00
  4.654596e+00   2.385439e+01   1.173365e+00
  4.659285e+00   2.344434e+01   1.172539e+00
  4.663973e+00   2.458137e+01   1.210373e+00
  4.668661e+00   2.489908e+01   1.228490e+00
  4.673349e+00   2.386370e+01   1.212767e+00
  4.678037e+00   2.345316e+01   1.212502e+00
  4.682726e+00   2.541518e+01   1.273078e+00
  4.687414e+00   2.716036e+01   1.327726e+00
  4.692102e+00   2.367973e+01   1.251034e+00
  4.696790e+00   2.358619e+01   1.259872e+00
  4.701479e+00   2.465561e+01   1.299986e+00
  4.706167e+00   2.422876e+01   1.300761e+00
  4.710855e+00   2.743083e+01   1.397664e+00
  4.715543e+00   2.550610e+01   1.360890e+00
  4.720232e+00   2.377118e+01   1.326783e+00
  4.724920e+00   2.315439e+01   1.322646e+00
  4.729608e+00   2.461904e+01   1.378166e+00
  4.734296e+00   2.334656e+01   1.356341e+00
  4.738984e+00   2.401118e+01   1.390200e+00
  4.743673e+00   2.532422e+01   1.443274e+00
  4.748361e+00   2.452584e+01   1.436446e+00
  4.753049e+00   2.616338e+01   1.500837e+00
  4.757737e+00   2.760242e+01   1.559482e+00
  4.762426e+00   2.509595e+01   1.504662e+00
  4.767114e+00   2.750516e+01   1.594795e+00
  4.771802e+00   2.504689e+01   1.541335e+00
  4.776490e+00   2.496164e+01   1.558350e+00
  4.781179e+00   2.527208e+01   1.588507e+00
  4.785867e+00   2.417345e+01   1.574899e+00
  4.790555e+00   2.457073e+01   1.610073e+00
  4.795243e+00   2.327689e+01   1.589270e+00
  4.799931e+00   2.222348e+01   1.575470e+00
  4.804620e+00   2.363715e+01   1.649843e+00
  4.809308e+00   2.555740e+01   1.742306e+00
  4.813996e+00   2.722412e+01   1.826776e+00
  4.818684e+00   2.394395e+01   1.741238e+00
  4.823373e+00   2.438583e+01   1.788239e+00
  4.828061e+00   2.267782e+01   1.755091e+00
  4.832749e+00   2.524296e+01   1.885306e+00
  4.837437e+00   2.421483e+01   1.881686e+00
  4.842125e+00   2.524710e+01   1.960038e+00
  4.846814e+00   2.292923e+01   1.905808e+00
  4.851502e+00   2.706509e+01   2.114286e+00
  4.856190e+00   2.736312e+01   2.174293e+00
  4.860878e+00   2.530048e+01   2.139563e+00
  4.865567e+00   2.532815e+01   2.192391e+00
  4.870255e+00   2.496769e+01   2.232974e+00
  4.874943e+00   2.655641e+01   2.367271e+00
  4.879631e+00   2.565552e+01   2.392394e+00
  4.884320e+00   2.576494e+01   2.469092e+00
  4.889008e+00   2.828190e+01   2.671997e+00
  4.893696e+00   2.753708e+01   2.727121e+00
  4.898384e+00   2.083637e+01   2.458459e+00
  4.903072e+00   1.987800e+01   2.496942e+00
  4.907761e+00   2.627472e+01   3.033675e+00
  4.912449e+00   2.726814e+01   4.270215e+00
  4.917137e+00   1.862779e+01   9.702694e+00
