# GI Buffer
# Sample c= 0.0 mg/ml
#
# Sample environment:
# Detector = Pilatus
# PixelSize_1 = 0.000172
# PixelSize_2 = 0.000172
#
# title = GI Buffer
# Frame 61 of 120
# Time per frame (s) = 1.0
# SampleDistance = 2.869
# WaveLength = 9.919e-11
# Normalization = 0.001062898
# DiodeCurr = 8.737484e-05
# MachCurr = 68.87232
# Mask = /data/bm29/archive/CALIBRATION/MASK/BM29/Pcon_19thNovember2015_7keV_v3.edf
#
# N 3
# L q*nm  I_GI Buffer  stddev
#
# Sample Information:
# Storage Temperature (degrees C): 20.0
# Measurement Temperature (degrees C): 20.08
# Concentration: 0.0
# Code: GIBuffer
  3.200246e-02   1.398660e+02   1.775796e+01
  3.669069e-02   4.632131e+02   1.467218e+01
  4.137892e-02   6.797248e+02   1.323995e+01
  4.606715e-02   5.782265e+02   1.011117e+01
  5.075538e-02   3.822326e+02   7.467525e+00
  5.544361e-02   2.869659e+02   5.977724e+00
  6.013183e-02   2.070635e+02   4.854723e+00
  6.482006e-02   1.529429e+02   4.003086e+00
  6.950829e-02   1.310205e+02   3.555109e+00
  7.419652e-02   1.058625e+02   3.067533e+00
  7.888475e-02   9.235782e+01   2.769804e+00
  8.357298e-02   7.941142e+01   2.491852e+00
  8.826121e-02   7.297559e+01   2.321091e+00
  9.294944e-02   6.527682e+01   2.130912e+00
  9.763767e-02   5.584937e+01   1.916679e+00
  1.023259e-01   5.277709e+01   1.818879e+00
  1.070141e-01   4.922590e+01   1.716485e+00
  1.117024e-01   4.710945e+01   1.641123e+00
  1.163906e-01   4.549651e+01   1.573734e+00
  1.210788e-01   4.340015e+01   1.506835e+00
  1.257670e-01   4.113474e+01   1.438800e+00
  1.304553e-01   3.792694e+01   1.357227e+00
  1.351435e-01   3.620509e+01   1.299345e+00
  1.398317e-01   3.585602e+01   1.270740e+00
  1.445200e-01   3.674327e+01   1.265106e+00
  1.492082e-01   3.446751e+01   1.205749e+00
  1.538964e-01   3.352149e+01   1.168154e+00
  1.585846e-01   3.308947e+01   1.142189e+00
  1.632729e-01   3.327040e+01   1.128674e+00
  1.679611e-01   3.221732e+01   1.095035e+00
  1.726493e-01   3.236829e+01   1.081334e+00
  1.773376e-01   3.117978e+01   1.045434e+00
  1.820258e-01   3.114189e+01   1.031381e+00
  1.867140e-01   3.045817e+01   1.007160e+00
  1.914022e-01   2.945597e+01   9.779470e-01
  1.960905e-01   2.943828e+01   9.640465e-01
  2.007787e-01   3.042218e+01   9.695712e-01
  2.054669e-01   3.069820e+01   9.628468e-01
  2.101552e-01   2.783356e+01   9.065517e-01
  2.148434e-01   2.802743e+01   8.980538e-01
  2.195316e-01   2.830459e+01   8.926277e-01
  2.242199e-01   2.818430e+01   8.814928e-01
  2.289081e-01   2.729265e+01   8.585435e-01
  2.335963e-01   2.782325e+01   8.571279e-01
  2.382845e-01   2.827845e+01   8.550135e-01
  2.429728e-01   2.797175e+01   8.422442e-01
  2.476610e-01   2.800431e+01   8.347945e-01
  2.523492e-01   2.822526e+01   8.298268e-01
  2.570375e-01   2.682464e+01   8.006830e-01
  2.617257e-01   2.738278e+01   8.018275e-01
  2.664139e-01   2.676126e+01   7.857645e-01
  2.711021e-01   2.638869e+01   7.735298e-01
  2.757904e-01   2.742160e+01   7.809587e-01
  2.804786e-01   2.686306e+01   7.668527e-01
  2.851668e-01   2.719226e+01   7.652835e-01
  2.898551e-01   2.710231e+01   7.574173e-01
  2.945433e-01   2.693892e+01   7.490470e-01
  2.992315e-01   2.646336e+01   7.530729e-01
  3.039197e-01   2.696154e+01   7.661331e-01
  3.086080e-01   2.746905e+01   7.755510e-01
  3.132962e-01   2.587020e+01   7.530346e-01
  3.179844e-01   2.654549e+01   7.626500e-01
  3.226727e-01   2.624510e+01   7.583014e-01
  3.273609e-01   2.576260e+01   7.504610e-01
  3.320491e-01   2.690623e+01   7.655593e-01
  3.367374e-01   2.665937e+01   7.600334e-01
  3.414256e-01   2.699763e+01   7.632858e-01
  3.461138e-01   2.633054e+01   7.522557e-01
  3.508020e-01   2.768514e+01   7.695088e-01
  3.554903e-01   2.696008e+01   7.565315e-01
  3.601785e-01   2.638299e+01   7.469620e-01
  3.648667e-01   2.656825e+01   7.549805e-01
  3.695550e-01   2.772169e+01   7.886618e-01
  3.742432e-01   2.763704e+01   7.963569e-01
  3.789314e-01   2.776893e+01   8.057932e-01
  3.836196e-01   2.789953e+01   8.128574e-01
  3.883079e-01   2.675237e+01   8.002946e-01
  3.929961e-01   2.667526e+01   8.064402e-01
  3.976843e-01   2.653102e+01   8.151863e-01
  4.023726e-01   2.724207e+01   8.342305e-01
  4.070608e-01   2.621324e+01   8.216606e-01
  4.117490e-01   2.563667e+01   8.141715e-01
  4.164372e-01   2.610511e+01   8.229562e-01
  4.211255e-01   2.581003e+01   8.199279e-01
  4.258137e-01   2.581904e+01   8.207633e-01
  4.305019e-01   2.556053e+01   8.158822e-01
  4.351902e-01   2.582014e+01   8.183245e-01
  4.398784e-01   2.650216e+01   8.280583e-01
  4.445666e-01   2.739467e+01   8.515306e-01
  4.492548e-01   2.802593e+01   8.906955e-01
  4.539431e-01   2.787838e+01   9.054452e-01
  4.586313e-01   2.750465e+01   9.129176e-01
  4.633195e-01   2.662504e+01   9.102138e-01
  4.680078e-01   2.665911e+01   9.215515e-01
  4.726960e-01   2.649823e+01   9.285878e-01
  4.773842e-01   2.666826e+01   9.408268e-01
  4.820725e-01   2.670304e+01   9.504869e-01
  4.867607e-01   2.692330e+01   9.635139e-01
  4.914489e-01   2.571836e+01   9.499272e-01
  4.961371e-01   2.714036e+01   9.838766e-01
  5.008254e-01   2.632870e+01   9.770175e-01
  5.055136e-01   2.556559e+01   9.708184e-01
  5.102018e-01   2.754128e+01   9.845239e-01
  5.148901e-01   2.637039e+01   9.297090e-01
  5.195783e-01   2.546357e+01   8.982292e-01
  5.242665e-01   2.624933e+01   9.012903e-01
  5.289547e-01   2.793110e+01   9.208769e-01
  5.336430e-01   2.920766e+01   9.335208e-01
  5.383312e-01   2.739652e+01   8.975393e-01
  5.430194e-01   2.692409e+01   8.844094e-01
  5.477077e-01   2.723479e+01   8.845595e-01
  5.523959e-01   2.562004e+01   8.531588e-01
  5.570841e-01   2.589233e+01   8.529963e-01
  5.617723e-01   2.663251e+01   8.614371e-01
  5.664606e-01   2.663773e+01   8.577397e-01
  5.711488e-01   2.589292e+01   8.423255e-01
  5.758370e-01   2.573214e+01   8.350192e-01
  5.805253e-01   2.589458e+01   8.324835e-01
  5.852135e-01   2.669053e+01   8.397684e-01
  5.899017e-01   2.574258e+01   8.190102e-01
  5.945900e-01   2.657069e+01   8.254015e-01
  5.992782e-01   2.504398e+01   7.961814e-01
  6.039664e-01   2.584834e+01   8.041162e-01
  6.086546e-01   2.587957e+01   7.998076e-01
  6.133429e-01   2.599733e+01   7.964513e-01
  6.180311e-01   2.614344e+01   7.939723e-01
  6.227193e-01   2.626277e+01   7.913993e-01
  6.274076e-01   2.514359e+01   7.711208e-01
  6.320958e-01   2.619281e+01   7.848539e-01
  6.367840e-01   2.743544e+01   8.009486e-01
  6.414722e-01   2.690788e+01   7.916154e-01
  6.461605e-01   2.713715e+01   7.931389e-01
  6.508487e-01   2.684418e+01   7.871569e-01
  6.555369e-01   2.552481e+01   7.652742e-01
  6.602252e-01   2.630947e+01   7.753025e-01
  6.649134e-01   2.729739e+01   7.880796e-01
  6.696016e-01   2.628668e+01   7.717469e-01
  6.742898e-01   2.670026e+01   7.756171e-01
  6.789781e-01   2.600901e+01   7.638469e-01
  6.836663e-01   2.512933e+01   7.492352e-01
  6.883545e-01   2.568513e+01   7.560703e-01
  6.930428e-01   2.665450e+01   7.681094e-01
  6.977310e-01   2.622589e+01   7.601781e-01
  7.024192e-01   2.758679e+01   7.780846e-01
  7.071074e-01   2.640223e+01   7.597393e-01
  7.117957e-01   2.634887e+01   7.572464e-01
  7.164839e-01   2.621641e+01   7.533842e-01
  7.211721e-01   2.623528e+01   7.522298e-01
  7.258604e-01   2.640281e+01   7.530882e-01
  7.305486e-01   2.725592e+01   7.638620e-01
  7.352368e-01   2.586309e+01   7.417966e-01
  7.399251e-01   2.603710e+01   7.430835e-01
  7.446133e-01   2.533041e+01   7.316183e-01
  7.493015e-01   2.514548e+01   7.280979e-01
  7.539897e-01   2.605088e+01   7.389408e-01
  7.586780e-01   2.608321e+01   7.374921e-01
  7.633662e-01   2.549444e+01   7.276875e-01
  7.680544e-01   2.591573e+01   7.323972e-01
  7.727427e-01   2.551050e+01   7.250000e-01
  7.774309e-01   2.582717e+01   7.277906e-01
  7.821191e-01   2.682112e+01   7.403693e-01
  7.868073e-01   2.490792e+01   7.121987e-01
  7.914956e-01   2.617909e+01   7.285837e-01
  7.961838e-01   2.515346e+01   7.125469e-01
  8.008720e-01   2.522474e+01   7.122464e-01
  8.055603e-01   2.558276e+01   7.159383e-01
  8.102485e-01   2.611292e+01   7.221109e-01
  8.149367e-01   2.604444e+01   7.193208e-01
  8.196249e-01   2.591302e+01   7.161410e-01
  8.243132e-01   2.564880e+01   7.113453e-01
  8.290014e-01   2.657006e+01   7.226652e-01
  8.336896e-01   2.569301e+01   7.089949e-01
  8.383779e-01   2.577556e+01   7.087789e-01
  8.430661e-01   2.637237e+01   7.157193e-01
  8.477543e-01   2.525834e+01   6.991565e-01
  8.524425e-01   2.551899e+01   7.013819e-01
  8.571308e-01   2.542359e+01   6.989406e-01
  8.618190e-01   2.551113e+01   6.987156e-01
  8.665072e-01   2.638835e+01   7.092240e-01
  8.711955e-01   2.539229e+01   6.944663e-01
  8.758837e-01   2.627127e+01   7.047824e-01
  8.805719e-01   2.640874e+01   7.053856e-01
  8.852602e-01   2.634751e+01   7.034407e-01
  8.899484e-01   2.652949e+01   7.047145e-01
  8.946366e-01   2.608433e+01   6.969992e-01
  8.993248e-01   2.570822e+01   6.909534e-01
  9.040131e-01   2.570728e+01   6.896785e-01
  9.087013e-01   2.547521e+01   6.854873e-01
  9.133895e-01   2.554558e+01   6.849139e-01
  9.180778e-01   2.534438e+01   6.810685e-01
  9.227660e-01   2.627674e+01   6.921854e-01
  9.274542e-01   2.603224e+01   6.879361e-01
  9.321424e-01   2.670558e+01   6.954647e-01
  9.368307e-01   2.569883e+01   6.807746e-01
  9.415189e-01   2.566489e+01   6.792714e-01
  9.462071e-01   2.562634e+01   6.777387e-01
  9.508954e-01   2.673638e+01   6.909655e-01
  9.555836e-01   2.620098e+01   6.826052e-01
  9.602718e-01   2.536322e+01   6.705283e-01
  9.649600e-01   2.523036e+01   6.676973e-01
  9.696483e-01   2.577662e+01   6.738725e-01
  9.743365e-01   2.617782e+01   6.775161e-01
  9.790247e-01   2.577274e+01   6.712865e-01
  9.837130e-01   2.634798e+01   6.775914e-01
  9.884012e-01   2.532230e+01   6.632599e-01
  9.930894e-01   2.673624e+01   6.801813e-01
  9.977777e-01   2.469817e+01   6.525850e-01
  1.002466e+00   2.537721e+01   6.605009e-01
  1.007154e+00   2.593623e+01   6.666480e-01
  1.011842e+00   2.524208e+01   6.565844e-01
  1.016531e+00   2.548212e+01   6.583771e-01
  1.021219e+00   2.607742e+01   6.649710e-01
  1.025907e+00   2.592622e+01   6.621200e-01
  1.030595e+00   2.640808e+01   6.671858e-01
  1.035283e+00   2.612175e+01   6.620801e-01
  1.039972e+00   2.589881e+01   6.583551e-01
  1.044660e+00   2.533478e+01   6.502269e-01
  1.049348e+00   2.554136e+01   6.517434e-01
  1.054036e+00   2.611097e+01   6.577175e-01
  1.058725e+00   2.628588e+01   6.589311e-01
  1.063413e+00   2.647307e+01   6.602268e-01
  1.068101e+00   2.678270e+01   6.631332e-01
  1.072789e+00   2.693146e+01   6.637246e-01
  1.077478e+00   2.679251e+01   6.609292e-01
  1.082166e+00   2.621699e+01   6.527753e-01
  1.086854e+00   2.517790e+01   6.387919e-01
  1.091542e+00   2.460714e+01   6.305571e-01
  1.096230e+00   2.510294e+01   6.355799e-01
  1.100919e+00   2.523309e+01   6.363377e-01
  1.105607e+00   2.596624e+01   6.446547e-01
  1.110295e+00   2.504946e+01   6.321806e-01
  1.114983e+00   2.555946e+01   6.375284e-01
  1.119672e+00   2.596860e+01   6.416981e-01
  1.124360e+00   2.523011e+01   6.314487e-01
  1.129048e+00   2.528586e+01   6.311962e-01
  1.133736e+00   2.576055e+01   6.359186e-01
  1.138425e+00   2.609411e+01   6.390615e-01
  1.143113e+00   2.614246e+01   6.387061e-01
  1.147801e+00   2.526503e+01   6.271083e-01
  1.152489e+00   2.519755e+01   6.251327e-01
  1.157177e+00   2.498706e+01   6.214564e-01
  1.161866e+00   2.648511e+01   6.390349e-01
  1.166554e+00   2.633558e+01   6.363001e-01
  1.171242e+00   2.595525e+01   6.306319e-01
  1.175930e+00   2.503391e+01   6.183605e-01
  1.180619e+00   2.531434e+01   6.209227e-01
  1.185307e+00   2.496567e+01   6.157382e-01
  1.189995e+00   2.558088e+01   6.224890e-01
  1.194683e+00   2.546450e+01   6.198634e-01
  1.199372e+00   2.670946e+01   6.339640e-01
  1.204060e+00   2.568878e+01   6.210555e-01
  1.208748e+00   2.594692e+01   6.236575e-01
  1.213436e+00   2.659995e+01   6.300021e-01
  1.218124e+00   2.472681e+01   6.063913e-01
  1.222813e+00   2.552080e+01   6.151795e-01
  1.227501e+00   2.666851e+01   6.281158e-01
  1.232189e+00   2.644633e+01   6.244445e-01
  1.236877e+00   2.559024e+01   6.132219e-01
  1.241566e+00   2.607067e+01   6.182132e-01
  1.246254e+00   2.583960e+01   6.146765e-01
  1.250942e+00   2.556639e+01   6.248211e-01
  1.255630e+00   2.589091e+01   6.457921e-01
  1.260318e+00   2.636943e+01   6.626173e-01
  1.265007e+00   2.580909e+01   6.642193e-01
  1.269695e+00   2.545988e+01   6.672515e-01
  1.274383e+00   2.636079e+01   6.858414e-01
  1.279071e+00   2.604450e+01   6.882895e-01
  1.283760e+00   2.589871e+01   6.924133e-01
  1.288448e+00   2.586651e+01   6.977581e-01
  1.293136e+00   2.590438e+01   7.037879e-01
  1.297824e+00   2.579440e+01   7.075621e-01
  1.302513e+00   2.606895e+01   7.155520e-01
  1.307201e+00   2.588003e+01   7.150069e-01
  1.311889e+00   2.581216e+01   7.147204e-01
  1.316577e+00   2.577336e+01   6.867353e-01
  1.321265e+00   2.658986e+01   6.802284e-01
  1.325954e+00   2.646551e+01   6.677026e-01
  1.330642e+00   2.558459e+01   6.481439e-01
  1.335330e+00   2.551276e+01   6.401650e-01
  1.340018e+00   2.699792e+01   6.524152e-01
  1.344707e+00   2.611894e+01   6.363320e-01
  1.349395e+00   2.644100e+01   6.354944e-01
  1.354083e+00   2.604978e+01   6.259928e-01
  1.358771e+00   2.481857e+01   6.069653e-01
  1.363460e+00   2.541654e+01   6.108771e-01
  1.368148e+00   2.454696e+01   5.986433e-01
  1.372836e+00   2.505350e+01   6.031488e-01
  1.377524e+00   2.626633e+01   6.161666e-01
  1.382212e+00   2.523120e+01   6.027111e-01
  1.386901e+00   2.646431e+01   6.159736e-01
  1.391589e+00   2.547556e+01   6.030180e-01
  1.396277e+00   2.683464e+01   6.175908e-01
  1.400965e+00   2.570426e+01   6.033298e-01
  1.405654e+00   2.622655e+01   6.083194e-01
  1.410342e+00   2.624509e+01   6.074075e-01
  1.415030e+00   2.576429e+01   6.004966e-01
  1.419718e+00   2.620669e+01   6.046134e-01
  1.424406e+00   2.590203e+01   6.001611e-01
  1.429095e+00   2.476811e+01   5.858461e-01
  1.433783e+00   2.511865e+01   5.887285e-01
  1.438471e+00   2.623082e+01   6.006906e-01
  1.443159e+00   2.603578e+01   5.975377e-01
  1.447848e+00   2.549136e+01   5.902891e-01
  1.452536e+00   2.577599e+01   5.924588e-01
  1.457224e+00   2.618340e+01   5.961660e-01
  1.461912e+00   2.647372e+01   5.985843e-01
  1.466601e+00   2.695356e+01   6.030661e-01
  1.471289e+00   2.667219e+01   5.988900e-01
  1.475977e+00   2.615585e+01   5.923773e-01
  1.480665e+00   2.545643e+01   5.832760e-01
  1.485353e+00   2.553303e+01   5.924725e-01
  1.490042e+00   2.545166e+01   6.096812e-01
  1.494730e+00   2.576944e+01   6.243023e-01
  1.499418e+00   2.635551e+01   6.394821e-01
  1.504106e+00   2.579771e+01   6.399945e-01
  1.508795e+00   2.507376e+01   6.376475e-01
  1.513483e+00   2.584871e+01   6.310201e-01
  1.518171e+00   2.603669e+01   6.191611e-01
  1.522859e+00   2.624614e+01   6.131098e-01
  1.527548e+00   2.632200e+01   6.074316e-01
  1.532236e+00   2.646649e+01   6.032625e-01
  1.536924e+00   2.705852e+01   6.051225e-01
  1.541612e+00   2.563057e+01   5.858300e-01
  1.546300e+00   2.614974e+01   5.903047e-01
  1.550989e+00   2.597554e+01   5.862394e-01
  1.555677e+00   2.506568e+01   5.729424e-01
  1.560365e+00   2.538816e+01   5.739214e-01
  1.565053e+00   2.498535e+01   5.667278e-01
  1.569742e+00   2.605563e+01   5.763963e-01
  1.574430e+00   2.487954e+01   5.620531e-01
  1.579118e+00   2.648978e+01   5.803895e-01
  1.583806e+00   2.669951e+01   5.833486e-01
  1.588495e+00   2.548033e+01   5.705429e-01
  1.593183e+00   2.570412e+01   5.733138e-01
  1.597871e+00   2.608033e+01   5.771376e-01
  1.602559e+00   2.652208e+01   5.811526e-01
  1.607247e+00   2.578605e+01   5.721248e-01
  1.611936e+00   2.644661e+01   5.782984e-01
  1.616624e+00   2.609089e+01   5.735881e-01
  1.621312e+00   2.606238e+01   5.724468e-01
  1.626000e+00   2.599933e+01   5.708885e-01
  1.630689e+00   2.597572e+01   5.697131e-01
  1.635377e+00   2.527054e+01   5.610948e-01
  1.640065e+00   2.554954e+01   5.633612e-01
  1.644753e+00   2.615450e+01   5.692144e-01
  1.649441e+00   2.651884e+01   5.723525e-01
  1.654130e+00   2.562236e+01   5.616960e-01
  1.658818e+00   2.701939e+01   5.759951e-01
  1.663506e+00   2.634469e+01   5.680138e-01
  1.668194e+00   2.563025e+01   5.595558e-01
  1.672883e+00   2.609812e+01   5.636634e-01
  1.677571e+00   2.562552e+01   5.578075e-01
  1.682259e+00   2.589297e+01   5.600389e-01
  1.686947e+00   2.551554e+01   5.552372e-01
  1.691636e+00   2.581915e+01   5.576184e-01
  1.696324e+00   2.593630e+01   5.581339e-01
  1.701012e+00   2.563040e+01   5.541586e-01
  1.705700e+00   2.579309e+01   5.552583e-01
  1.710388e+00   2.579497e+01   5.544554e-01
  1.715077e+00   2.577454e+01   5.534596e-01
  1.719765e+00   2.519298e+01   5.465028e-01
  1.724453e+00   2.552776e+01   5.494964e-01
  1.729141e+00   2.576613e+01   5.513257e-01
  1.733830e+00   2.560025e+01   5.487040e-01
  1.738518e+00   2.585135e+01   5.507647e-01
  1.743206e+00   2.490108e+01   5.398982e-01
  1.747894e+00   2.578331e+01   5.487979e-01
  1.752583e+00   2.489013e+01   5.386267e-01
  1.757271e+00   2.543607e+01   5.436643e-01
  1.761959e+00   2.611394e+01   5.501266e-01
  1.766647e+00   2.539379e+01   5.418115e-01
  1.771335e+00   2.585057e+01   5.459188e-01
  1.776024e+00   2.596094e+01   5.463933e-01
  1.780712e+00   2.623835e+01   5.486515e-01
  1.785400e+00   2.549599e+01   5.402398e-01
  1.790088e+00   2.548017e+01   5.394087e-01
  1.794777e+00   2.476611e+01   5.310524e-01
  1.799465e+00   2.503852e+01   5.333085e-01
  1.804153e+00   2.609768e+01   5.439603e-01
  1.808841e+00   2.563578e+01   5.384786e-01
  1.813530e+00   2.633693e+01   5.449570e-01
  1.818218e+00   2.617646e+01   5.427102e-01
  1.822906e+00   2.518599e+01   5.318208e-01
  1.827594e+00   2.532593e+01   5.326956e-01
  1.832282e+00   2.553789e+01   5.340414e-01
  1.836971e+00   2.570226e+01   5.352578e-01
  1.841659e+00   2.610588e+01   5.388972e-01
  1.846347e+00   2.694851e+01   5.468845e-01
  1.851035e+00   2.607698e+01   5.371842e-01
  1.855724e+00   2.486714e+01   5.240413e-01
  1.860412e+00   2.551221e+01   5.302479e-01
  1.865100e+00   2.523406e+01   5.267404e-01
  1.869788e+00   2.577128e+01   5.316015e-01
  1.874476e+00   2.589258e+01   5.322545e-01
  1.879165e+00   2.613895e+01   5.342487e-01
  1.883853e+00   2.573584e+01   5.295005e-01
  1.888541e+00   2.501753e+01   5.214381e-01
  1.893229e+00   2.571914e+01   5.283302e-01
  1.897918e+00   2.497735e+01   5.200468e-01
  1.902606e+00   2.537669e+01   5.234103e-01
  1.907294e+00   2.599848e+01   5.292585e-01
  1.911982e+00   2.654387e+01   5.340146e-01
  1.916671e+00   2.568820e+01   5.248137e-01
  1.921359e+00   2.556610e+01   5.230288e-01
  1.926047e+00   2.586577e+01   5.255541e-01
  1.930735e+00   2.524147e+01   5.184508e-01
  1.935423e+00   2.495417e+01   5.149654e-01
  1.940112e+00   2.535403e+01   5.184419e-01
  1.944800e+00   2.552395e+01   5.190123e-01
  1.949488e+00   2.561316e+01   5.185848e-01
  1.954176e+00   2.559328e+01   5.172378e-01
  1.958865e+00   2.523000e+01   5.124184e-01
  1.963553e+00   2.550716e+01   5.143210e-01
  1.968241e+00   2.572720e+01   5.160132e-01
  1.972929e+00   2.614299e+01   5.195142e-01
  1.977618e+00   2.645790e+01   5.222140e-01
  1.982306e+00   2.610066e+01   5.183887e-01
  1.986994e+00   2.573729e+01   5.146912e-01
  1.991682e+00   2.667224e+01   5.239972e-01
  1.996370e+00   2.607700e+01   5.182578e-01
  2.001059e+00   2.526944e+01   5.103263e-01
  2.005747e+00   2.536060e+01   5.110830e-01
  2.010435e+00   2.452158e+01   5.017453e-01
  2.015123e+00   2.564633e+01   5.125784e-01
  2.019812e+00   2.578653e+01   5.134738e-01
  2.024500e+00   2.502235e+01   5.053645e-01
  2.029188e+00   2.590220e+01   5.135410e-01
  2.033876e+00   2.542583e+01   5.082311e-01
  2.038565e+00   2.607188e+01   5.141068e-01
  2.043253e+00   2.595410e+01   5.125603e-01
  2.047941e+00   2.549140e+01   5.073861e-01
  2.052629e+00   2.582128e+01   5.118955e-01
  2.057317e+00   2.594317e+01   5.280966e-01
  2.062006e+00   2.505373e+01   5.283884e-01
  2.066694e+00   2.582054e+01   5.435452e-01
  2.071382e+00   2.495072e+01   5.400479e-01
  2.076070e+00   2.488614e+01   5.446088e-01
  2.080759e+00   2.545573e+01   5.557061e-01
  2.085447e+00   2.505296e+01   5.555305e-01
  2.090135e+00   2.572897e+01   5.650973e-01
  2.094823e+00   2.579457e+01   5.674354e-01
  2.099511e+00   2.517050e+01   5.621090e-01
  2.104200e+00   2.461532e+01   5.573175e-01
  2.108888e+00   2.510543e+01   5.640909e-01
  2.113576e+00   2.522286e+01   5.666561e-01
  2.118264e+00   2.607997e+01   5.705865e-01
  2.122953e+00   2.630571e+01   5.549054e-01
  2.127641e+00   2.539281e+01   5.361673e-01
  2.132329e+00   2.536235e+01   5.293370e-01
  2.137017e+00   2.501528e+01   5.207417e-01
  2.141706e+00   2.499691e+01   5.162403e-01
  2.146394e+00   2.500763e+01   5.125738e-01
  2.151082e+00   2.523584e+01   5.120727e-01
  2.155770e+00   2.576976e+01   5.163339e-01
  2.160458e+00   2.568125e+01   5.142520e-01
  2.165147e+00   2.527630e+01   5.091160e-01
  2.169835e+00   2.545861e+01   5.097563e-01
  2.174523e+00   2.487279e+01   5.029784e-01
  2.179211e+00   2.591837e+01   5.125287e-01
  2.183900e+00   2.556116e+01   5.080881e-01
  2.188588e+00   2.605726e+01   5.120559e-01
  2.193276e+00   2.569301e+01   5.076156e-01
  2.197964e+00   2.490764e+01   4.990667e-01
  2.202653e+00   2.619763e+01   5.110172e-01
  2.207341e+00   2.635670e+01   5.117605e-01
  2.212029e+00   2.501149e+01   4.977586e-01
  2.216717e+00   2.547087e+01   5.016510e-01
  2.221405e+00   2.558402e+01   5.020224e-01
  2.226094e+00   2.517659e+01   4.973257e-01
  2.230782e+00   2.490762e+01   4.939548e-01
  2.235470e+00   2.520711e+01   4.962565e-01
  2.240158e+00   2.520524e+01   4.955938e-01
  2.244847e+00   2.532110e+01   4.961466e-01
  2.249535e+00   2.494916e+01   4.917518e-01
  2.254223e+00   2.474622e+01   4.891140e-01
  2.258911e+00   2.463891e+01   4.875101e-01
  2.263600e+00   2.485155e+01   4.890405e-01
  2.268288e+00   2.580429e+01   4.976366e-01
  2.272976e+00   2.626112e+01   5.013673e-01
  2.277664e+00   2.460361e+01   4.847748e-01
  2.282352e+00   2.533014e+01   4.913419e-01
  2.287041e+00   2.614273e+01   4.985437e-01
  2.291729e+00   2.554824e+01   4.921548e-01
  2.296417e+00   2.548092e+01   4.910468e-01
  2.301105e+00   2.529607e+01   4.887190e-01
  2.305794e+00   2.502572e+01   4.855480e-01
  2.310482e+00   2.457328e+01   4.804754e-01
  2.315170e+00   2.459328e+01   4.802271e-01
  2.319858e+00   2.510712e+01   4.847135e-01
  2.324546e+00   2.496408e+01   4.827888e-01
  2.329235e+00   2.512807e+01   4.837241e-01
  2.333923e+00   2.536498e+01   4.855464e-01
  2.338611e+00   2.526431e+01   4.840883e-01
  2.343299e+00   2.567416e+01   4.874977e-01
  2.347988e+00   2.553707e+01   4.855463e-01
  2.352676e+00   2.527605e+01   4.826149e-01
  2.357364e+00   2.492835e+01   4.788041e-01
  2.362052e+00   2.431520e+01   4.723814e-01
  2.366741e+00   2.434786e+01   4.721624e-01
  2.371429e+00   2.472709e+01   4.753129e-01
  2.376117e+00   2.468190e+01   4.744469e-01
  2.380805e+00   2.500659e+01   4.770531e-01
  2.385493e+00   2.496767e+01   4.761741e-01
  2.390182e+00   2.482010e+01   4.742746e-01
  2.394870e+00   2.551650e+01   4.803630e-01
  2.399558e+00   2.544274e+01   4.792681e-01
  2.404246e+00   2.533688e+01   4.777610e-01
  2.408935e+00   2.427151e+01   4.670950e-01
  2.413623e+00   2.525903e+01   4.760262e-01
  2.418311e+00   2.551510e+01   4.779876e-01
  2.422999e+00   2.486458e+01   4.714674e-01
  2.427688e+00   2.555445e+01   4.773366e-01
  2.432376e+00   2.561377e+01   4.774822e-01
  2.437064e+00   2.579020e+01   4.786268e-01
  2.441752e+00   2.494976e+01   4.704413e-01
  2.446440e+00   2.524799e+01   4.726246e-01
  2.451129e+00   2.540986e+01   4.737154e-01
  2.455817e+00   2.519163e+01   4.713225e-01
  2.460505e+00   2.478573e+01   4.671215e-01
  2.465193e+00   2.498685e+01   4.684055e-01
  2.469882e+00   2.516948e+01   4.696289e-01
  2.474570e+00   2.484270e+01   4.661595e-01
  2.479258e+00   2.462859e+01   4.637704e-01
  2.483946e+00   2.473221e+01   4.642853e-01
  2.488634e+00   2.514349e+01   4.675961e-01
  2.493323e+00   2.454260e+01   4.615962e-01
  2.498011e+00   2.461266e+01   4.618717e-01
  2.502699e+00   2.526425e+01   4.674893e-01
  2.507387e+00   2.573798e+01   4.713421e-01
  2.512076e+00   2.563300e+01   4.699598e-01
  2.516764e+00   2.564908e+01   4.697346e-01
  2.521452e+00   2.468819e+01   4.604232e-01
  2.526140e+00   2.474826e+01   4.604943e-01
  2.530829e+00   2.491567e+01   4.616198e-01
  2.535517e+00   2.468986e+01   4.589061e-01
  2.540205e+00   2.495295e+01   4.604479e-01
  2.544893e+00   2.530302e+01   4.626599e-01
  2.549581e+00   2.494176e+01   4.585326e-01
  2.554270e+00   2.529976e+01   4.613733e-01
  2.558958e+00   2.501272e+01   4.583519e-01
  2.563646e+00   2.554135e+01   4.627629e-01
  2.568334e+00   2.573699e+01   4.640558e-01
  2.573023e+00   2.546458e+01   4.612158e-01
  2.577711e+00   2.509139e+01   4.574397e-01
  2.582399e+00   2.489987e+01   4.553155e-01
  2.587087e+00   2.474997e+01   4.536363e-01
  2.591776e+00   2.544506e+01   4.600267e-01
  2.596464e+00   2.538922e+01   4.596942e-01
  2.601152e+00   2.489801e+01   4.552879e-01
  2.605840e+00   2.553697e+01   4.606734e-01
  2.610528e+00   2.539858e+01   4.590177e-01
  2.615217e+00   2.489166e+01   4.540536e-01
  2.619905e+00   2.529071e+01   4.573597e-01
  2.624593e+00   2.542132e+01   4.580145e-01
  2.629281e+00   2.503062e+01   4.541120e-01
  2.633970e+00   2.502962e+01   4.537132e-01
  2.638658e+00   2.601190e+01   4.622116e-01
  2.643346e+00   2.597662e+01   4.614349e-01
  2.648034e+00   2.472319e+01   4.498184e-01
  2.652723e+00   2.496133e+01   4.516045e-01
  2.657411e+00   2.493598e+01   4.509710e-01
  2.662099e+00   2.489207e+01   4.501721e-01
  2.666787e+00   2.460514e+01   4.471081e-01
  2.671475e+00   2.488154e+01   4.492500e-01
  2.676164e+00   2.530986e+01   4.528159e-01
  2.680852e+00   2.464442e+01   4.465119e-01
  2.685540e+00   2.494573e+01   4.487141e-01
  2.690228e+00   2.512147e+01   4.498707e-01
  2.694917e+00   2.504291e+01   4.489510e-01
  2.699605e+00   2.509575e+01   4.490547e-01
  2.704293e+00   2.544554e+01   4.516213e-01
  2.708981e+00   2.553068e+01   4.520082e-01
  2.713669e+00   2.445884e+01   4.421197e-01
  2.718358e+00   2.484044e+01   4.451806e-01
  2.723046e+00   2.502766e+01   4.464269e-01
  2.727734e+00   2.511808e+01   4.468359e-01
  2.732422e+00   2.444664e+01   4.405270e-01
  2.737111e+00   2.467163e+01   4.421957e-01
  2.741799e+00   2.439971e+01   4.393491e-01
  2.746487e+00   2.486330e+01   4.430948e-01
  2.751175e+00   2.491412e+01   4.432379e-01
  2.755864e+00   2.472941e+01   4.412543e-01
  2.760552e+00   2.498588e+01   4.431487e-01
  2.765240e+00   2.489751e+01   4.419488e-01
  2.769928e+00   2.538315e+01   4.459004e-01
  2.774616e+00   2.552204e+01   4.468274e-01
  2.779305e+00   2.520004e+01   4.436001e-01
  2.783993e+00   2.534372e+01   4.444520e-01
  2.788681e+00   2.495458e+01   4.407108e-01
  2.793369e+00   2.481478e+01   4.392518e-01
  2.798058e+00   2.527014e+01   4.427994e-01
  2.802746e+00   2.586573e+01   4.477815e-01
  2.807434e+00   2.471677e+01   4.374761e-01
  2.812122e+00   2.486269e+01   4.381714e-01
  2.816811e+00   2.516791e+01   4.405576e-01
  2.821499e+00   2.537972e+01   4.419751e-01
  2.826187e+00   2.496115e+01   4.379207e-01
  2.830875e+00   2.498084e+01   4.377658e-01
  2.835563e+00   2.500650e+01   4.376905e-01
  2.840252e+00   2.483908e+01   4.357779e-01
  2.844940e+00   2.531822e+01   4.396504e-01
  2.849628e+00   2.536150e+01   4.396855e-01
  2.854316e+00   2.532745e+01   4.390743e-01
  2.859005e+00   2.499375e+01   4.435115e-01
  2.863693e+00   2.563511e+01   4.590176e-01
  2.868381e+00   2.491173e+01   4.584683e-01
  2.873069e+00   2.483157e+01   4.626927e-01
  2.877758e+00   2.570346e+01   4.748505e-01
  2.882446e+00   2.489621e+01   4.702481e-01
  2.887134e+00   2.488858e+01   4.717364e-01
  2.891822e+00   2.469493e+01   4.712690e-01
  2.896510e+00   2.469290e+01   4.725560e-01
  2.901199e+00   2.476909e+01   4.743927e-01
  2.905887e+00   2.497632e+01   4.775653e-01
  2.910575e+00   2.442476e+01   4.733043e-01
  2.915263e+00   2.459227e+01   4.758978e-01
  2.919952e+00   2.496430e+01   4.800244e-01
  2.924640e+00   2.523671e+01   4.695912e-01
  2.929328e+00   2.479092e+01   4.571986e-01
  2.934016e+00   2.463853e+01   4.505767e-01
  2.938704e+00   2.522326e+01   4.517755e-01
  2.943393e+00   2.530569e+01   4.492505e-01
  2.948081e+00   2.515705e+01   4.461839e-01
  2.952769e+00   2.534361e+01   4.467200e-01
  2.957457e+00   2.531318e+01   4.455499e-01
  2.962146e+00   2.459848e+01   4.382770e-01
  2.966834e+00   2.502579e+01   4.413827e-01
  2.971522e+00   2.595147e+01   4.485908e-01
  2.976210e+00   2.515215e+01   4.409412e-01
  2.980899e+00   2.487868e+01   4.378045e-01
  2.985587e+00   2.477253e+01   4.362074e-01
  2.990275e+00   2.481101e+01   4.359156e-01
  2.994963e+00   2.487038e+01   4.359106e-01
  2.999651e+00   2.532711e+01   4.392627e-01
  3.004340e+00   2.469412e+01   4.331543e-01
  3.009028e+00   2.460699e+01   4.318467e-01
  3.013716e+00   2.418717e+01   4.276761e-01
  3.018404e+00   2.433045e+01   4.284207e-01
  3.023093e+00   2.485447e+01   4.324609e-01
  3.027781e+00   2.516570e+01   4.346524e-01
  3.032469e+00   2.489777e+01   4.318955e-01
  3.037157e+00   2.507484e+01   4.329886e-01
  3.041846e+00   2.479506e+01   4.300211e-01
  3.046534e+00   2.488065e+01   4.302896e-01
  3.051222e+00   2.492212e+01   4.303339e-01
  3.055910e+00   2.471607e+01   4.281464e-01
  3.060598e+00   2.512506e+01   4.310442e-01
  3.065287e+00   2.500247e+01   4.295940e-01
  3.069975e+00   2.530659e+01   4.317890e-01
  3.074663e+00   2.566822e+01   4.345019e-01
  3.079351e+00   2.471543e+01   4.258789e-01
  3.084040e+00   2.516631e+01   4.292858e-01
  3.088728e+00   2.422595e+01   4.208366e-01
  3.093416e+00   2.473132e+01   4.249762e-01
  3.098104e+00   2.473588e+01   4.245537e-01
  3.102793e+00   2.492748e+01   4.257472e-01
  3.107481e+00   2.491323e+01   4.252586e-01
  3.112169e+00   2.508429e+01   4.263009e-01
  3.116857e+00   2.487188e+01   4.240664e-01
  3.121545e+00   2.522694e+01   4.266487e-01
  3.126234e+00   2.522221e+01   4.262551e-01
  3.130922e+00   2.544223e+01   4.278047e-01
  3.135610e+00   2.490549e+01   4.228814e-01
  3.140298e+00   2.537932e+01   4.266827e-01
  3.144987e+00   2.486044e+01   4.219531e-01
  3.149675e+00   2.510124e+01   4.234171e-01
  3.154363e+00   2.463530e+01   4.191477e-01
  3.159051e+00   2.470576e+01   4.192922e-01
  3.163739e+00   2.510165e+01   4.222811e-01
  3.168428e+00   2.550937e+01   4.254207e-01
  3.173116e+00   2.524835e+01   4.229555e-01
  3.177804e+00   2.468332e+01   4.177389e-01
  3.182492e+00   2.446758e+01   4.155522e-01
  3.187181e+00   2.444723e+01   4.150656e-01
  3.191869e+00   2.507532e+01   4.200300e-01
  3.196557e+00   2.508024e+01   4.196796e-01
  3.201245e+00   2.436418e+01   4.133002e-01
  3.205934e+00   2.480519e+01   4.167060e-01
  3.210622e+00   2.498417e+01   4.179377e-01
  3.215310e+00   2.492915e+01   4.170628e-01
  3.219998e+00   2.473495e+01   4.149508e-01
  3.224686e+00   2.523078e+01   4.184080e-01
  3.229375e+00   2.463525e+01   4.126669e-01
  3.234063e+00   2.514437e+01   4.163938e-01
  3.238751e+00   2.530708e+01   4.173798e-01
  3.243439e+00   2.487910e+01   4.135091e-01
  3.248128e+00   2.515913e+01   4.155537e-01
  3.252816e+00   2.500186e+01   4.139361e-01
  3.257504e+00   2.455772e+01   4.098546e-01
  3.262192e+00   2.466046e+01   4.104367e-01
  3.266881e+00   2.501371e+01   4.130586e-01
  3.271569e+00   2.475995e+01   4.106638e-01
  3.276257e+00   2.459808e+01   4.090199e-01
  3.280945e+00   2.533157e+01   4.151398e-01
  3.285633e+00   2.467550e+01   4.098708e-01
  3.290322e+00   2.476558e+01   4.105784e-01
  3.295010e+00   2.461145e+01   4.089561e-01
  3.299698e+00   2.489108e+01   4.109630e-01
  3.304386e+00   2.440460e+01   4.066102e-01
  3.309075e+00   2.511724e+01   4.122520e-01
  3.313763e+00   2.442014e+01   4.061553e-01
  3.318451e+00   2.452911e+01   4.067211e-01
  3.323139e+00   2.495500e+01   4.099738e-01
  3.327828e+00   2.510746e+01   4.108996e-01
  3.332516e+00   2.410592e+01   4.023729e-01
  3.337204e+00   2.488995e+01   4.084803e-01
  3.341892e+00   2.487419e+01   4.081517e-01
  3.346580e+00   2.444276e+01   4.042988e-01
  3.351269e+00   2.556125e+01   4.131007e-01
  3.355957e+00   2.569612e+01   4.146738e-01
  3.360645e+00   2.533930e+01   4.218645e-01
  3.365333e+00   2.470490e+01   4.231435e-01
  3.370022e+00   2.456301e+01   4.265532e-01
  3.374710e+00   2.513343e+01   4.336043e-01
  3.379398e+00   2.472938e+01   4.317100e-01
  3.384086e+00   2.453759e+01   4.314260e-01
  3.388774e+00   2.454611e+01   4.319870e-01
  3.393463e+00   2.463524e+01   4.324069e-01
  3.398151e+00   2.439379e+01   4.307017e-01
  3.402839e+00   2.450339e+01   4.326244e-01
  3.407527e+00   2.445049e+01   4.331161e-01
  3.412216e+00   2.466825e+01   4.358678e-01
  3.416904e+00   2.438331e+01   4.341535e-01
  3.421592e+00   2.427173e+01   4.339906e-01
  3.426280e+00   2.383801e+01   4.308052e-01
  3.430969e+00   2.520698e+01   4.437862e-01
  3.435657e+00   2.511835e+01   4.437470e-01
  3.440345e+00   2.493557e+01   4.426961e-01
  3.445033e+00   2.524685e+01   4.461343e-01
  3.449721e+00   2.442624e+01   4.395439e-01
  3.454410e+00   2.482655e+01   4.436319e-01
  3.459098e+00   2.490182e+01   4.448811e-01
  3.463786e+00   2.513427e+01   4.475214e-01
  3.468474e+00   2.460749e+01   4.433799e-01
  3.473163e+00   2.448538e+01   4.427522e-01
  3.477851e+00   2.435658e+01   4.421400e-01
  3.482539e+00   2.504954e+01   4.490852e-01
  3.487227e+00   2.535790e+01   4.521236e-01
  3.491916e+00   2.492100e+01   4.487436e-01
  3.496604e+00   2.526223e+01   4.522639e-01
  3.501292e+00   2.456750e+01   4.464555e-01
  3.505980e+00   2.410010e+01   4.426563e-01
  3.510668e+00   2.424386e+01   4.444155e-01
  3.515357e+00   2.487004e+01   4.505000e-01
  3.520045e+00   2.509136e+01   4.530029e-01
  3.524733e+00   2.478332e+01   4.505929e-01
  3.529421e+00   2.498335e+01   4.527873e-01
  3.534110e+00   2.504413e+01   4.537938e-01
  3.538798e+00   2.410601e+01   4.455592e-01
  3.543486e+00   2.444007e+01   4.490305e-01
  3.548174e+00   2.461715e+01   4.510529e-01
  3.552863e+00   2.444951e+01   4.498613e-01
  3.557551e+00   2.424074e+01   4.482751e-01
  3.562239e+00   2.506225e+01   4.562176e-01
  3.566927e+00   2.523527e+01   4.581408e-01
  3.571615e+00   2.462443e+01   4.528809e-01
  3.576304e+00   2.379403e+01   4.454967e-01
  3.580992e+00   2.403386e+01   4.480185e-01
  3.585680e+00   2.433616e+01   4.505646e-01
  3.590368e+00   2.472939e+01   4.537630e-01
  3.595057e+00   2.450994e+01   4.513429e-01
  3.599745e+00   2.400654e+01   4.462954e-01
  3.604433e+00   2.517509e+01   4.567533e-01
  3.609121e+00   2.491819e+01   4.548897e-01
  3.613809e+00   2.445695e+01   4.507232e-01
  3.618498e+00   2.421333e+01   4.487080e-01
  3.623186e+00   2.444023e+01   4.511261e-01
  3.627874e+00   2.463023e+01   4.531528e-01
  3.632562e+00   2.535068e+01   4.599745e-01
  3.637251e+00   2.536113e+01   4.603821e-01
  3.641939e+00   2.482683e+01   4.557663e-01
  3.646627e+00   2.416980e+01   4.500012e-01
  3.651315e+00   2.439481e+01   4.523114e-01
  3.656004e+00   2.528436e+01   4.609494e-01
  3.660692e+00   2.600952e+01   4.747336e-01
  3.665380e+00   2.528989e+01   4.848663e-01
  3.670068e+00   2.460001e+01   4.864715e-01
  3.674756e+00   2.500207e+01   4.981509e-01
  3.679445e+00   2.585035e+01   5.125894e-01
  3.684133e+00   2.532584e+01   5.108284e-01
  3.688821e+00   2.476255e+01   5.082347e-01
  3.693509e+00   2.496880e+01   5.133679e-01
  3.698198e+00   2.464370e+01   5.128037e-01
  3.702886e+00   2.479683e+01   5.172042e-01
  3.707574e+00   2.477586e+01   5.195733e-01
  3.712262e+00   2.467430e+01   5.211364e-01
  3.716951e+00   2.513500e+01   5.284781e-01
  3.721639e+00   2.426547e+01   5.217299e-01
  3.726327e+00   2.392063e+01   5.203415e-01
  3.731015e+00   2.449104e+01   5.289282e-01
  3.735703e+00   2.449840e+01   5.313041e-01
  3.740392e+00   2.523109e+01   5.415777e-01
  3.745080e+00   2.462889e+01   5.373004e-01
  3.749768e+00   2.459370e+01   5.392022e-01
  3.754456e+00   2.453632e+01   5.407817e-01
  3.759145e+00   2.460598e+01   5.437902e-01
  3.763833e+00   2.404063e+01   5.396516e-01
  3.768521e+00   2.409856e+01   5.424819e-01
  3.773209e+00   2.421673e+01   5.459313e-01
  3.777897e+00   2.471953e+01   5.537537e-01
  3.782586e+00   2.401113e+01   5.478590e-01
  3.787274e+00   2.376206e+01   5.471207e-01
  3.791962e+00   2.418644e+01   5.540979e-01
  3.796650e+00   2.422151e+01   5.565992e-01
  3.801339e+00   2.437836e+01   5.604974e-01
  3.806027e+00   2.504174e+01   5.701964e-01
  3.810715e+00   2.490166e+01   5.707181e-01
  3.815403e+00   2.443702e+01   5.674514e-01
  3.820092e+00   2.431981e+01   5.681767e-01
  3.824780e+00   2.401947e+01   5.667287e-01
  3.829468e+00   2.416750e+01   5.705723e-01
  3.834156e+00   2.473969e+01   5.793437e-01
  3.838844e+00   2.353419e+01   5.671204e-01
  3.843533e+00   2.379205e+01   5.722514e-01
  3.848221e+00   2.457105e+01   5.836139e-01
  3.852909e+00   2.471513e+01   5.874377e-01
  3.857597e+00   2.430425e+01   5.846174e-01
  3.862286e+00   2.455495e+01   5.897184e-01
  3.866974e+00   2.481480e+01   5.949200e-01
  3.871662e+00   2.508901e+01   6.004457e-01
  3.876350e+00   2.465225e+01   5.973923e-01
  3.881039e+00   2.511427e+01   6.048971e-01
  3.885727e+00   2.465140e+01   6.014053e-01
  3.890415e+00   2.450111e+01   6.016210e-01
  3.895103e+00   2.488151e+01   6.084688e-01
  3.899791e+00   2.482291e+01   6.098197e-01
  3.904480e+00   2.466206e+01   6.100099e-01
  3.909168e+00   2.487789e+01   6.147814e-01
  3.913856e+00   2.435560e+01   6.105068e-01
  3.918544e+00   2.465907e+01   6.163425e-01
  3.923233e+00   2.443506e+01   6.157491e-01
  3.927921e+00   2.497267e+01   6.245842e-01
  3.932609e+00   2.465655e+01   6.227194e-01
  3.937297e+00   2.451105e+01   6.219954e-01
  3.941986e+00   2.454614e+01   6.232234e-01
  3.946674e+00   2.500562e+01   6.296706e-01
  3.951362e+00   2.446921e+01   6.225207e-01
  3.956050e+00   2.420553e+01   6.181138e-01
  3.960738e+00   2.406820e+01   6.161970e-01
  3.965427e+00   2.488725e+01   6.273427e-01
  3.970115e+00   2.484114e+01   6.286992e-01
  3.974803e+00   2.393399e+01   6.190898e-01
  3.979491e+00   2.392971e+01   6.207676e-01
  3.984180e+00   2.452418e+01   6.305478e-01
  3.988868e+00   2.466062e+01   6.344044e-01
  3.993556e+00   2.480103e+01   6.383383e-01
  3.998244e+00   2.427668e+01   6.337103e-01
  4.002932e+00   2.524199e+01   6.483923e-01
  4.007621e+00   2.474414e+01   6.440892e-01
  4.012309e+00   2.371138e+01   6.326337e-01
  4.016997e+00   2.474832e+01   6.485141e-01
  4.021685e+00   2.525817e+01   6.574159e-01
  4.026374e+00   2.454457e+01   6.502563e-01
  4.031062e+00   2.452671e+01   6.522162e-01
  4.035750e+00   2.421641e+01   6.502725e-01
  4.040438e+00   2.398132e+01   6.493461e-01
  4.045127e+00   2.352976e+01   6.454071e-01
  4.049815e+00   2.427945e+01   6.578484e-01
  4.054503e+00   2.471049e+01   6.659247e-01
  4.059191e+00   2.398565e+01   6.583772e-01
  4.063879e+00   2.442989e+01   6.667506e-01
  4.068568e+00   2.460757e+01   6.714714e-01
  4.073256e+00   2.476113e+01   6.758791e-01
  4.077944e+00   2.530505e+01   6.856663e-01
  4.082632e+00   2.449759e+01   6.769828e-01
  4.087321e+00   2.456677e+01   6.803205e-01
  4.092009e+00   2.405254e+01   6.755167e-01
  4.096697e+00   2.439309e+01   6.826751e-01
  4.101385e+00   2.493589e+01   6.926284e-01
  4.106074e+00   2.529216e+01   7.000674e-01
  4.110762e+00   2.472202e+01   6.946105e-01
  4.115450e+00   2.360274e+01   6.811072e-01
  4.120138e+00   2.444387e+01   6.955621e-01
  4.124826e+00   2.499004e+01   7.058263e-01
  4.129515e+00   2.444885e+01   7.006939e-01
  4.134203e+00   2.433952e+01   7.016054e-01
  4.138891e+00   2.454860e+01   7.071762e-01
  4.143579e+00   2.480776e+01   7.134767e-01
  4.148268e+00   2.429629e+01   7.086998e-01
  4.152956e+00   2.465437e+01   7.164958e-01
  4.157644e+00   2.454683e+01   7.174718e-01
  4.162332e+00   2.395679e+01   7.115083e-01
  4.167021e+00   2.409340e+01   7.161677e-01
  4.171709e+00   2.484033e+01   7.298073e-01
  4.176397e+00   2.539962e+01   7.407764e-01
  4.181085e+00   2.498388e+01   7.374309e-01
  4.185773e+00   2.415911e+01   7.279454e-01
  4.190462e+00   2.444192e+01   7.350191e-01
  4.195150e+00   2.497274e+01   7.466568e-01
  4.199838e+00   2.515341e+01   7.514731e-01
  4.204526e+00   2.419578e+01   7.395790e-01
  4.209215e+00   2.521964e+01   7.579815e-01
  4.213903e+00   2.554433e+01   7.657818e-01
  4.218591e+00   2.546872e+01   7.676001e-01
  4.223279e+00   2.485891e+01   7.613460e-01
  4.227967e+00   2.427833e+01   7.553025e-01
  4.232656e+00   2.496546e+01   7.689406e-01
  4.237344e+00   2.474245e+01   7.685626e-01
  4.242032e+00   2.398466e+01   7.596760e-01
  4.246720e+00   2.496690e+01   7.781048e-01
  4.251409e+00   2.456215e+01   7.750080e-01
  4.256097e+00   2.344304e+01   7.601139e-01
  4.260785e+00   2.404246e+01   7.728769e-01
  4.265473e+00   2.484381e+01   7.896314e-01
  4.270162e+00   2.596277e+01   8.112770e-01
  4.274850e+00   2.461185e+01   7.955489e-01
  4.279538e+00   2.592922e+01   8.202309e-01
  4.284226e+00   2.494340e+01   8.043751e-01
  4.288914e+00   2.489614e+01   8.061426e-01
  4.293603e+00   2.539745e+01   8.176910e-01
  4.298291e+00   2.493373e+01   8.137559e-01
  4.302979e+00   2.553636e+01   8.268756e-01
  4.307667e+00   2.489779e+01   8.200223e-01
  4.312356e+00   2.438589e+01   8.151492e-01
  4.317044e+00   2.488487e+01   8.268807e-01
  4.321732e+00   2.397156e+01   8.151596e-01
  4.326420e+00   2.410649e+01   8.211193e-01
  4.331109e+00   2.499702e+01   8.397279e-01
  4.335797e+00   2.531076e+01   8.487833e-01
  4.340485e+00   2.530642e+01   8.533415e-01
  4.345173e+00   2.415674e+01   8.369176e-01
  4.349861e+00   2.349865e+01   8.289495e-01
  4.354550e+00   2.436088e+01   8.479378e-01
  4.359238e+00   2.397108e+01   8.449601e-01
  4.363926e+00   2.599825e+01   8.840222e-01
  4.368614e+00   2.443439e+01   8.610107e-01
  4.373303e+00   2.284214e+01   8.364732e-01
  4.377991e+00   2.373298e+01   8.566141e-01
  4.382679e+00   2.355553e+01   8.574514e-01
  4.387367e+00   2.394419e+01   8.687553e-01
  4.392056e+00   2.528302e+01   8.969718e-01
  4.396744e+00   2.536630e+01   9.027867e-01
  4.401432e+00   2.587937e+01   9.173223e-01
  4.406120e+00   2.478597e+01   9.002686e-01
  4.410808e+00   2.412581e+01   8.888163e-01
  4.415497e+00   2.339566e+01   8.758463e-01
  4.420185e+00   2.453655e+01   8.975024e-01
  4.424873e+00   2.441419e+01   8.959427e-01
  4.429561e+00   2.392611e+01   8.875480e-01
  4.434250e+00   2.320647e+01   8.747045e-01
  4.438938e+00   2.489494e+01   9.066513e-01
  4.443626e+00   2.436000e+01   8.973629e-01
  4.448314e+00   2.433581e+01   8.990629e-01
  4.453002e+00   2.489540e+01   9.137147e-01
  4.457691e+00   2.556804e+01   9.306871e-01
  4.462379e+00   2.432825e+01   9.124255e-01
  4.467067e+00   2.514762e+01   9.323913e-01
  4.471755e+00   2.464657e+01   9.277979e-01
  4.476444e+00   2.283795e+01   8.977969e-01
  4.481132e+00   2.402466e+01   9.256546e-01
  4.485820e+00   2.458909e+01   9.414889e-01
  4.490508e+00   2.438479e+01   9.425526e-01
  4.495197e+00   2.533044e+01   9.658144e-01
  4.499885e+00   2.503098e+01   9.652852e-01
  4.504573e+00   2.565211e+01   9.825254e-01
  4.509261e+00   2.551131e+01   9.852688e-01
  4.513949e+00   2.501498e+01   9.811384e-01
  4.518638e+00   2.551359e+01   9.964669e-01
  4.523326e+00   2.442741e+01   9.806048e-01
  4.528014e+00   2.425812e+01   9.828031e-01
  4.532702e+00   2.525928e+01   1.008684e+00
  4.537391e+00   2.480809e+01   1.005474e+00
  4.542079e+00   2.515224e+01   1.018489e+00
  4.546767e+00   2.501987e+01   1.021910e+00
  4.551455e+00   2.641203e+01   1.056281e+00
  4.556144e+00   2.532389e+01   1.040599e+00
  4.560832e+00   2.481528e+01   1.036436e+00
  4.565520e+00   2.598112e+01   1.067098e+00
  4.570208e+00   2.579660e+01   1.070121e+00
  4.574896e+00   2.527938e+01   1.066172e+00
  4.579585e+00   2.475336e+01   1.061803e+00
  4.584273e+00   2.410467e+01   1.054611e+00
  4.588961e+00   2.452151e+01   1.070693e+00
  4.593649e+00   2.585294e+01   1.106698e+00
  4.598338e+00   2.619715e+01   1.121730e+00
  4.603026e+00   2.491578e+01   1.101422e+00
  4.607714e+00   2.401992e+01   1.088904e+00
  4.612402e+00   2.393097e+01   1.094481e+00
  4.617091e+00   2.446720e+01   1.114500e+00
  4.621779e+00   2.674077e+01   1.173647e+00
  4.626467e+00   2.481594e+01   1.138901e+00
  4.631155e+00   2.441479e+01   1.137970e+00
  4.635843e+00   2.586031e+01   1.179901e+00
  4.640532e+00   2.464400e+01   1.160520e+00
  4.645220e+00   2.569146e+01   1.194189e+00
  4.649908e+00   2.538715e+01   1.196417e+00
  4.654596e+00   2.438977e+01   1.181913e+00
  4.659285e+00   2.473211e+01   1.199697e+00
  4.663973e+00   2.417237e+01   1.195662e+00
  4.668661e+00   2.561406e+01   1.241229e+00
  4.673349e+00   2.580512e+01   1.256303e+00
  4.678037e+00   2.618173e+01   1.276186e+00
  4.682726e+00   2.395118e+01   1.231133e+00
  4.687414e+00   2.495362e+01   1.267770e+00
  4.692102e+00   2.336556e+01   1.237946e+00
  4.696790e+00   2.697725e+01   1.342237e+00
  4.701479e+00   2.628901e+01   1.337213e+00
  4.706167e+00   2.767274e+01   1.384813e+00
  4.710855e+00   2.538872e+01   1.339481e+00
  4.715543e+00   2.651325e+01   1.382181e+00
  4.720232e+00   2.546803e+01   1.368060e+00
  4.724920e+00   2.327972e+01   1.321139e+00
  4.729608e+00   2.395999e+01   1.354385e+00
  4.734296e+00   2.352898e+01   1.356412e+00
  4.738984e+00   2.404466e+01   1.385839e+00
  4.743673e+00   2.653980e+01   1.471846e+00
  4.748361e+00   2.681497e+01   1.496232e+00
  4.753049e+00   2.653596e+01   1.505695e+00
  4.757737e+00   2.652413e+01   1.522860e+00
  4.762426e+00   2.630294e+01   1.534519e+00
  4.767114e+00   2.639215e+01   1.556209e+00
  4.771802e+00   2.442595e+01   1.516278e+00
  4.776490e+00   2.496475e+01   1.552476e+00
  4.781179e+00   2.611341e+01   1.608546e+00
  4.785867e+00   2.426545e+01   1.571848e+00
  4.790555e+00   2.462841e+01   1.605785e+00
  4.795243e+00   2.425258e+01   1.616022e+00
  4.799931e+00   2.511357e+01   1.668365e+00
  4.804620e+00   2.363729e+01   1.643527e+00
  4.809308e+00   2.528357e+01   1.726308e+00
  4.813996e+00   2.468508e+01   1.732840e+00
  4.818684e+00   2.552457e+01   1.790904e+00
  4.823373e+00   2.582056e+01   1.833042e+00
  4.828061e+00   2.453888e+01   1.818692e+00
  4.832749e+00   2.655964e+01   1.926441e+00
  4.837437e+00   2.694536e+01   1.977340e+00
  4.842125e+00   2.550244e+01   1.962377e+00
  4.846814e+00   2.561975e+01   2.006803e+00
  4.851502e+00   2.508951e+01   2.027861e+00
  4.856190e+00   2.573850e+01   2.100678e+00
  4.860878e+00   2.439730e+01   2.092977e+00
  4.865567e+00   2.658499e+01   2.237521e+00
  4.870255e+00   2.563635e+01   2.254008e+00
  4.874943e+00   2.650191e+01   2.355780e+00
  4.879631e+00   2.398275e+01   2.304224e+00
  4.884320e+00   2.487640e+01   2.416850e+00
  4.889008e+00   2.082982e+01   2.284322e+00
  4.893696e+00   2.311654e+01   2.489083e+00
  4.898384e+00   2.738703e+01   2.807740e+00
  4.903072e+00   2.283055e+01   2.665716e+00
  4.907761e+00   2.125118e+01   2.717843e+00
  4.912449e+00   2.307526e+01   3.913165e+00
  4.917137e+00   1.876586e+01   9.701268e+00
