# [1] GI
# Sample c= 1.06 mg/ml
#
# Sample environment:
# Detector = Pilatus
# PixelSize_1 = 0.000172
# PixelSize_2 = 0.000172
#
# title = [1] GI
# Frame 63 of 120
# Time per frame (s) = 1.0
# SampleDistance = 2.869
# WaveLength = 9.919e-11
# Normalization = 0.001062898
# DiodeCurr = 8.652381e-05
# MachCurr = 68.69268
# Mask = /data/bm29/archive/CALIBRATION/MASK/BM29/Pcon_19thNovember2015_7keV_v3.edf
#
# N 3
# L q*nm  I_[1] GI  stddev
#
# Sample Information:
# Storage Temperature (degrees C): 20.0
# Measurement Temperature (degrees C): 20.08
# Concentration: 1.06
# Code: GI
  3.200246e-02   1.722090e+02   1.980114e+01
  3.669069e-02   5.532549e+02   1.611359e+01
  4.137892e-02   8.412554e+02   1.480162e+01
  4.606715e-02   8.030651e+02   1.197439e+01
  5.075538e-02   5.885166e+02   9.311454e+00
  5.544361e-02   4.647418e+02   7.644550e+00
  6.013183e-02   3.903260e+02   6.698102e+00
  6.482006e-02   3.532354e+02   6.113469e+00
  6.950829e-02   3.096310e+02   5.492003e+00
  7.419652e-02   2.802539e+02   5.015560e+00
  7.888475e-02   2.583878e+02   4.655578e+00
  8.357298e-02   2.489789e+02   4.433915e+00
  8.826121e-02   2.362422e+02   4.196696e+00
  9.294944e-02   2.245448e+02   3.971576e+00
  9.763767e-02   2.146778e+02   3.776237e+00
  1.023259e-01   2.064988e+02   3.615474e+00
  1.070141e-01   2.042285e+02   3.513392e+00
  1.117024e-01   2.032121e+02   3.425211e+00
  1.163906e-01   1.955493e+02   3.278657e+00
  1.210788e-01   1.891975e+02   3.161572e+00
  1.257670e-01   1.908459e+02   3.114316e+00
  1.304553e-01   1.857587e+02   3.018412e+00
  1.351435e-01   1.848677e+02   2.950500e+00
  1.398317e-01   1.839063e+02   2.892006e+00
  1.445200e-01   1.804148e+02   2.817082e+00
  1.492082e-01   1.803398e+02   2.771553e+00
  1.538964e-01   1.727572e+02   2.664907e+00
  1.585846e-01   1.763257e+02   2.649576e+00
  1.632729e-01   1.741177e+02   2.594694e+00
  1.679611e-01   1.730209e+02   2.550105e+00
  1.726493e-01   1.693300e+02   2.485377e+00
  1.773376e-01   1.707538e+02   2.458502e+00
  1.820258e-01   1.652761e+02   2.387686e+00
  1.867140e-01   1.650174e+02   2.355791e+00
  1.914022e-01   1.623820e+02   2.307400e+00
  1.960905e-01   1.645393e+02   2.290351e+00
  2.007787e-01   1.601664e+02   2.235607e+00
  2.054669e-01   1.623634e+02   2.225206e+00
  2.101552e-01   1.621453e+02   2.198800e+00
  2.148434e-01   1.585118e+02   2.146183e+00
  2.195316e-01   1.573684e+02   2.115076e+00
  2.242199e-01   1.562659e+02   2.085800e+00
  2.289081e-01   1.556308e+02   2.060215e+00
  2.335963e-01   1.539594e+02   2.026144e+00
  2.382845e-01   1.528306e+02   1.997449e+00
  2.429728e-01   1.505456e+02   1.963530e+00
  2.476610e-01   1.462601e+02   1.917147e+00
  2.523492e-01   1.485555e+02   1.913103e+00
  2.570375e-01   1.505635e+02   1.906246e+00
  2.617257e-01   1.486426e+02   1.877324e+00
  2.664139e-01   1.432082e+02   1.826620e+00
  2.711021e-01   1.417590e+02   1.801643e+00
  2.757904e-01   1.398641e+02   1.772394e+00
  2.804786e-01   1.393759e+02   1.755309e+00
  2.851668e-01   1.381875e+02   1.733643e+00
  2.898551e-01   1.360143e+02   1.705099e+00
  2.945433e-01   1.349369e+02   1.684650e+00
  2.992315e-01   1.356875e+02   1.713601e+00
  3.039197e-01   1.355878e+02   1.726504e+00
  3.086080e-01   1.312662e+02   1.703689e+00
  3.132962e-01   1.304448e+02   1.699236e+00
  3.179844e-01   1.295574e+02   1.693114e+00
  3.226727e-01   1.280109e+02   1.682932e+00
  3.273609e-01   1.262328e+02   1.669340e+00
  3.320491e-01   1.238444e+02   1.650502e+00
  3.367374e-01   1.225330e+02   1.637418e+00
  3.414256e-01   1.196934e+02   1.615045e+00
  3.461138e-01   1.193369e+02   1.609342e+00
  3.508020e-01   1.204730e+02   1.613096e+00
  3.554903e-01   1.185930e+02   1.594488e+00
  3.601785e-01   1.160475e+02   1.574273e+00
  3.648667e-01   1.167878e+02   1.590664e+00
  3.695550e-01   1.148452e+02   1.613105e+00
  3.742432e-01   1.125441e+02   1.614911e+00
  3.789314e-01   1.114356e+02   1.622114e+00
  3.836196e-01   1.089951e+02   1.614525e+00
  3.883079e-01   1.079096e+02   1.615192e+00
  3.929961e-01   1.047963e+02   1.606261e+00
  3.976843e-01   1.068042e+02   1.643612e+00
  4.023726e-01   1.063107e+02   1.656075e+00
  4.070608e-01   1.032806e+02   1.638954e+00
  4.117490e-01   1.010188e+02   1.624095e+00
  4.164372e-01   1.010215e+02   1.626845e+00
  4.211255e-01   9.942908e+01   1.617199e+00
  4.258137e-01   9.876868e+01   1.613180e+00
  4.305019e-01   9.805505e+01   1.605842e+00
  4.351902e-01   9.755072e+01   1.598405e+00
  4.398784e-01   9.560815e+01   1.580495e+00
  4.445666e-01   9.401456e+01   1.585222e+00
  4.492548e-01   9.390142e+01   1.638365e+00
  4.539431e-01   9.113609e+01   1.645125e+00
  4.586313e-01   8.972954e+01   1.656996e+00
  4.633195e-01   8.874404e+01   1.669911e+00
  4.680078e-01   8.702557e+01   1.673191e+00
  4.726960e-01   8.849935e+01   1.705336e+00
  4.773842e-01   8.753386e+01   1.712875e+00
  4.820725e-01   8.711877e+01   1.725230e+00
  4.867607e-01   8.530765e+01   1.723507e+00
  4.914489e-01   8.385882e+01   1.723727e+00
  4.961371e-01   8.362894e+01   1.735548e+00
  5.008254e-01   8.312885e+01   1.744572e+00
  5.055136e-01   8.109404e+01   1.737520e+00
  5.102018e-01   7.934801e+01   1.679297e+00
  5.148901e-01   7.921899e+01   1.619306e+00
  5.195783e-01   7.735268e+01   1.573224e+00
  5.242665e-01   7.670735e+01   1.548280e+00
  5.289547e-01   7.684595e+01   1.534947e+00
  5.336430e-01   7.364551e+01   1.489615e+00
  5.383312e-01   7.164168e+01   1.458525e+00
  5.430194e-01   7.192869e+01   1.452644e+00
  5.477077e-01   6.973780e+01   1.422409e+00
  5.523959e-01   6.934011e+01   1.410450e+00
  5.570841e-01   6.784516e+01   1.387543e+00
  5.617723e-01   6.743575e+01   1.377488e+00
  5.664606e-01   6.721121e+01   1.369157e+00
  5.711488e-01   6.548392e+01   1.346115e+00
  5.758370e-01   6.519524e+01   1.335647e+00
  5.805253e-01   6.331844e+01   1.308162e+00
  5.852135e-01   6.255138e+01   1.291888e+00
  5.899017e-01   6.239112e+01   1.281298e+00
  5.945900e-01   6.200993e+01   1.267126e+00
  5.992782e-01   5.949766e+01   1.233206e+00
  6.039664e-01   5.909266e+01   1.221784e+00
  6.086546e-01   6.014888e+01   1.225310e+00
  6.133429e-01   5.950209e+01   1.210839e+00
  6.180311e-01   5.665225e+01   1.174513e+00
  6.227193e-01   5.719308e+01   1.173607e+00
  6.274076e-01   5.688852e+01   1.165592e+00
  6.320958e-01   5.721037e+01   1.165630e+00
  6.367840e-01   5.582926e+01   1.148167e+00
  6.414722e-01   5.614769e+01   1.149121e+00
  6.461605e-01   5.261275e+01   1.109783e+00
  6.508487e-01   5.295843e+01   1.111038e+00
  6.555369e-01   5.255532e+01   1.103493e+00
  6.602252e-01   5.360768e+01   1.112126e+00
  6.649134e-01   5.138577e+01   1.086567e+00
  6.696016e-01   5.149039e+01   1.085414e+00
  6.742898e-01   5.153075e+01   1.082800e+00
  6.789781e-01   5.244391e+01   1.089977e+00
  6.836663e-01   5.131464e+01   1.075904e+00
  6.883545e-01   4.905246e+01   1.049970e+00
  6.930428e-01   4.704128e+01   1.025422e+00
  6.977310e-01   4.738773e+01   1.026854e+00
  7.024192e-01   4.672539e+01   1.017602e+00
  7.071074e-01   4.673040e+01   1.015709e+00
  7.117957e-01   4.653901e+01   1.011324e+00
  7.164839e-01   4.566674e+01   9.992066e-01
  7.211721e-01   4.565887e+01   9.972305e-01
  7.258604e-01   4.463010e+01   9.839207e-01
  7.305486e-01   4.469767e+01   9.829972e-01
  7.352368e-01   4.431769e+01   9.757947e-01
  7.399251e-01   4.334602e+01   9.634770e-01
  7.446133e-01   4.331444e+01   9.614024e-01
  7.493015e-01   4.187688e+01   9.442182e-01
  7.539897e-01   4.138752e+01   9.359626e-01
  7.586780e-01   4.113721e+01   9.307212e-01
  7.633662e-01   4.152940e+01   9.333087e-01
  7.680544e-01   4.108900e+01   9.267298e-01
  7.727427e-01   4.011256e+01   9.135746e-01
  7.774309e-01   4.051425e+01   9.160039e-01
  7.821191e-01   3.904422e+01   8.976637e-01
  7.868073e-01   3.905664e+01   8.962007e-01
  7.914956e-01   3.961972e+01   9.007064e-01
  7.961838e-01   4.021076e+01   9.053388e-01
  8.008720e-01   3.898633e+01   8.898123e-01
  8.055603e-01   3.911305e+01   8.895865e-01
  8.102485e-01   3.789573e+01   8.741714e-01
  8.149367e-01   3.680287e+01   8.592733e-01
  8.196249e-01   3.582545e+01   8.461760e-01
  8.243132e-01   3.778794e+01   8.676589e-01
  8.290014e-01   3.682214e+01   8.549107e-01
  8.336896e-01   3.581979e+01   8.412449e-01
  8.383779e-01   3.611576e+01   8.431027e-01
  8.430661e-01   3.721543e+01   8.543879e-01
  8.477543e-01   3.525063e+01   8.300052e-01
  8.524425e-01   3.648274e+01   8.427367e-01
  8.571308e-01   3.592788e+01   8.349549e-01
  8.618190e-01   3.634791e+01   8.381094e-01
  8.665072e-01   3.445015e+01   8.143259e-01
  8.711955e-01   3.438662e+01   8.121203e-01
  8.758837e-01   3.396038e+01   8.052416e-01
  8.805719e-01   3.386154e+01   8.026596e-01
  8.852602e-01   3.362056e+01   7.985196e-01
  8.899484e-01   3.331209e+01   7.935513e-01
  8.946366e-01   3.367600e+01   7.958441e-01
  8.993248e-01   3.359556e+01   7.937413e-01
  9.040131e-01   3.412185e+01   7.984731e-01
  9.087013e-01   3.266464e+01   7.800183e-01
  9.133895e-01   3.314046e+01   7.839398e-01
  9.180778e-01   3.335498e+01   7.851555e-01
  9.227660e-01   3.151436e+01   7.617568e-01
  9.274542e-01   3.190522e+01   7.653297e-01
  9.321424e-01   3.228921e+01   7.684723e-01
  9.368307e-01   3.148850e+01   7.572654e-01
  9.415189e-01   3.179028e+01   7.597070e-01
  9.462071e-01   3.185151e+01   7.592931e-01
  9.508954e-01   3.260766e+01   7.668143e-01
  9.555836e-01   3.192036e+01   7.571293e-01
  9.602718e-01   3.165305e+01   7.527453e-01
  9.649600e-01   3.170723e+01   7.521810e-01
  9.696483e-01   3.029430e+01   7.341261e-01
  9.743365e-01   3.161499e+01   7.482121e-01
  9.790247e-01   3.069358e+01   7.361678e-01
  9.837130e-01   3.096782e+01   7.382016e-01
  9.884012e-01   3.018556e+01   7.277079e-01
  9.930894e-01   2.998920e+01   7.239063e-01
  9.977777e-01   3.026315e+01   7.259173e-01
  1.002466e+00   3.060375e+01   7.288937e-01
  1.007154e+00   3.041445e+01   7.254516e-01
  1.011842e+00   3.003185e+01   7.196883e-01
  1.016531e+00   3.037114e+01   7.222921e-01
  1.021219e+00   3.072298e+01   7.253163e-01
  1.025907e+00   2.911463e+01   7.050958e-01
  1.030595e+00   2.913712e+01   7.042504e-01
  1.035283e+00   3.026674e+01   7.161724e-01
  1.039972e+00   3.001343e+01   7.122024e-01
  1.044660e+00   2.932266e+01   7.029645e-01
  1.049348e+00   2.988527e+01   7.084491e-01
  1.054036e+00   2.943256e+01   7.017254e-01
  1.058725e+00   2.841222e+01   6.884251e-01
  1.063413e+00   2.814467e+01   6.840919e-01
  1.068101e+00   2.941228e+01   6.983342e-01
  1.072789e+00   2.911172e+01   6.934534e-01
  1.077478e+00   2.924654e+01   6.939223e-01
  1.082166e+00   2.919847e+01   6.922735e-01
  1.086854e+00   2.868261e+01   6.851479e-01
  1.091542e+00   2.812020e+01   6.773736e-01
  1.096230e+00   2.875928e+01   6.836318e-01
  1.100919e+00   2.838516e+01   6.782246e-01
  1.105607e+00   2.806838e+01   6.735295e-01
  1.110295e+00   2.851212e+01   6.777697e-01
  1.114983e+00   2.839322e+01   6.752374e-01
  1.119672e+00   2.900778e+01   6.815365e-01
  1.124360e+00   2.928810e+01   6.836746e-01
  1.129048e+00   2.921005e+01   6.817373e-01
  1.133736e+00   2.810329e+01   6.674640e-01
  1.138425e+00   2.823341e+01   6.680031e-01
  1.143113e+00   2.830192e+01   6.678227e-01
  1.147801e+00   2.821052e+01   6.659069e-01
  1.152489e+00   2.804906e+01   6.627926e-01
  1.157177e+00   2.856118e+01   6.676772e-01
  1.161866e+00   2.867080e+01   6.681424e-01
  1.166554e+00   2.907194e+01   6.718200e-01
  1.171242e+00   2.809285e+01   6.593053e-01
  1.175930e+00   2.840279e+01   6.618860e-01
  1.180619e+00   2.868264e+01   6.641853e-01
  1.185307e+00   2.763379e+01   6.509836e-01
  1.189995e+00   2.777165e+01   6.517786e-01
  1.194683e+00   2.793989e+01   6.524785e-01
  1.199372e+00   2.730992e+01   6.441953e-01
  1.204060e+00   2.907504e+01   6.639634e-01
  1.208748e+00   2.833562e+01   6.549302e-01
  1.213436e+00   2.778577e+01   6.470506e-01
  1.218124e+00   2.723271e+01   6.394987e-01
  1.222813e+00   2.820349e+01   6.498776e-01
  1.227501e+00   2.807929e+01   6.476774e-01
  1.232189e+00   2.803140e+01   6.460392e-01
  1.236877e+00   2.745126e+01   6.382444e-01
  1.241566e+00   2.834310e+01   6.477556e-01
  1.246254e+00   2.791671e+01   6.420386e-01
  1.250942e+00   2.881489e+01   6.665838e-01
  1.255630e+00   2.738827e+01   6.674623e-01
  1.260318e+00   2.743966e+01   6.792461e-01
  1.265007e+00   2.762556e+01   6.905674e-01
  1.269695e+00   2.785082e+01   7.013032e-01
  1.274383e+00   2.741730e+01   7.028815e-01
  1.279071e+00   2.838725e+01   7.221046e-01
  1.283760e+00   2.792532e+01   7.225216e-01
  1.288448e+00   2.859443e+01   7.372284e-01
  1.293136e+00   2.756350e+01   7.295377e-01
  1.297824e+00   2.795244e+01   7.401795e-01
  1.302513e+00   2.864446e+01   7.537461e-01
  1.307201e+00   2.767476e+01   7.430108e-01
  1.311889e+00   2.777506e+01   7.450353e-01
  1.316577e+00   2.800001e+01   7.192972e-01
  1.321265e+00   2.838963e+01   7.063208e-01
  1.325954e+00   2.864228e+01   6.980268e-01
  1.330642e+00   2.886519e+01   6.918228e-01
  1.335330e+00   2.696393e+01   6.613482e-01
  1.340018e+00   2.805705e+01   6.683520e-01
  1.344707e+00   2.754479e+01   6.566759e-01
  1.349395e+00   2.751783e+01   6.514863e-01
  1.354083e+00   2.797972e+01   6.519501e-01
  1.358771e+00   2.769080e+01   6.442711e-01
  1.363460e+00   2.745685e+01   6.380377e-01
  1.368148e+00   2.723197e+01   6.336278e-01
  1.372836e+00   2.690742e+01   6.281329e-01
  1.377524e+00   2.693057e+01   6.269697e-01
  1.382212e+00   2.692707e+01   6.256914e-01
  1.386901e+00   2.692195e+01   6.243246e-01
  1.391589e+00   2.776460e+01   6.326150e-01
  1.396277e+00   2.746839e+01   6.279064e-01
  1.400965e+00   2.723417e+01   6.240719e-01
  1.405654e+00   2.734598e+01   6.242135e-01
  1.410342e+00   2.715261e+01   6.208508e-01
  1.415030e+00   2.724003e+01   6.204839e-01
  1.419718e+00   2.841984e+01   6.327145e-01
  1.424406e+00   2.707405e+01   6.165991e-01
  1.429095e+00   2.843235e+01   6.307669e-01
  1.433783e+00   2.863611e+01   6.316832e-01
  1.438471e+00   2.764203e+01   6.196626e-01
  1.443159e+00   2.706332e+01   6.122035e-01
  1.447848e+00   2.730325e+01   6.139045e-01
  1.452536e+00   2.731103e+01   6.128368e-01
  1.457224e+00   2.709619e+01   6.094439e-01
  1.461912e+00   2.809048e+01   6.196162e-01
  1.466601e+00   2.740536e+01   6.110828e-01
  1.471289e+00   2.674788e+01   6.026814e-01
  1.475977e+00   2.703332e+01   6.051862e-01
  1.480665e+00   2.748298e+01   6.090215e-01
  1.485353e+00   2.758176e+01   6.188045e-01
  1.490042e+00   2.730664e+01   6.346061e-01
  1.494730e+00   2.744272e+01   6.474130e-01
  1.499418e+00   2.724927e+01   6.534246e-01
  1.504106e+00   2.752679e+01   6.643375e-01
  1.508795e+00   2.691410e+01   6.638748e-01
  1.513483e+00   2.717308e+01   6.501575e-01
  1.518171e+00   2.809974e+01   6.463791e-01
  1.522859e+00   2.793502e+01   6.356314e-01
  1.527548e+00   2.779135e+01   6.272175e-01
  1.532236e+00   2.787758e+01   6.221729e-01
  1.536924e+00   2.662400e+01   6.031889e-01
  1.541612e+00   2.666832e+01   6.005038e-01
  1.546300e+00   2.635294e+01   5.955009e-01
  1.550989e+00   2.689108e+01   5.994075e-01
  1.555677e+00   2.765254e+01   6.047335e-01
  1.560365e+00   2.580775e+01   5.814832e-01
  1.565053e+00   2.670174e+01   5.887447e-01
  1.569742e+00   2.750044e+01   5.950665e-01
  1.574430e+00   2.762306e+01   5.951376e-01
  1.579118e+00   2.655689e+01   5.839753e-01
  1.583806e+00   2.671937e+01   5.864283e-01
  1.588495e+00   2.742845e+01   5.948560e-01
  1.593183e+00   2.707603e+01   5.913014e-01
  1.597871e+00   2.691496e+01   5.891762e-01
  1.602559e+00   2.655682e+01   5.843860e-01
  1.607247e+00   2.625372e+01   5.801218e-01
  1.611936e+00   2.681599e+01   5.851797e-01
  1.616624e+00   2.695199e+01   5.858366e-01
  1.621312e+00   2.644004e+01   5.794080e-01
  1.626000e+00   2.701189e+01   5.847538e-01
  1.630689e+00   2.664098e+01   5.797929e-01
  1.635377e+00   2.649763e+01   5.773748e-01
  1.640065e+00   2.745044e+01   5.868071e-01
  1.644753e+00   2.708638e+01   5.821079e-01
  1.649441e+00   2.722949e+01   5.828159e-01
  1.654130e+00   2.616993e+01   5.704511e-01
  1.658818e+00   2.684043e+01   5.769007e-01
  1.663506e+00   2.706436e+01   5.785443e-01
  1.668194e+00   2.655488e+01   5.723537e-01
  1.672883e+00   2.678559e+01   5.738404e-01
  1.677571e+00   2.642375e+01   5.692075e-01
  1.682259e+00   2.623042e+01   5.664417e-01
  1.686947e+00   2.590255e+01   5.621766e-01
  1.691636e+00   2.528026e+01   5.544754e-01
  1.696324e+00   2.624881e+01   5.642408e-01
  1.701012e+00   2.629329e+01   5.640326e-01
  1.705700e+00   2.678208e+01   5.685791e-01
  1.710388e+00   2.666429e+01   5.664864e-01
  1.715077e+00   2.679957e+01   5.671263e-01
  1.719765e+00   2.657826e+01   5.640807e-01
  1.724453e+00   2.660241e+01   5.636952e-01
  1.729141e+00   2.675218e+01   5.645321e-01
  1.733830e+00   2.676501e+01   5.638000e-01
  1.738518e+00   2.647700e+01   5.601242e-01
  1.743206e+00   2.592978e+01   5.536400e-01
  1.747894e+00   2.624042e+01   5.563574e-01
  1.752583e+00   2.565759e+01   5.495505e-01
  1.757271e+00   2.686856e+01   5.615047e-01
  1.761959e+00   2.634884e+01   5.553062e-01
  1.766647e+00   2.635058e+01   5.546319e-01
  1.771335e+00   2.625500e+01   5.528716e-01
  1.776024e+00   2.670382e+01   5.568745e-01
  1.780712e+00   2.664395e+01   5.555881e-01
  1.785400e+00   2.617310e+01   5.500517e-01
  1.790088e+00   2.690364e+01   5.569904e-01
  1.794777e+00   2.579139e+01   5.445918e-01
  1.799465e+00   2.662390e+01   5.526312e-01
  1.804153e+00   2.741806e+01   5.602863e-01
  1.808841e+00   2.592762e+01   5.441917e-01
  1.813530e+00   2.598690e+01   5.439791e-01
  1.818218e+00   2.675110e+01   5.513263e-01
  1.822906e+00   2.719844e+01   5.553710e-01
  1.827594e+00   2.653257e+01   5.479128e-01
  1.832282e+00   2.544734e+01   5.357090e-01
  1.836971e+00   2.568206e+01   5.376722e-01
  1.841659e+00   2.627538e+01   5.432960e-01
  1.846347e+00   2.693113e+01   5.493902e-01
  1.851035e+00   2.699516e+01   5.492410e-01
  1.855724e+00   2.630817e+01   5.416557e-01
  1.860412e+00   2.633175e+01   5.413400e-01
  1.865100e+00   2.616248e+01   5.389742e-01
  1.869788e+00   2.638047e+01   5.404865e-01
  1.874476e+00   2.658495e+01   5.419697e-01
  1.879165e+00   2.598964e+01   5.353342e-01
  1.883853e+00   2.683875e+01   5.433801e-01
  1.888541e+00   2.612537e+01   5.354725e-01
  1.893229e+00   2.655226e+01   5.394527e-01
  1.897918e+00   2.611922e+01   5.344102e-01
  1.902606e+00   2.626496e+01   5.351043e-01
  1.907294e+00   2.619400e+01   5.338511e-01
  1.911982e+00   2.595419e+01   5.306401e-01
  1.916671e+00   2.581593e+01   5.286979e-01
  1.921359e+00   2.625174e+01   5.325958e-01
  1.926047e+00   2.620085e+01   5.315422e-01
  1.930735e+00   2.647281e+01   5.335506e-01
  1.935423e+00   2.623374e+01   5.305935e-01
  1.940112e+00   2.600039e+01   5.275843e-01
  1.944800e+00   2.666380e+01   5.330772e-01
  1.949488e+00   2.696104e+01   5.346650e-01
  1.954176e+00   2.663963e+01   5.302941e-01
  1.958865e+00   2.549307e+01   5.176099e-01
  1.963553e+00   2.556537e+01   5.174336e-01
  1.968241e+00   2.621543e+01   5.234418e-01
  1.972929e+00   2.577628e+01   5.183885e-01
  1.977618e+00   2.630271e+01   5.232345e-01
  1.982306e+00   2.587255e+01   5.186504e-01
  1.986994e+00   2.624108e+01   5.222537e-01
  1.991682e+00   2.534395e+01   5.132887e-01
  1.996370e+00   2.581973e+01   5.182248e-01
  2.001059e+00   2.600046e+01   5.201948e-01
  2.005747e+00   2.563261e+01   5.163372e-01
  2.010435e+00   2.520442e+01   5.111788e-01
  2.015123e+00   2.610760e+01   5.197047e-01
  2.019812e+00   2.621381e+01   5.202502e-01
  2.024500e+00   2.627509e+01   5.204011e-01
  2.029188e+00   2.592077e+01   5.162454e-01
  2.033876e+00   2.554620e+01   5.119318e-01
  2.038565e+00   2.579716e+01   5.138998e-01
  2.043253e+00   2.589369e+01   5.144750e-01
  2.047941e+00   2.583885e+01   5.133383e-01
  2.052629e+00   2.535097e+01   5.097007e-01
  2.057317e+00   2.568341e+01   5.280238e-01
  2.062006e+00   2.556082e+01   5.363273e-01
  2.066694e+00   2.602624e+01   5.483831e-01
  2.071382e+00   2.542525e+01   5.478336e-01
  2.076070e+00   2.599279e+01   5.593166e-01
  2.080759e+00   2.637515e+01   5.684276e-01
  2.085447e+00   2.567438e+01   5.651371e-01
  2.090135e+00   2.561606e+01   5.666222e-01
  2.094823e+00   2.576603e+01   5.699036e-01
  2.099511e+00   2.628663e+01   5.772547e-01
  2.104200e+00   2.597058e+01   5.752626e-01
  2.108888e+00   2.490621e+01   5.646048e-01
  2.113576e+00   2.535851e+01   5.709652e-01
  2.118264e+00   2.631859e+01   5.760029e-01
  2.122953e+00   2.620564e+01   5.565659e-01
  2.127641e+00   2.623889e+01   5.477004e-01
  2.132329e+00   2.568468e+01   5.353034e-01
  2.137017e+00   2.561414e+01   5.295231e-01
  2.141706e+00   2.628973e+01   5.320191e-01
  2.146394e+00   2.641102e+01   5.293441e-01
  2.151082e+00   2.630879e+01   5.254105e-01
  2.155770e+00   2.533884e+01   5.145104e-01
  2.160458e+00   2.574162e+01   5.173818e-01
  2.165147e+00   2.595670e+01   5.184538e-01
  2.169835e+00   2.592210e+01   5.168990e-01
  2.174523e+00   2.578262e+01   5.146074e-01
  2.179211e+00   2.631914e+01   5.190098e-01
  2.183900e+00   2.599802e+01   5.149252e-01
  2.188588e+00   2.608030e+01   5.147955e-01
  2.193276e+00   2.542398e+01   5.074281e-01
  2.197964e+00   2.570749e+01   5.095038e-01
  2.202653e+00   2.607989e+01   5.123689e-01
  2.207341e+00   2.576250e+01   5.084410e-01
  2.212029e+00   2.586225e+01   5.086365e-01
  2.216717e+00   2.508946e+01   5.003234e-01
  2.221405e+00   2.549806e+01   5.036371e-01
  2.226094e+00   2.651237e+01   5.128521e-01
  2.230782e+00   2.643646e+01   5.113851e-01
  2.235470e+00   2.561980e+01   5.027567e-01
  2.240158e+00   2.577340e+01   5.036068e-01
  2.244847e+00   2.630211e+01   5.081471e-01
  2.249535e+00   2.562837e+01   5.008457e-01
  2.254223e+00   2.583768e+01   5.022358e-01
  2.258911e+00   2.587912e+01   5.020802e-01
  2.263600e+00   2.556351e+01   4.984295e-01
  2.268288e+00   2.512017e+01   4.934045e-01
  2.272976e+00   2.509201e+01   4.924843e-01
  2.277664e+00   2.553122e+01   4.962515e-01
  2.282352e+00   2.576061e+01   4.979301e-01
  2.287041e+00   2.572333e+01   4.969546e-01
  2.291729e+00   2.542316e+01   4.933571e-01
  2.296417e+00   2.484415e+01   4.872510e-01
  2.301105e+00   2.582457e+01   4.962204e-01
  2.305794e+00   2.599410e+01   4.972808e-01
  2.310482e+00   2.534523e+01   4.903577e-01
  2.315170e+00   2.581783e+01   4.944516e-01
  2.319858e+00   2.526101e+01   4.885819e-01
  2.324546e+00   2.568686e+01   4.921305e-01
  2.329235e+00   2.578503e+01   4.924105e-01
  2.333923e+00   2.586843e+01   4.927467e-01
  2.338611e+00   2.503727e+01   4.842724e-01
  2.343299e+00   2.615004e+01   4.944086e-01
  2.347988e+00   2.678638e+01   4.997208e-01
  2.352676e+00   2.662285e+01   4.977357e-01
  2.357364e+00   2.658714e+01   4.969037e-01
  2.362052e+00   2.617002e+01   4.924718e-01
  2.366741e+00   2.545473e+01   4.851439e-01
  2.371429e+00   2.480127e+01   4.783606e-01
  2.376117e+00   2.505743e+01   4.803878e-01
  2.380805e+00   2.615683e+01   4.902949e-01
  2.385493e+00   2.606420e+01   4.889048e-01
  2.390182e+00   2.523537e+01   4.805719e-01
  2.394870e+00   2.577814e+01   4.851879e-01
  2.399558e+00   2.642485e+01   4.908268e-01
  2.404246e+00   2.531965e+01   4.799415e-01
  2.408935e+00   2.589068e+01   4.847902e-01
  2.413623e+00   2.579751e+01   4.834335e-01
  2.418311e+00   2.578133e+01   4.828319e-01
  2.422999e+00   2.608631e+01   4.852804e-01
  2.427688e+00   2.593839e+01   4.832684e-01
  2.432376e+00   2.572330e+01   4.808494e-01
  2.437064e+00   2.637835e+01   4.864282e-01
  2.441752e+00   2.630587e+01   4.854269e-01
  2.446440e+00   2.563230e+01   4.785443e-01
  2.451129e+00   2.569136e+01   4.786690e-01
  2.455817e+00   2.557804e+01   4.772534e-01
  2.460505e+00   2.595188e+01   4.803289e-01
  2.465193e+00   2.606696e+01   4.807693e-01
  2.469882e+00   2.540137e+01   4.741019e-01
  2.474570e+00   2.547583e+01   4.743782e-01
  2.479258e+00   2.490022e+01   4.686086e-01
  2.483946e+00   2.484461e+01   4.676220e-01
  2.488634e+00   2.609035e+01   4.786558e-01
  2.493323e+00   2.606991e+01   4.780761e-01
  2.498011e+00   2.588306e+01   4.759653e-01
  2.502699e+00   2.519966e+01   4.691818e-01
  2.507387e+00   2.536238e+01   4.701856e-01
  2.512076e+00   2.577106e+01   4.735355e-01
  2.516764e+00   2.577642e+01   4.732094e-01
  2.521452e+00   2.596032e+01   4.744528e-01
  2.526140e+00   2.577994e+01   4.723004e-01
  2.530829e+00   2.536902e+01   4.680856e-01
  2.535517e+00   2.554683e+01   4.690924e-01
  2.540205e+00   2.605013e+01   4.727700e-01
  2.544893e+00   2.622443e+01   4.733191e-01
  2.549581e+00   2.539836e+01   4.649807e-01
  2.554270e+00   2.645644e+01   4.741168e-01
  2.558958e+00   2.617816e+01   4.712089e-01
  2.563646e+00   2.560524e+01   4.656143e-01
  2.568334e+00   2.565016e+01   4.655451e-01
  2.573023e+00   2.531475e+01   4.621129e-01
  2.577711e+00   2.495513e+01   4.584340e-01
  2.582399e+00   2.536908e+01   4.618401e-01
  2.587087e+00   2.479375e+01   4.562648e-01
  2.591776e+00   2.470341e+01   4.554966e-01
  2.596464e+00   2.549915e+01   4.629482e-01
  2.601152e+00   2.518286e+01   4.601312e-01
  2.605840e+00   2.509370e+01   4.588981e-01
  2.610528e+00   2.477907e+01   4.556093e-01
  2.615217e+00   2.444733e+01   4.521904e-01
  2.619905e+00   2.481845e+01   4.552921e-01
  2.624593e+00   2.471181e+01   4.537929e-01
  2.629281e+00   2.534182e+01   4.591679e-01
  2.633970e+00   2.539571e+01   4.592614e-01
  2.638658e+00   2.571460e+01   4.618171e-01
  2.643346e+00   2.493040e+01   4.542649e-01
  2.648034e+00   2.549928e+01   4.590651e-01
  2.652723e+00   2.540686e+01   4.578521e-01
  2.657411e+00   2.487130e+01   4.525954e-01
  2.662099e+00   2.424447e+01   4.464571e-01
  2.666787e+00   2.514138e+01   4.541711e-01
  2.671475e+00   2.545166e+01   4.565968e-01
  2.676164e+00   2.520787e+01   4.541196e-01
  2.680852e+00   2.494287e+01   4.514112e-01
  2.685540e+00   2.548885e+01   4.557977e-01
  2.690228e+00   2.472865e+01   4.485294e-01
  2.694917e+00   2.505619e+01   4.512731e-01
  2.699605e+00   2.595993e+01   4.589616e-01
  2.704293e+00   2.534805e+01   4.529667e-01
  2.708981e+00   2.552766e+01   4.541988e-01
  2.713669e+00   2.612213e+01   4.591470e-01
  2.718358e+00   2.503945e+01   4.491531e-01
  2.723046e+00   2.436924e+01   4.426766e-01
  2.727734e+00   2.509003e+01   4.487772e-01
  2.732422e+00   2.448080e+01   4.429972e-01
  2.737111e+00   2.495012e+01   4.468660e-01
  2.741799e+00   2.521254e+01   4.487981e-01
  2.746487e+00   2.516219e+01   4.479369e-01
  2.751175e+00   2.573690e+01   4.527074e-01
  2.755864e+00   2.498008e+01   4.456607e-01
  2.760552e+00   2.568909e+01   4.515458e-01
  2.765240e+00   2.537865e+01   4.483876e-01
  2.769928e+00   2.549108e+01   4.490396e-01
  2.774616e+00   2.535269e+01   4.475273e-01
  2.779305e+00   2.530308e+01   4.466867e-01
  2.783993e+00   2.528951e+01   4.461545e-01
  2.788681e+00   2.552156e+01   4.478758e-01
  2.793369e+00   2.583613e+01   4.503990e-01
  2.798058e+00   2.555908e+01   4.475084e-01
  2.802746e+00   2.563803e+01   4.479932e-01
  2.807434e+00   2.600302e+01   4.509160e-01
  2.812122e+00   2.508106e+01   4.422505e-01
  2.816811e+00   2.445638e+01   4.364158e-01
  2.821499e+00   2.494563e+01   4.403287e-01
  2.826187e+00   2.514934e+01   4.417249e-01
  2.830875e+00   2.461183e+01   4.366521e-01
  2.835563e+00   2.509183e+01   4.405875e-01
  2.840252e+00   2.502102e+01   4.395166e-01
  2.844940e+00   2.562597e+01   4.444842e-01
  2.849628e+00   2.471690e+01   4.361914e-01
  2.854316e+00   2.513907e+01   4.395844e-01
  2.859005e+00   2.567509e+01   4.517213e-01
  2.863693e+00   2.575524e+01   4.623490e-01
  2.868381e+00   2.522950e+01   4.636465e-01
  2.873069e+00   2.528475e+01   4.691863e-01
  2.877758e+00   2.476225e+01   4.683620e-01
  2.882446e+00   2.481517e+01   4.717853e-01
  2.887134e+00   2.504516e+01   4.755395e-01
  2.891822e+00   2.472686e+01   4.738870e-01
  2.896510e+00   2.569250e+01   4.843908e-01
  2.901199e+00   2.558347e+01   4.844937e-01
  2.905887e+00   2.495841e+01   4.797360e-01
  2.910575e+00   2.538280e+01   4.848646e-01
  2.915263e+00   2.537590e+01   4.857922e-01
  2.919952e+00   2.579799e+01   4.903678e-01
  2.924640e+00   2.531240e+01   4.726021e-01
  2.929328e+00   2.470981e+01   4.586894e-01
  2.934016e+00   2.435567e+01   4.501805e-01
  2.938704e+00   2.464464e+01   4.487543e-01
  2.943393e+00   2.523213e+01   4.507978e-01
  2.948081e+00   2.528513e+01   4.495128e-01
  2.952769e+00   2.524518e+01   4.480388e-01
  2.957457e+00   2.540872e+01   4.485798e-01
  2.962146e+00   2.551335e+01   4.485426e-01
  2.966834e+00   2.556663e+01   4.483153e-01
  2.971522e+00   2.563344e+01   4.480209e-01
  2.976210e+00   2.586903e+01   4.493746e-01
  2.980899e+00   2.527377e+01   4.434319e-01
  2.985587e+00   2.565244e+01   4.460645e-01
  2.990275e+00   2.525150e+01   4.419255e-01
  2.994963e+00   2.531926e+01   4.419844e-01
  2.999651e+00   2.530398e+01   4.412161e-01
  3.004340e+00   2.516425e+01   4.394033e-01
  3.009028e+00   2.468537e+01   4.346560e-01
  3.013716e+00   2.527501e+01   4.393327e-01
  3.018404e+00   2.562186e+01   4.418004e-01
  3.023093e+00   2.591140e+01   4.437266e-01
  3.027781e+00   2.547486e+01   4.394595e-01
  3.032469e+00   2.535933e+01   4.380187e-01
  3.037157e+00   2.499254e+01   4.343982e-01
  3.041846e+00   2.493972e+01   4.333894e-01
  3.046534e+00   2.533442e+01   4.363257e-01
  3.051222e+00   2.570749e+01   4.392061e-01
  3.055910e+00   2.548078e+01   4.368519e-01
  3.060598e+00   2.564167e+01   4.375893e-01
  3.065287e+00   2.521770e+01   4.335557e-01
  3.069975e+00   2.527176e+01   4.336086e-01
  3.074663e+00   2.540721e+01   4.344077e-01
  3.079351e+00   2.554502e+01   4.350914e-01
  3.084040e+00   2.585500e+01   4.372546e-01
  3.088728e+00   2.561166e+01   4.348278e-01
  3.093416e+00   2.543296e+01   4.330766e-01
  3.098104e+00   2.542626e+01   4.325492e-01
  3.102793e+00   2.519864e+01   4.301565e-01
  3.107481e+00   2.513649e+01   4.292554e-01
  3.112169e+00   2.448789e+01   4.232690e-01
  3.116857e+00   2.499189e+01   4.271737e-01
  3.121545e+00   2.539594e+01   4.301754e-01
  3.126234e+00   2.582336e+01   4.334208e-01
  3.130922e+00   2.528518e+01   4.285746e-01
  3.135610e+00   2.530446e+01   4.283462e-01
  3.140298e+00   2.501957e+01   4.257262e-01
  3.144987e+00   2.495302e+01   4.248119e-01
  3.149675e+00   2.522175e+01   4.265144e-01
  3.154363e+00   2.516954e+01   4.257466e-01
  3.159051e+00   2.599353e+01   4.321910e-01
  3.163739e+00   2.528744e+01   4.259204e-01
  3.168428e+00   2.542429e+01   4.267943e-01
  3.173116e+00   2.534695e+01   4.258594e-01
  3.177804e+00   2.554120e+01   4.270209e-01
  3.182492e+00   2.532064e+01   4.248081e-01
  3.187181e+00   2.515260e+01   4.230764e-01
  3.191869e+00   2.538882e+01   4.247210e-01
  3.196557e+00   2.531251e+01   4.236869e-01
  3.201245e+00   2.513778e+01   4.218700e-01
  3.205934e+00   2.485473e+01   4.191682e-01
  3.210622e+00   2.506617e+01   4.206766e-01
  3.215310e+00   2.496376e+01   4.193997e-01
  3.219998e+00   2.488449e+01   4.182450e-01
  3.224686e+00   2.465157e+01   4.156065e-01
  3.229375e+00   2.526235e+01   4.199363e-01
  3.234063e+00   2.482347e+01   4.157580e-01
  3.238751e+00   2.496412e+01   4.165757e-01
  3.243439e+00   2.513305e+01   4.176531e-01
  3.248128e+00   2.491872e+01   4.155924e-01
  3.252816e+00   2.489883e+01   4.151087e-01
  3.257504e+00   2.493885e+01   4.150490e-01
  3.262192e+00   2.512324e+01   4.163022e-01
  3.266881e+00   2.557289e+01   4.196989e-01
  3.271569e+00   2.585692e+01   4.217210e-01
  3.276257e+00   2.432323e+01   4.087238e-01
  3.280945e+00   2.468250e+01   4.117971e-01
  3.285633e+00   2.497612e+01   4.143829e-01
  3.290322e+00   2.479798e+01   4.128624e-01
  3.295010e+00   2.522180e+01   4.160269e-01
  3.299698e+00   2.530879e+01   4.164299e-01
  3.304386e+00   2.531082e+01   4.161223e-01
  3.309075e+00   2.475384e+01   4.112666e-01
  3.313763e+00   2.557768e+01   4.177091e-01
  3.318451e+00   2.514135e+01   4.137858e-01
  3.323139e+00   2.470463e+01   4.099132e-01
  3.327828e+00   2.517773e+01   4.134928e-01
  3.332516e+00   2.513026e+01   4.128486e-01
  3.337204e+00   2.529005e+01   4.137703e-01
  3.341892e+00   2.500114e+01   4.111993e-01
  3.346580e+00   2.499487e+01   4.108452e-01
  3.351269e+00   2.528897e+01   4.129105e-01
  3.355957e+00   2.543299e+01   4.145692e-01
  3.360645e+00   2.542369e+01   4.246395e-01
  3.365333e+00   2.526692e+01   4.300290e-01
  3.370022e+00   2.486543e+01   4.312766e-01
  3.374710e+00   2.498992e+01   4.344856e-01
  3.379398e+00   2.492269e+01   4.355202e-01
  3.384086e+00   2.520600e+01   4.394078e-01
  3.388774e+00   2.443221e+01   4.330978e-01
  3.393463e+00   2.527306e+01   4.401174e-01
  3.398151e+00   2.489515e+01   4.372398e-01
  3.402839e+00   2.473594e+01   4.368050e-01
  3.407527e+00   2.471136e+01   4.375565e-01
  3.412216e+00   2.589322e+01   4.487495e-01
  3.416904e+00   2.536537e+01   4.449826e-01
  3.421592e+00   2.499814e+01   4.425977e-01
  3.426280e+00   2.433303e+01   4.373906e-01
  3.430969e+00   2.485034e+01   4.427972e-01
  3.435657e+00   2.528564e+01   4.474065e-01
  3.440345e+00   2.505350e+01   4.459186e-01
  3.445033e+00   2.509268e+01   4.469520e-01
  3.449721e+00   2.516522e+01   4.483319e-01
  3.454410e+00   2.515058e+01   4.487081e-01
  3.459098e+00   2.499600e+01   4.479082e-01
  3.463786e+00   2.596189e+01   4.570610e-01
  3.468474e+00   2.606390e+01   4.585509e-01
  3.473163e+00   2.516944e+01   4.510965e-01
  3.477851e+00   2.469745e+01   4.474073e-01
  3.482539e+00   2.492895e+01   4.502008e-01
  3.487227e+00   2.473231e+01   4.487022e-01
  3.491916e+00   2.503314e+01   4.519584e-01
  3.496604e+00   2.499061e+01   4.520327e-01
  3.501292e+00   2.579354e+01   4.597043e-01
  3.505980e+00   2.574058e+01   4.597182e-01
  3.510668e+00   2.498498e+01   4.533704e-01
  3.515357e+00   2.481209e+01   4.521824e-01
  3.520045e+00   2.528908e+01   4.570153e-01
  3.524733e+00   2.516429e+01   4.562705e-01
  3.529421e+00   2.557178e+01   4.603358e-01
  3.534110e+00   2.492511e+01   4.549351e-01
  3.538798e+00   2.491452e+01   4.551917e-01
  3.543486e+00   2.492177e+01   4.556584e-01
  3.548174e+00   2.571533e+01   4.632655e-01
  3.552863e+00   2.563266e+01   4.628772e-01
  3.557551e+00   2.508506e+01   4.582523e-01
  3.562239e+00   2.473910e+01   4.554905e-01
  3.566927e+00   2.490435e+01   4.573597e-01
  3.571615e+00   2.467863e+01   4.556033e-01
  3.576304e+00   2.475554e+01   4.566380e-01
  3.580992e+00   2.457267e+01   4.552350e-01
  3.585680e+00   2.431624e+01   4.525897e-01
  3.590368e+00   2.496975e+01   4.581998e-01
  3.595057e+00   2.481067e+01   4.563310e-01
  3.599745e+00   2.488476e+01   4.566146e-01
  3.604433e+00   2.514651e+01   4.587335e-01
  3.609121e+00   2.473293e+01   4.554189e-01
  3.613809e+00   2.507449e+01   4.586171e-01
  3.618498e+00   2.457274e+01   4.542434e-01
  3.623186e+00   2.480722e+01   4.567302e-01
  3.627874e+00   2.460592e+01   4.551511e-01
  3.632562e+00   2.525704e+01   4.613765e-01
  3.637251e+00   2.499451e+01   4.592846e-01
  3.641939e+00   2.447452e+01   4.547409e-01
  3.646627e+00   2.520771e+01   4.618162e-01
  3.651315e+00   2.460825e+01   4.565144e-01
  3.656004e+00   2.425465e+01   4.536805e-01
  3.660692e+00   2.540408e+01   4.714774e-01
  3.665380e+00   2.497866e+01   4.842375e-01
  3.670068e+00   2.472989e+01   4.901469e-01
  3.674756e+00   2.483401e+01   4.989094e-01
  3.679445e+00   2.546709e+01   5.112714e-01
  3.684133e+00   2.505072e+01   5.105386e-01
  3.688821e+00   2.510766e+01   5.142747e-01
  3.693509e+00   2.482116e+01   5.143590e-01
  3.698198e+00   2.530515e+01   5.221894e-01
  3.702886e+00   2.525534e+01   5.245247e-01
  3.707574e+00   2.440441e+01   5.181935e-01
  3.712262e+00   2.470131e+01   5.239796e-01
  3.716951e+00   2.439071e+01   5.231487e-01
  3.721639e+00   2.420907e+01   5.236797e-01
  3.726327e+00   2.429445e+01   5.269642e-01
  3.731015e+00   2.525039e+01   5.397000e-01
  3.735703e+00   2.479328e+01   5.371144e-01
  3.740392e+00   2.500722e+01   5.418147e-01
  3.745080e+00   2.515620e+01   5.456857e-01
  3.749768e+00   2.550606e+01   5.518065e-01
  3.754456e+00   2.450665e+01   5.431061e-01
  3.759145e+00   2.436787e+01   5.438075e-01
  3.763833e+00   2.450727e+01   5.475368e-01
  3.768521e+00   2.494274e+01   5.546094e-01
  3.773209e+00   2.467573e+01   5.537843e-01
  3.777897e+00   2.482586e+01   5.576659e-01
  3.782586e+00   2.426784e+01   5.534819e-01
  3.787274e+00   2.376074e+01   5.497895e-01
  3.791962e+00   2.359473e+01   5.499628e-01
  3.796650e+00   2.520845e+01   5.706113e-01
  3.801339e+00   2.478190e+01   5.678898e-01
  3.806027e+00   2.412660e+01   5.624264e-01
  3.810715e+00   2.466174e+01   5.707483e-01
  3.815403e+00   2.515848e+01   5.785915e-01
  3.820092e+00   2.454346e+01   5.735833e-01
  3.824780e+00   2.468243e+01   5.773150e-01
  3.829468e+00   2.461972e+01   5.787109e-01
  3.834156e+00   2.425266e+01   5.764268e-01
  3.838844e+00   2.461314e+01   5.828199e-01
  3.843533e+00   2.496282e+01   5.890378e-01
  3.848221e+00   2.516108e+01   5.934769e-01
  3.852909e+00   2.558409e+01   6.006075e-01
  3.857597e+00   2.462868e+01   5.913935e-01
  3.862286e+00   2.534586e+01   6.020796e-01
  3.866974e+00   2.534786e+01   6.042259e-01
  3.871662e+00   2.504289e+01   6.028366e-01
  3.876350e+00   2.449732e+01   5.984337e-01
  3.881039e+00   2.452443e+01   6.006840e-01
  3.885727e+00   2.571980e+01   6.173133e-01
  3.890415e+00   2.486296e+01   6.090205e-01
  3.895103e+00   2.501404e+01   6.130801e-01
  3.899791e+00   2.457185e+01   6.097045e-01
  3.904480e+00   2.498415e+01   6.169925e-01
  3.909168e+00   2.577909e+01   6.288877e-01
  3.913856e+00   2.468406e+01   6.176248e-01
  3.918544e+00   2.583870e+01   6.340077e-01
  3.923233e+00   2.564753e+01   6.339357e-01
  3.927921e+00   2.511797e+01   6.294716e-01
  3.932609e+00   2.490237e+01   6.288860e-01
  3.937297e+00   2.452121e+01   6.251764e-01
  3.941986e+00   2.516508e+01   6.341275e-01
  3.946674e+00   2.570381e+01   6.415327e-01
  3.951362e+00   2.542765e+01   6.377085e-01
  3.956050e+00   2.550170e+01   6.375600e-01
  3.960738e+00   2.508431e+01   6.321558e-01
  3.965427e+00   2.501827e+01   6.320779e-01
  3.970115e+00   2.387892e+01   6.194266e-01
  3.974803e+00   2.438183e+01   6.279204e-01
  3.979491e+00   2.497684e+01   6.373155e-01
  3.984180e+00   2.454974e+01   6.339713e-01
  3.988868e+00   2.435044e+01   6.334947e-01
  3.993556e+00   2.526393e+01   6.474283e-01
  3.998244e+00   2.514643e+01   6.481263e-01
  4.002932e+00   2.427990e+01   6.390352e-01
  4.007621e+00   2.478041e+01   6.477232e-01
  4.012309e+00   2.499338e+01   6.526973e-01
  4.016997e+00   2.466544e+01   6.506034e-01
  4.021685e+00   2.554555e+01   6.643886e-01
  4.026374e+00   2.491523e+01   6.583620e-01
  4.031062e+00   2.485007e+01   6.597220e-01
  4.035750e+00   2.568756e+01   6.730191e-01
  4.040438e+00   2.590942e+01   6.782565e-01
  4.045127e+00   2.448111e+01   6.615549e-01
  4.049815e+00   2.425121e+01   6.606911e-01
  4.054503e+00   2.554968e+01   6.804599e-01
  4.059191e+00   2.507329e+01   6.764413e-01
  4.063879e+00   2.448899e+01   6.708315e-01
  4.068568e+00   2.495736e+01   6.795444e-01
  4.073256e+00   2.484501e+01   6.803442e-01
  4.077944e+00   2.552271e+01   6.919870e-01
  4.082632e+00   2.496873e+01   6.868147e-01
  4.087321e+00   2.471327e+01   6.856936e-01
  4.092009e+00   2.460506e+01   6.865831e-01
  4.096697e+00   2.476336e+01   6.912112e-01
  4.101385e+00   2.415907e+01   6.850989e-01
  4.106074e+00   2.458442e+01   6.935890e-01
  4.110762e+00   2.407615e+01   6.888399e-01
  4.115450e+00   2.368472e+01   6.856361e-01
  4.120138e+00   2.486943e+01   7.050326e-01
  4.124826e+00   2.556176e+01   7.173567e-01
  4.129515e+00   2.534436e+01   7.169109e-01
  4.134203e+00   2.362290e+01   6.945906e-01
  4.138891e+00   2.427211e+01   7.066321e-01
  4.143579e+00   2.482558e+01   7.172344e-01
  4.148268e+00   2.617766e+01   7.392359e-01
  4.152956e+00   2.594589e+01   7.386291e-01
  4.157644e+00   2.475186e+01   7.239963e-01
  4.162332e+00   2.432373e+01   7.204536e-01
  4.167021e+00   2.418784e+01   7.210901e-01
  4.171709e+00   2.346812e+01   7.128435e-01
  4.176397e+00   2.420091e+01   7.266323e-01
  4.181085e+00   2.528209e+01   7.454580e-01
  4.185773e+00   2.506159e+01   7.450545e-01
  4.190462e+00   2.440395e+01   7.380512e-01
  4.195150e+00   2.408821e+01   7.369118e-01
  4.199838e+00   2.559120e+01   7.617029e-01
  4.204526e+00   2.576972e+01   7.669993e-01
  4.209215e+00   2.441682e+01   7.494785e-01
  4.213903e+00   2.514051e+01   7.634317e-01
  4.218591e+00   2.595342e+01   7.786710e-01
  4.223279e+00   2.537697e+01   7.730122e-01
  4.227967e+00   2.470856e+01   7.657035e-01
  4.232656e+00   2.459619e+01   7.669770e-01
  4.237344e+00   2.455597e+01   7.694168e-01
  4.242032e+00   2.500294e+01   7.794397e-01
  4.246720e+00   2.409027e+01   7.680722e-01
  4.251409e+00   2.446833e+01   7.773210e-01
  4.256097e+00   2.435747e+01   7.785977e-01
  4.260785e+00   2.489873e+01   7.903780e-01
  4.265473e+00   2.594257e+01   8.108624e-01
  4.270162e+00   2.657164e+01   8.247613e-01
  4.274850e+00   2.419889e+01   7.927164e-01
  4.279538e+00   2.423433e+01   7.968606e-01
  4.284226e+00   2.610471e+01   8.269237e-01
  4.288914e+00   2.543137e+01   8.187591e-01
  4.293603e+00   2.649469e+01   8.392647e-01
  4.298291e+00   2.606492e+01   8.360921e-01
  4.302979e+00   2.507527e+01   8.233960e-01
  4.307667e+00   2.523288e+01   8.295719e-01
  4.312356e+00   2.422478e+01   8.164378e-01
  4.317044e+00   2.399925e+01   8.160173e-01
  4.321732e+00   2.523503e+01   8.404690e-01
  4.326420e+00   2.394712e+01   8.224155e-01
  4.331109e+00   2.448837e+01   8.352181e-01
  4.335797e+00   2.441253e+01   8.376757e-01
  4.340485e+00   2.474995e+01   8.480473e-01
  4.345173e+00   2.428563e+01   8.432637e-01
  4.349861e+00   2.526371e+01   8.637350e-01
  4.354550e+00   2.544945e+01   8.709275e-01
  4.359238e+00   2.428451e+01   8.546386e-01
  4.363926e+00   2.588794e+01   8.864722e-01
  4.368614e+00   2.554566e+01   8.846911e-01
  4.373303e+00   2.479211e+01   8.757207e-01
  4.377991e+00   2.526291e+01   8.881294e-01
  4.382679e+00   2.514924e+01   8.903298e-01
  4.387367e+00   2.562477e+01   9.031352e-01
  4.392056e+00   2.564122e+01   9.077352e-01
  4.396744e+00   2.522742e+01   9.047285e-01
  4.401432e+00   2.668135e+01   9.359969e-01
  4.406120e+00   2.524567e+01   9.130361e-01
  4.410808e+00   2.546757e+01   9.176776e-01
  4.415497e+00   2.506245e+01   9.109563e-01
  4.420185e+00   2.496710e+01   9.097839e-01
  4.424873e+00   2.597202e+01   9.286183e-01
  4.429561e+00   2.520242e+01   9.153820e-01
  4.434250e+00   2.497112e+01   9.118032e-01
  4.438938e+00   2.511986e+01   9.152060e-01
  4.443626e+00   2.378423e+01   8.910446e-01
  4.448314e+00   2.451498e+01   9.067933e-01
  4.453002e+00   2.604753e+01   9.392036e-01
  4.457691e+00   2.602357e+01   9.435476e-01
  4.462379e+00   2.516435e+01   9.325244e-01
  4.467067e+00   2.471190e+01   9.288130e-01
  4.471755e+00   2.461703e+01   9.317902e-01
  4.476444e+00   2.522080e+01   9.481003e-01
  4.481132e+00   2.400206e+01   9.297584e-01
  4.485820e+00   2.482759e+01   9.506849e-01
  4.490508e+00   2.492304e+01   9.575733e-01
  4.495197e+00   2.412530e+01   9.471834e-01
  4.499885e+00   2.374721e+01   9.448184e-01
  4.504573e+00   2.507127e+01   9.761032e-01
  4.509261e+00   2.460227e+01   9.723021e-01
  4.513949e+00   2.634554e+01   1.011834e+00
  4.518638e+00   2.531818e+01   9.975135e-01
  4.523326e+00   2.473693e+01   9.916387e-01
  4.528014e+00   2.490723e+01   1.000751e+00
  4.532702e+00   2.532708e+01   1.014992e+00
  4.537391e+00   2.474554e+01   1.009133e+00
  4.542079e+00   2.533990e+01   1.027297e+00
  4.546767e+00   2.610267e+01   1.048910e+00
  4.551455e+00   2.663375e+01   1.065909e+00
  4.556144e+00   2.478821e+01   1.034585e+00
  4.560832e+00   2.651116e+01   1.076521e+00
  4.565520e+00   2.585788e+01   1.069787e+00
  4.570208e+00   2.492345e+01   1.057015e+00
  4.574896e+00   2.503785e+01   1.066272e+00
  4.579585e+00   2.526859e+01   1.078060e+00
  4.584273e+00   2.514021e+01   1.082310e+00
  4.588961e+00   2.594353e+01   1.106703e+00
  4.593649e+00   2.471680e+01   1.087416e+00
  4.598338e+00   2.628521e+01   1.129126e+00
  4.603026e+00   2.447206e+01   1.096926e+00
  4.607714e+00   2.297637e+01   1.070212e+00
  4.612402e+00   2.421599e+01   1.106380e+00
  4.617091e+00   2.635619e+01   1.162398e+00
  4.621779e+00   2.505481e+01   1.141619e+00
  4.626467e+00   2.482912e+01   1.144792e+00
  4.631155e+00   2.528899e+01   1.163846e+00
  4.635843e+00   2.629187e+01   1.195541e+00
  4.640532e+00   2.853812e+01   1.254975e+00
  4.645220e+00   2.726922e+01   1.236347e+00
  4.649908e+00   2.619034e+01   1.221157e+00
  4.654596e+00   2.593558e+01   1.224772e+00
  4.659285e+00   2.523557e+01   1.217792e+00
  4.663973e+00   2.493427e+01   1.220317e+00
  4.668661e+00   2.503732e+01   1.233196e+00
  4.673349e+00   2.477076e+01   1.236906e+00
  4.678037e+00   2.317568e+01   1.206581e+00
  4.682726e+00   2.247626e+01   1.198475e+00
  4.687414e+00   2.473230e+01   1.268326e+00
  4.692102e+00   2.519548e+01   1.291815e+00
  4.696790e+00   2.360110e+01   1.261601e+00
  4.701479e+00   2.689960e+01   1.359289e+00
  4.706167e+00   2.471598e+01   1.315162e+00
  4.710855e+00   2.482394e+01   1.330996e+00
  4.715543e+00   2.562938e+01   1.365614e+00
  4.720232e+00   2.442860e+01   1.346425e+00
  4.724920e+00   2.425021e+01   1.355011e+00
  4.729608e+00   2.574625e+01   1.410851e+00
  4.734296e+00   2.457101e+01   1.392923e+00
  4.738984e+00   2.663688e+01   1.465786e+00
  4.743673e+00   2.618643e+01   1.469187e+00
  4.748361e+00   2.583925e+01   1.475964e+00
  4.753049e+00   2.601576e+01   1.498177e+00
  4.757737e+00   2.455156e+01   1.472328e+00
  4.762426e+00   2.437361e+01   1.484415e+00
  4.767114e+00   2.482896e+01   1.516825e+00
  4.771802e+00   2.453326e+01   1.527059e+00
  4.776490e+00   2.253560e+01   1.482250e+00
  4.781179e+00   2.457994e+01   1.568257e+00
  4.785867e+00   2.706811e+01   1.668286e+00
  4.790555e+00   2.660033e+01   1.677020e+00
  4.795243e+00   2.737559e+01   1.725343e+00
  4.799931e+00   2.517830e+01   1.678709e+00
  4.804620e+00   2.473572e+01   1.689529e+00
  4.809308e+00   2.848989e+01   1.841492e+00
  4.813996e+00   2.638554e+01   1.800319e+00
  4.818684e+00   2.539787e+01   1.795218e+00
  4.823373e+00   2.692654e+01   1.881071e+00
  4.828061e+00   2.700079e+01   1.917103e+00
  4.832749e+00   2.458002e+01   1.862350e+00
  4.837437e+00   2.241793e+01   1.812435e+00
  4.842125e+00   2.519072e+01   1.959915e+00
  4.846814e+00   2.365040e+01   1.937590e+00
  4.851502e+00   2.493648e+01   2.031585e+00
  4.856190e+00   2.606277e+01   2.124239e+00
  4.860878e+00   2.638717e+01   2.187336e+00
  4.865567e+00   2.447164e+01   2.157277e+00
  4.870255e+00   2.627938e+01   2.293297e+00
  4.874943e+00   2.514961e+01   2.306148e+00
  4.879631e+00   2.451683e+01   2.341169e+00
  4.884320e+00   2.361919e+01   2.366539e+00
  4.889008e+00   2.277549e+01   2.400345e+00
  4.893696e+00   2.797819e+01   2.751777e+00
  4.898384e+00   2.662110e+01   2.781781e+00
  4.903072e+00   2.450102e+01   2.775062e+00
  4.907761e+00   2.717163e+01   3.088277e+00
  4.912449e+00   2.467275e+01   4.066202e+00
  4.917137e+00   2.878964e+01   1.207500e+01
