# GI Buffer
# Sample c= 0.0 mg/ml
#
# Sample environment:
# Detector = Pilatus
# PixelSize_1 = 0.000172
# PixelSize_2 = 0.000172
#
# title = GI Buffer
# Frame 35 of 120
# Time per frame (s) = 1.0
# SampleDistance = 2.869
# WaveLength = 9.919e-11
# Normalization = 0.001062898
# DiodeCurr = 8.746307e-05
# MachCurr = 68.89545
# Mask = /data/bm29/archive/CALIBRATION/MASK/BM29/Pcon_19thNovember2015_7keV_v3.edf
#
# N 3
# L q*nm  I_GI Buffer  stddev
#
# Sample Information:
# Storage Temperature (degrees C): 20.0
# Measurement Temperature (degrees C): 20.08
# Concentration: 0.0
# Code: GIBuffer
  3.200246e-02   1.518796e+02   1.849556e+01
  3.669069e-02   4.920287e+02   1.511403e+01
  4.137892e-02   6.824255e+02   1.325953e+01
  4.606715e-02   5.824783e+02   1.014316e+01
  5.075538e-02   3.893967e+02   7.533378e+00
  5.544361e-02   2.672609e+02   5.765929e+00
  6.013183e-02   2.042379e+02   4.819052e+00
  6.482006e-02   1.642949e+02   4.146896e+00
  6.950829e-02   1.317529e+02   3.563232e+00
  7.419652e-02   1.085047e+02   3.104011e+00
  7.888475e-02   9.657089e+01   2.830846e+00
  8.357298e-02   8.306515e+01   2.547247e+00
  8.826121e-02   7.122707e+01   2.291959e+00
  9.294944e-02   6.195219e+01   2.074890e+00
  9.763767e-02   5.555903e+01   1.910726e+00
  1.023259e-01   5.232920e+01   1.810231e+00
  1.070141e-01   4.846558e+01   1.702317e+00
  1.117024e-01   4.667214e+01   1.632664e+00
  1.163906e-01   4.569377e+01   1.576347e+00
  1.210788e-01   4.433215e+01   1.522160e+00
  1.257670e-01   4.057273e+01   1.428216e+00
  1.304553e-01   3.899717e+01   1.375548e+00
  1.351435e-01   3.935525e+01   1.354010e+00
  1.398317e-01   3.784435e+01   1.304839e+00
  1.445200e-01   3.460429e+01   1.227111e+00
  1.492082e-01   3.481832e+01   1.211258e+00
  1.538964e-01   3.455198e+01   1.185375e+00
  1.585846e-01   3.351553e+01   1.148939e+00
  1.632729e-01   3.259655e+01   1.116622e+00
  1.679611e-01   3.302378e+01   1.108097e+00
  1.726493e-01   3.023777e+01   1.044613e+00
  1.773376e-01   3.044759e+01   1.032565e+00
  1.820258e-01   2.868517e+01   9.893643e-01
  1.867140e-01   3.007875e+01   1.000362e+00
  1.914022e-01   2.992109e+01   9.851404e-01
  1.960905e-01   3.005806e+01   9.736505e-01
  2.007787e-01   2.812700e+01   9.318093e-01
  2.054669e-01   2.724556e+01   9.066287e-01
  2.101552e-01   2.825463e+01   9.129224e-01
  2.148434e-01   2.876019e+01   9.092585e-01
  2.195316e-01   2.813258e+01   8.894624e-01
  2.242199e-01   2.830453e+01   8.829254e-01
  2.289081e-01   2.824741e+01   8.729907e-01
  2.335963e-01   2.892001e+01   8.734172e-01
  2.382845e-01   2.873062e+01   8.613872e-01
  2.429728e-01   2.762938e+01   8.366515e-01
  2.476610e-01   2.755903e+01   8.277133e-01
  2.523492e-01   2.798435e+01   8.258609e-01
  2.570375e-01   2.733335e+01   8.078318e-01
  2.617257e-01   2.745845e+01   8.025295e-01
  2.664139e-01   2.776798e+01   8.000038e-01
  2.711021e-01   2.751066e+01   7.894043e-01
  2.757904e-01   2.716932e+01   7.769656e-01
  2.804786e-01   2.783815e+01   7.802528e-01
  2.851668e-01   2.717710e+01   7.646841e-01
  2.898551e-01   2.723865e+01   7.589369e-01
  2.945433e-01   2.819678e+01   7.659485e-01
  2.992315e-01   2.716636e+01   7.626249e-01
  3.039197e-01   2.678473e+01   7.632316e-01
  3.086080e-01   2.763526e+01   7.775013e-01
  3.132962e-01   2.560670e+01   7.488117e-01
  3.179844e-01   2.720167e+01   7.716289e-01
  3.226727e-01   2.650964e+01   7.617289e-01
  3.273609e-01   2.741375e+01   7.737459e-01
  3.320491e-01   2.735239e+01   7.714911e-01
  3.367374e-01   2.667283e+01   7.598417e-01
  3.414256e-01   2.672035e+01   7.589728e-01
  3.461138e-01   2.626015e+01   7.508706e-01
  3.508020e-01   2.691027e+01   7.582810e-01
  3.554903e-01   2.716464e+01   7.590131e-01
  3.601785e-01   2.609625e+01   7.425171e-01
  3.648667e-01   2.673475e+01   7.569605e-01
  3.695550e-01   2.626148e+01   7.672225e-01
  3.742432e-01   2.789681e+01   7.996871e-01
  3.789314e-01   2.681240e+01   7.913938e-01
  3.836196e-01   2.684187e+01   7.968988e-01
  3.883079e-01   2.601242e+01   7.887511e-01
  3.929961e-01   2.615195e+01   7.980876e-01
  3.976843e-01   2.581844e+01   8.037586e-01
  4.023726e-01   2.552678e+01   8.071324e-01
  4.070608e-01   2.745307e+01   8.404433e-01
  4.117490e-01   2.756377e+01   8.437917e-01
  4.164372e-01   2.654731e+01   8.294783e-01
  4.211255e-01   2.595029e+01   8.217380e-01
  4.258137e-01   2.643391e+01   8.300599e-01
  4.305019e-01   2.638062e+01   8.284491e-01
  4.351902e-01   2.637367e+01   8.266323e-01
  4.398784e-01   2.629292e+01   8.243667e-01
  4.445666e-01   2.686073e+01   8.427660e-01
  4.492548e-01   2.742315e+01   8.806203e-01
  4.539431e-01   2.587953e+01   8.719416e-01
  4.586313e-01   2.697352e+01   9.036039e-01
  4.633195e-01   2.687074e+01   9.139426e-01
  4.680078e-01   2.626320e+01   9.142215e-01
  4.726960e-01   2.614704e+01   9.219485e-01
  4.773842e-01   2.694337e+01   9.451900e-01
  4.820725e-01   2.693357e+01   9.540994e-01
  4.867607e-01   2.720652e+01   9.680797e-01
  4.914489e-01   2.544593e+01   9.444060e-01
  4.961371e-01   2.687719e+01   9.786010e-01
  5.008254e-01   2.664851e+01   9.824373e-01
  5.055136e-01   2.680954e+01   9.936549e-01
  5.102018e-01   2.612329e+01   9.583607e-01
  5.148901e-01   2.607035e+01   9.239385e-01
  5.195783e-01   2.505450e+01   8.905355e-01
  5.242665e-01   2.599239e+01   8.964157e-01
  5.289547e-01   2.557178e+01   8.806815e-01
  5.336430e-01   2.764815e+01   9.077985e-01
  5.383312e-01   2.771101e+01   9.022206e-01
  5.430194e-01   2.501152e+01   8.519883e-01
  5.477077e-01   2.492860e+01   8.458529e-01
  5.523959e-01   2.569373e+01   8.539538e-01
  5.570841e-01   2.606636e+01   8.554263e-01
  5.617723e-01   2.662912e+01   8.609477e-01
  5.664606e-01   2.753670e+01   8.716533e-01
  5.711488e-01   2.582941e+01   8.408673e-01
  5.758370e-01   2.599721e+01   8.388854e-01
  5.805253e-01   2.546677e+01   8.251615e-01
  5.852135e-01   2.633417e+01   8.337226e-01
  5.899017e-01   2.528526e+01   8.112932e-01
  5.945900e-01   2.545828e+01   8.075311e-01
  5.992782e-01   2.539601e+01   8.013530e-01
  6.039664e-01   2.685035e+01   8.191401e-01
  6.086546e-01   2.515917e+01   7.881990e-01
  6.133429e-01   2.608578e+01   7.974026e-01
  6.180311e-01   2.564242e+01   7.859307e-01
  6.227193e-01   2.536853e+01   7.774166e-01
  6.274076e-01   2.531114e+01   7.732954e-01
  6.320958e-01   2.526109e+01   7.703794e-01
  6.367840e-01   2.629895e+01   7.837882e-01
  6.414722e-01   2.593089e+01   7.767192e-01
  6.461605e-01   2.658756e+01   7.846702e-01
  6.508487e-01   2.567635e+01   7.694559e-01
  6.555369e-01   2.450308e+01   7.494230e-01
  6.602252e-01   2.534595e+01   7.605892e-01
  6.649134e-01   2.619299e+01   7.715836e-01
  6.696016e-01   2.556677e+01   7.607216e-01
  6.742898e-01   2.459324e+01   7.440094e-01
  6.789781e-01   2.600211e+01   7.633602e-01
  6.836663e-01   2.518536e+01   7.496915e-01
  6.883545e-01   2.569002e+01   7.557608e-01
  6.930428e-01   2.558336e+01   7.521377e-01
  6.977310e-01   2.517115e+01   7.443593e-01
  7.024192e-01   2.625908e+01   7.587468e-01
  7.071074e-01   2.527471e+01   7.429647e-01
  7.117957e-01   2.545319e+01   7.438890e-01
  7.164839e-01   2.553076e+01   7.430921e-01
  7.211721e-01   2.538829e+01   7.396141e-01
  7.258604e-01   2.592713e+01   7.458969e-01
  7.305486e-01   2.605699e+01   7.464959e-01
  7.352368e-01   2.410938e+01   7.158441e-01
  7.399251e-01   2.517758e+01   7.303469e-01
  7.446133e-01   2.608562e+01   7.420701e-01
  7.493015e-01   2.616168e+01   7.422898e-01
  7.539897e-01   2.586176e+01   7.358822e-01
  7.586780e-01   2.593707e+01   7.350520e-01
  7.633662e-01   2.660635e+01   7.430117e-01
  7.680544e-01   2.679158e+01   7.442948e-01
  7.727427e-01   2.584189e+01   7.293255e-01
  7.774309e-01   2.611841e+01   7.315134e-01
  7.821191e-01   2.620742e+01   7.314807e-01
  7.868073e-01   2.560343e+01   7.217094e-01
  7.914956e-01   2.660197e+01   7.340741e-01
  7.961838e-01   2.588851e+01   7.225185e-01
  8.008720e-01   2.586246e+01   7.208295e-01
  8.055603e-01   2.551081e+01   7.145703e-01
  8.102485e-01   2.661614e+01   7.286676e-01
  8.149367e-01   2.664179e+01   7.271562e-01
  8.196249e-01   2.634808e+01   7.217633e-01
  8.243132e-01   2.676152e+01   7.262452e-01
  8.290014e-01   2.572417e+01   7.107100e-01
  8.336896e-01   2.571154e+01   7.088926e-01
  8.383779e-01   2.624028e+01   7.147790e-01
  8.430661e-01   2.588773e+01   7.087548e-01
  8.477543e-01   2.691257e+01   7.213239e-01
  8.524425e-01   2.592619e+01   7.065990e-01
  8.571308e-01   2.696733e+01   7.194848e-01
  8.618190e-01   2.548231e+01   6.979688e-01
  8.665072e-01   2.583727e+01   7.014253e-01
  8.711955e-01   2.670375e+01   7.118152e-01
  8.758837e-01   2.633052e+01   7.052208e-01
  8.805719e-01   2.583643e+01   6.973484e-01
  8.852602e-01   2.644305e+01   7.043595e-01
  8.899484e-01   2.583923e+01   6.951354e-01
  8.946366e-01   2.501213e+01   6.821795e-01
  8.993248e-01   2.606462e+01   6.953753e-01
  9.040131e-01   2.587915e+01   6.916310e-01
  9.087013e-01   2.747071e+01   7.114694e-01
  9.133895e-01   2.552577e+01   6.843029e-01
  9.180778e-01   2.636621e+01   6.943121e-01
  9.227660e-01   2.594468e+01   6.874509e-01
  9.274542e-01   2.659277e+01   6.949521e-01
  9.321424e-01   2.630185e+01   6.898394e-01
  9.368307e-01   2.727613e+01   7.010015e-01
  9.415189e-01   2.551090e+01   6.768887e-01
  9.462071e-01   2.590003e+01   6.810045e-01
  9.508954e-01   2.571430e+01   6.772878e-01
  9.555836e-01   2.598900e+01   6.794953e-01
  9.602718e-01   2.608035e+01   6.795986e-01
  9.649600e-01   2.543607e+01   6.700754e-01
  9.696483e-01   2.539395e+01   6.685144e-01
  9.743365e-01   2.580346e+01   6.723148e-01
  9.790247e-01   2.580261e+01   6.713365e-01
  9.837130e-01   2.601582e+01   6.729671e-01
  9.884012e-01   2.571012e+01   6.679823e-01
  9.930894e-01   2.526958e+01   6.609284e-01
  9.977777e-01   2.520523e+01   6.589172e-01
  1.002466e+00   2.614760e+01   6.701133e-01
  1.007154e+00   2.521208e+01   6.569439e-01
  1.011842e+00   2.536662e+01   6.578702e-01
  1.016531e+00   2.494979e+01   6.511354e-01
  1.021219e+00   2.547995e+01   6.569775e-01
  1.025907e+00   2.623315e+01   6.656917e-01
  1.030595e+00   2.617358e+01   6.638819e-01
  1.035283e+00   2.518299e+01   6.497464e-01
  1.039972e+00   2.608578e+01   6.603939e-01
  1.044660e+00   2.655874e+01   6.654124e-01
  1.049348e+00   2.621853e+01   6.599934e-01
  1.054036e+00   2.452864e+01   6.371555e-01
  1.058725e+00   2.441979e+01   6.347905e-01
  1.063413e+00   2.588553e+01   6.525298e-01
  1.068101e+00   2.633567e+01   6.572440e-01
  1.072789e+00   2.574129e+01   6.485656e-01
  1.077478e+00   2.570974e+01   6.471097e-01
  1.082166e+00   2.596222e+01   6.492681e-01
  1.086854e+00   2.542933e+01   6.416495e-01
  1.091542e+00   2.588949e+01   6.464522e-01
  1.096230e+00   2.561485e+01   6.417039e-01
  1.100919e+00   2.688023e+01   6.564471e-01
  1.105607e+00   2.573054e+01   6.413984e-01
  1.110295e+00   2.586970e+01   6.421235e-01
  1.114983e+00   2.647481e+01   6.485165e-01
  1.119672e+00   2.547640e+01   6.352670e-01
  1.124360e+00   2.553658e+01   6.349517e-01
  1.129048e+00   2.716864e+01   6.539436e-01
  1.133736e+00   2.562887e+01   6.339712e-01
  1.138425e+00   2.576648e+01   6.347166e-01
  1.143113e+00   2.573950e+01   6.334447e-01
  1.147801e+00   2.550637e+01   6.297785e-01
  1.152489e+00   2.540052e+01   6.273287e-01
  1.157177e+00   2.568030e+01   6.297004e-01
  1.161866e+00   2.461326e+01   6.157283e-01
  1.166554e+00   2.505512e+01   6.203256e-01
  1.171242e+00   2.626187e+01   6.340258e-01
  1.175930e+00   2.651776e+01   6.361018e-01
  1.180619e+00   2.540578e+01   6.217294e-01
  1.185307e+00   2.522774e+01   6.186492e-01
  1.189995e+00   2.552282e+01   6.214684e-01
  1.194683e+00   2.672396e+01   6.346872e-01
  1.199372e+00   2.603544e+01   6.255979e-01
  1.204060e+00   2.579524e+01   6.220271e-01
  1.208748e+00   2.490396e+01   6.106865e-01
  1.213436e+00   2.495592e+01   6.099148e-01
  1.218124e+00   2.579159e+01   6.189973e-01
  1.222813e+00   2.692060e+01   6.315067e-01
  1.227501e+00   2.578611e+01   6.173254e-01
  1.232189e+00   2.502635e+01   6.071425e-01
  1.236877e+00   2.558116e+01   6.128038e-01
  1.241566e+00   2.576175e+01   6.142294e-01
  1.246254e+00   2.594805e+01   6.156542e-01
  1.250942e+00   2.651144e+01   6.359433e-01
  1.255630e+00   2.567078e+01   6.427165e-01
  1.260318e+00   2.568791e+01   6.536686e-01
  1.265007e+00   2.663525e+01   6.744261e-01
  1.269695e+00   2.627908e+01   6.775594e-01
  1.274383e+00   2.487415e+01   6.658852e-01
  1.279071e+00   2.604064e+01   6.878912e-01
  1.283760e+00   2.579784e+01   6.907150e-01
  1.288448e+00   2.522817e+01   6.887470e-01
  1.293136e+00   2.611071e+01   7.062286e-01
  1.297824e+00   2.648448e+01   7.166026e-01
  1.302513e+00   2.675998e+01   7.246079e-01
  1.307201e+00   2.690986e+01   7.287262e-01
  1.311889e+00   2.676432e+01   7.274162e-01
  1.316577e+00   2.598801e+01   6.892412e-01
  1.321265e+00   2.607614e+01   6.732854e-01
  1.325954e+00   2.555626e+01   6.558014e-01
  1.330642e+00   2.597510e+01   6.527422e-01
  1.335330e+00   2.549830e+01   6.396607e-01
  1.340018e+00   2.501302e+01   6.276576e-01
  1.344707e+00   2.667793e+01   6.427808e-01
  1.349395e+00   2.497494e+01   6.173136e-01
  1.354083e+00   2.544061e+01   6.183180e-01
  1.358771e+00   2.618815e+01   6.231731e-01
  1.363460e+00   2.618192e+01   6.196939e-01
  1.368148e+00   2.541227e+01   6.087960e-01
  1.372836e+00   2.553890e+01   6.086563e-01
  1.377524e+00   2.669488e+01   6.208593e-01
  1.382212e+00   2.578735e+01   6.090100e-01
  1.386901e+00   2.524925e+01   6.013633e-01
  1.391589e+00   2.610091e+01   6.100664e-01
  1.396277e+00   2.580364e+01   6.053050e-01
  1.400965e+00   2.510286e+01   5.959292e-01
  1.405654e+00   2.579357e+01   6.029726e-01
  1.410342e+00   2.501606e+01   5.927156e-01
  1.415030e+00   2.502762e+01   5.915507e-01
  1.419718e+00   2.521864e+01   5.928070e-01
  1.424406e+00   2.569381e+01   5.974424e-01
  1.429095e+00   2.565974e+01   5.959970e-01
  1.433783e+00   2.640801e+01   6.033449e-01
  1.438471e+00   2.525412e+01   5.891038e-01
  1.443159e+00   2.574427e+01   5.938832e-01
  1.447848e+00   2.614360e+01   5.974917e-01
  1.452536e+00   2.556803e+01   5.897663e-01
  1.457224e+00   2.540014e+01   5.868852e-01
  1.461912e+00   2.542931e+01   5.863622e-01
  1.466601e+00   2.531625e+01   5.841675e-01
  1.471289e+00   2.584554e+01   5.892389e-01
  1.475977e+00   2.646781e+01   5.955989e-01
  1.480665e+00   2.489091e+01   5.764700e-01
  1.485353e+00   2.593264e+01   5.967897e-01
  1.490042e+00   2.631009e+01   6.195649e-01
  1.494730e+00   2.527531e+01   6.179760e-01
  1.499418e+00   2.536425e+01   6.270246e-01
  1.504106e+00   2.546858e+01   6.355779e-01
  1.508795e+00   2.570445e+01   6.452914e-01
  1.513483e+00   2.547551e+01   6.261321e-01
  1.518171e+00   2.565365e+01   6.142797e-01
  1.522859e+00   2.523070e+01   6.008292e-01
  1.527548e+00   2.603310e+01   6.037843e-01
  1.532236e+00   2.539886e+01   5.906717e-01
  1.536924e+00   2.583942e+01   5.910354e-01
  1.541612e+00   2.589902e+01   5.885930e-01
  1.546300e+00   2.650939e+01   5.940504e-01
  1.550989e+00   2.603026e+01   5.865605e-01
  1.555677e+00   2.644946e+01   5.882480e-01
  1.560365e+00   2.538544e+01   5.736010e-01
  1.565053e+00   2.609268e+01   5.788579e-01
  1.569742e+00   2.603475e+01   5.758746e-01
  1.574430e+00   2.597747e+01   5.740310e-01
  1.579118e+00   2.550322e+01   5.691920e-01
  1.583806e+00   2.539661e+01   5.686502e-01
  1.588495e+00   2.436506e+01   5.576355e-01
  1.593183e+00   2.585239e+01   5.746749e-01
  1.597871e+00   2.652854e+01   5.817822e-01
  1.602559e+00   2.671877e+01   5.830093e-01
  1.607247e+00   2.560511e+01   5.698263e-01
  1.611936e+00   2.572593e+01   5.700768e-01
  1.616624e+00   2.589108e+01   5.710992e-01
  1.621312e+00   2.557145e+01   5.667436e-01
  1.626000e+00   2.519775e+01   5.617356e-01
  1.630689e+00   2.521896e+01   5.610697e-01
  1.635377e+00   2.538759e+01   5.621089e-01
  1.640065e+00   2.523366e+01   5.595853e-01
  1.644753e+00   2.609572e+01   5.682875e-01
  1.649441e+00   2.604569e+01   5.669373e-01
  1.654130e+00   2.578985e+01   5.632446e-01
  1.658818e+00   2.611980e+01   5.660395e-01
  1.663506e+00   2.584330e+01   5.622988e-01
  1.668194e+00   2.541416e+01   5.569108e-01
  1.672883e+00   2.610969e+01   5.635038e-01
  1.677571e+00   2.563596e+01   5.576396e-01
  1.682259e+00   2.528687e+01   5.531662e-01
  1.686947e+00   2.569732e+01   5.569303e-01
  1.691636e+00   2.512857e+01   5.498331e-01
  1.696324e+00   2.586933e+01   5.571316e-01
  1.701012e+00   2.542745e+01   5.516818e-01
  1.705700e+00   2.589034e+01   5.560234e-01
  1.710388e+00   2.567677e+01   5.529044e-01
  1.715077e+00   2.567525e+01   5.521140e-01
  1.719765e+00   2.566395e+01   5.513091e-01
  1.724453e+00   2.661574e+01   5.608008e-01
  1.729141e+00   2.504169e+01   5.432458e-01
  1.733830e+00   2.493478e+01   5.412521e-01
  1.738518e+00   2.537169e+01   5.453560e-01
  1.743206e+00   2.591986e+01   5.505540e-01
  1.747894e+00   2.570475e+01   5.476848e-01
  1.752583e+00   2.529843e+01   5.427526e-01
  1.757271e+00   2.566494e+01   5.458294e-01
  1.761959e+00   2.597045e+01   5.483363e-01
  1.766647e+00   2.549635e+01   5.426307e-01
  1.771335e+00   2.468286e+01   5.331771e-01
  1.776024e+00   2.496675e+01   5.355586e-01
  1.780712e+00   2.553757e+01   5.410020e-01
  1.785400e+00   2.467966e+01   5.312526e-01
  1.790088e+00   2.507761e+01   5.348607e-01
  1.794777e+00   2.583937e+01   5.421634e-01
  1.799465e+00   2.627782e+01   5.460717e-01
  1.804153e+00   2.530212e+01   5.353349e-01
  1.808841e+00   2.569780e+01   5.388576e-01
  1.813530e+00   2.490432e+01   5.296606e-01
  1.818218e+00   2.566849e+01   5.371473e-01
  1.822906e+00   2.645389e+01   5.447678e-01
  1.827594e+00   2.562203e+01   5.355303e-01
  1.832282e+00   2.543575e+01   5.327035e-01
  1.836971e+00   2.571054e+01   5.350739e-01
  1.841659e+00   2.568098e+01   5.342240e-01
  1.846347e+00   2.526955e+01   5.293072e-01
  1.851035e+00   2.535157e+01   5.293926e-01
  1.855724e+00   2.554629e+01   5.308812e-01
  1.860412e+00   2.560835e+01   5.309780e-01
  1.865100e+00   2.514746e+01   5.255706e-01
  1.869788e+00   2.551605e+01   5.286956e-01
  1.874476e+00   2.526048e+01   5.254523e-01
  1.879165e+00   2.533136e+01   5.256654e-01
  1.883853e+00   2.567379e+01   5.285950e-01
  1.888541e+00   2.527752e+01   5.238762e-01
  1.893229e+00   2.549629e+01   5.257710e-01
  1.897918e+00   2.591544e+01   5.294554e-01
  1.902606e+00   2.575555e+01   5.270369e-01
  1.907294e+00   2.507226e+01   5.194832e-01
  1.911982e+00   2.602287e+01   5.284809e-01
  1.916671e+00   2.579503e+01   5.256385e-01
  1.921359e+00   2.507335e+01   5.177026e-01
  1.926047e+00   2.567370e+01   5.233350e-01
  1.930735e+00   2.543773e+01   5.201999e-01
  1.935423e+00   2.543121e+01   5.196019e-01
  1.940112e+00   2.536636e+01   5.183063e-01
  1.944800e+00   2.523993e+01   5.158561e-01
  1.949488e+00   2.548984e+01   5.170738e-01
  1.954176e+00   2.485281e+01   5.094433e-01
  1.958865e+00   2.552008e+01   5.150958e-01
  1.963553e+00   2.523102e+01   5.112713e-01
  1.968241e+00   2.524915e+01   5.109386e-01
  1.972929e+00   2.590620e+01   5.168952e-01
  1.977618e+00   2.491820e+01   5.065356e-01
  1.982306e+00   2.545724e+01   5.117010e-01
  1.986994e+00   2.548710e+01   5.119251e-01
  1.991682e+00   2.525184e+01   5.095966e-01
  1.996370e+00   2.528786e+01   5.100983e-01
  2.001059e+00   2.574648e+01   5.148608e-01
  2.005747e+00   2.508886e+01   5.080810e-01
  2.010435e+00   2.542110e+01   5.106073e-01
  2.015123e+00   2.581785e+01   5.140302e-01
  2.019812e+00   2.515748e+01   5.069163e-01
  2.024500e+00   2.535431e+01   5.084491e-01
  2.029188e+00   2.520381e+01   5.063150e-01
  2.033876e+00   2.532997e+01   5.070162e-01
  2.038565e+00   2.518629e+01   5.050451e-01
  2.043253e+00   2.506739e+01   5.034744e-01
  2.047941e+00   2.575938e+01   5.097887e-01
  2.052629e+00   2.513400e+01   5.047824e-01
  2.057317e+00   2.449087e+01   5.128434e-01
  2.062006e+00   2.441830e+01   5.213816e-01
  2.066694e+00   2.468471e+01   5.311874e-01
  2.071382e+00   2.492229e+01   5.394677e-01
  2.076070e+00   2.541790e+01   5.501189e-01
  2.080759e+00   2.596451e+01   5.609487e-01
  2.085447e+00   2.554834e+01   5.607130e-01
  2.090135e+00   2.558145e+01   5.631908e-01
  2.094823e+00   2.543886e+01   5.632251e-01
  2.099511e+00   2.535565e+01   5.638880e-01
  2.104200e+00   2.485359e+01   5.597258e-01
  2.108888e+00   2.481547e+01   5.605410e-01
  2.113576e+00   2.520679e+01   5.661898e-01
  2.118264e+00   2.515032e+01   5.600420e-01
  2.122953e+00   2.528607e+01   5.437702e-01
  2.127641e+00   2.522544e+01   5.341277e-01
  2.132329e+00   2.518589e+01   5.272262e-01
  2.137017e+00   2.532652e+01   5.237068e-01
  2.141706e+00   2.562370e+01   5.224088e-01
  2.146394e+00   2.545380e+01   5.168652e-01
  2.151082e+00   2.504328e+01   5.098581e-01
  2.155770e+00   2.502440e+01   5.085552e-01
  2.160458e+00   2.582206e+01   5.153998e-01
  2.165147e+00   2.520085e+01   5.080991e-01
  2.169835e+00   2.550300e+01   5.099431e-01
  2.174523e+00   2.584820e+01   5.124873e-01
  2.179211e+00   2.557898e+01   5.089051e-01
  2.183900e+00   2.552656e+01   5.074880e-01
  2.188588e+00   2.622975e+01   5.134888e-01
  2.193276e+00   2.584417e+01   5.088498e-01
  2.197964e+00   2.433421e+01   4.930395e-01
  2.202653e+00   2.479887e+01   4.969370e-01
  2.207341e+00   2.537261e+01   5.018624e-01
  2.212029e+00   2.531134e+01   5.004808e-01
  2.216717e+00   2.503189e+01   4.970584e-01
  2.221405e+00   2.627179e+01   5.084689e-01
  2.226094e+00   2.559426e+01   5.011811e-01
  2.230782e+00   2.562044e+01   5.007203e-01
  2.235470e+00   2.546759e+01   4.985622e-01
  2.240158e+00   2.507335e+01   4.940460e-01
  2.244847e+00   2.480422e+01   4.908088e-01
  2.249535e+00   2.503888e+01   4.923868e-01
  2.254223e+00   2.501033e+01   4.914691e-01
  2.258911e+00   2.538458e+01   4.945825e-01
  2.263600e+00   2.509595e+01   4.911914e-01
  2.268288e+00   2.504683e+01   4.900311e-01
  2.272976e+00   2.514909e+01   4.903897e-01
  2.277664e+00   2.552995e+01   4.935674e-01
  2.282352e+00   2.509172e+01   4.887774e-01
  2.287041e+00   2.533264e+01   4.905111e-01
  2.291729e+00   2.466701e+01   4.833485e-01
  2.296417e+00   2.486370e+01   4.848183e-01
  2.301105e+00   2.514605e+01   4.870218e-01
  2.305794e+00   2.497652e+01   4.848258e-01
  2.310482e+00   2.545300e+01   4.887535e-01
  2.315170e+00   2.555221e+01   4.892531e-01
  2.319858e+00   2.538183e+01   4.871120e-01
  2.324546e+00   2.516965e+01   4.845279e-01
  2.329235e+00   2.563923e+01   4.883727e-01
  2.333923e+00   2.572703e+01   4.887526e-01
  2.338611e+00   2.486868e+01   4.800407e-01
  2.343299e+00   2.475715e+01   4.784710e-01
  2.347988e+00   2.495277e+01   4.797172e-01
  2.352676e+00   2.512434e+01   4.809217e-01
  2.357364e+00   2.550219e+01   4.840392e-01
  2.362052e+00   2.473710e+01   4.762217e-01
  2.366741e+00   2.438200e+01   4.722549e-01
  2.371429e+00   2.493389e+01   4.770555e-01
  2.376117e+00   2.486741e+01   4.759862e-01
  2.380805e+00   2.487027e+01   4.755111e-01
  2.385493e+00   2.430221e+01   4.695485e-01
  2.390182e+00   2.513758e+01   4.770574e-01
  2.394870e+00   2.534428e+01   4.784976e-01
  2.399558e+00   2.499554e+01   4.747978e-01
  2.404246e+00   2.461855e+01   4.707021e-01
  2.408935e+00   2.492919e+01   4.731422e-01
  2.413623e+00   2.484226e+01   4.718445e-01
  2.418311e+00   2.480616e+01   4.710625e-01
  2.422999e+00   2.490877e+01   4.716480e-01
  2.427688e+00   2.491590e+01   4.710974e-01
  2.432376e+00   2.549858e+01   4.761669e-01
  2.437064e+00   2.503314e+01   4.713115e-01
  2.441752e+00   2.503135e+01   4.709721e-01
  2.446440e+00   2.528090e+01   4.726939e-01
  2.451129e+00   2.499911e+01   4.696340e-01
  2.455817e+00   2.509990e+01   4.702262e-01
  2.460505e+00   2.486752e+01   4.676555e-01
  2.465193e+00   2.460412e+01   4.645698e-01
  2.469882e+00   2.452646e+01   4.633573e-01
  2.474570e+00   2.451278e+01   4.628201e-01
  2.479258e+00   2.498491e+01   4.668776e-01
  2.483946e+00   2.543969e+01   4.706415e-01
  2.488634e+00   2.548752e+01   4.705466e-01
  2.493323e+00   2.485672e+01   4.643064e-01
  2.498011e+00   2.489453e+01   4.642746e-01
  2.502699e+00   2.406794e+01   4.560566e-01
  2.507387e+00   2.503697e+01   4.646444e-01
  2.512076e+00   2.543159e+01   4.678737e-01
  2.516764e+00   2.557863e+01   4.688524e-01
  2.521452e+00   2.531210e+01   4.659696e-01
  2.526140e+00   2.456940e+01   4.585958e-01
  2.530829e+00   2.508267e+01   4.629305e-01
  2.535517e+00   2.509169e+01   4.623921e-01
  2.540205e+00   2.497627e+01   4.604306e-01
  2.544893e+00   2.560110e+01   4.651423e-01
  2.549581e+00   2.544914e+01   4.629394e-01
  2.554270e+00   2.575296e+01   4.652525e-01
  2.558958e+00   2.481563e+01   4.563122e-01
  2.563646e+00   2.453091e+01   4.532881e-01
  2.568334e+00   2.508139e+01   4.578762e-01
  2.573023e+00   2.533866e+01   4.598419e-01
  2.577711e+00   2.468617e+01   4.535020e-01
  2.582399e+00   2.541097e+01   4.597327e-01
  2.587087e+00   2.508438e+01   4.564604e-01
  2.591776e+00   2.478683e+01   4.538085e-01
  2.596464e+00   2.511157e+01   4.569430e-01
  2.601152e+00   2.440931e+01   4.505701e-01
  2.605840e+00   2.471011e+01   4.529254e-01
  2.610528e+00   2.520609e+01   4.570442e-01
  2.615217e+00   2.493968e+01   4.542621e-01
  2.619905e+00   2.480297e+01   4.526996e-01
  2.624593e+00   2.486033e+01   4.527040e-01
  2.629281e+00   2.536049e+01   4.568640e-01
  2.633970e+00   2.498047e+01   4.530389e-01
  2.638658e+00   2.482306e+01   4.512979e-01
  2.643346e+00   2.491743e+01   4.517016e-01
  2.648034e+00   2.533351e+01   4.551069e-01
  2.652723e+00   2.517962e+01   4.533460e-01
  2.657411e+00   2.471309e+01   4.487245e-01
  2.662099e+00   2.456710e+01   4.469983e-01
  2.666787e+00   2.554212e+01   4.553118e-01
  2.671475e+00   2.591226e+01   4.582294e-01
  2.676164e+00   2.520935e+01   4.516878e-01
  2.680852e+00   2.510363e+01   4.504254e-01
  2.685540e+00   2.481706e+01   4.473296e-01
  2.690228e+00   2.470092e+01   4.458642e-01
  2.694917e+00   2.512188e+01   4.494314e-01
  2.699605e+00   2.513114e+01   4.491445e-01
  2.704293e+00   2.522175e+01   4.494042e-01
  2.708981e+00   2.483768e+01   4.456064e-01
  2.713669e+00   2.520831e+01   4.486160e-01
  2.718358e+00   2.461774e+01   4.429570e-01
  2.723046e+00   2.554986e+01   4.508325e-01
  2.727734e+00   2.515332e+01   4.469237e-01
  2.732422e+00   2.481435e+01   4.436037e-01
  2.737111e+00   2.522713e+01   4.469206e-01
  2.741799e+00   2.483261e+01   4.430058e-01
  2.746487e+00   2.543875e+01   4.479669e-01
  2.751175e+00   2.501048e+01   4.438702e-01
  2.755864e+00   2.489048e+01   4.424656e-01
  2.760552e+00   2.521404e+01   4.449428e-01
  2.765240e+00   2.488307e+01   4.415977e-01
  2.769928e+00   2.544924e+01   4.462553e-01
  2.774616e+00   2.490673e+01   4.411856e-01
  2.779305e+00   2.422378e+01   4.347032e-01
  2.783993e+00   2.478531e+01   4.393066e-01
  2.788681e+00   2.521508e+01   4.427817e-01
  2.793369e+00   2.501117e+01   4.407640e-01
  2.798058e+00   2.501842e+01   4.403663e-01
  2.802746e+00   2.468426e+01   4.372146e-01
  2.807434e+00   2.571700e+01   4.460150e-01
  2.812122e+00   2.590963e+01   4.470761e-01
  2.816811e+00   2.495435e+01   4.384631e-01
  2.821499e+00   2.455460e+01   4.345119e-01
  2.826187e+00   2.477841e+01   4.360946e-01
  2.830875e+00   2.464462e+01   4.345905e-01
  2.835563e+00   2.481050e+01   4.357519e-01
  2.840252e+00   2.510193e+01   4.378565e-01
  2.844940e+00   2.486004e+01   4.354342e-01
  2.849628e+00   2.518780e+01   4.379562e-01
  2.854316e+00   2.454998e+01   4.320646e-01
  2.859005e+00   2.428681e+01   4.369738e-01
  2.863693e+00   2.495615e+01   4.526697e-01
  2.868381e+00   2.472722e+01   4.565368e-01
  2.873069e+00   2.508182e+01   4.647837e-01
  2.877758e+00   2.522690e+01   4.701906e-01
  2.882446e+00   2.460470e+01   4.672511e-01
  2.887134e+00   2.478770e+01   4.705418e-01
  2.891822e+00   2.513128e+01   4.751745e-01
  2.896510e+00   2.552228e+01   4.801842e-01
  2.901199e+00   2.489138e+01   4.753225e-01
  2.905887e+00   2.514286e+01   4.789131e-01
  2.910575e+00   2.482018e+01   4.768795e-01
  2.915263e+00   2.473825e+01   4.770675e-01
  2.919952e+00   2.486362e+01   4.788138e-01
  2.924640e+00   2.448263e+01   4.622889e-01
  2.929328e+00   2.536887e+01   4.622639e-01
  2.934016e+00   2.529258e+01   4.562877e-01
  2.938704e+00   2.500609e+01   4.495994e-01
  2.943393e+00   2.442378e+01   4.411301e-01
  2.948081e+00   2.463664e+01   4.413221e-01
  2.952769e+00   2.497219e+01   4.432107e-01
  2.957457e+00   2.515997e+01   4.439754e-01
  2.962146e+00   2.489477e+01   4.406861e-01
  2.966834e+00   2.515236e+01   4.422742e-01
  2.971522e+00   2.511015e+01   4.410369e-01
  2.976210e+00   2.514589e+01   4.406639e-01
  2.980899e+00   2.502212e+01   4.388433e-01
  2.985587e+00   2.492654e+01   4.373405e-01
  2.990275e+00   2.458687e+01   4.337231e-01
  2.994963e+00   2.417091e+01   4.295200e-01
  2.999651e+00   2.463593e+01   4.330089e-01
  3.004340e+00   2.526702e+01   4.379290e-01
  3.009028e+00   2.527900e+01   4.374830e-01
  3.013716e+00   2.512679e+01   4.356842e-01
  3.018404e+00   2.497311e+01   4.338229e-01
  3.023093e+00   2.522873e+01   4.354850e-01
  3.027781e+00   2.477912e+01   4.310835e-01
  3.032469e+00   2.471575e+01   4.300968e-01
  3.037157e+00   2.490602e+01   4.313110e-01
  3.041846e+00   2.508539e+01   4.323131e-01
  3.046534e+00   2.511075e+01   4.320567e-01
  3.051222e+00   2.486878e+01   4.296563e-01
  3.055910e+00   2.537612e+01   4.336067e-01
  3.060598e+00   2.486319e+01   4.285756e-01
  3.065287e+00   2.432882e+01   4.235534e-01
  3.069975e+00   2.438425e+01   4.236335e-01
  3.074663e+00   2.435302e+01   4.230103e-01
  3.079351e+00   2.509676e+01   4.289352e-01
  3.084040e+00   2.531861e+01   4.303656e-01
  3.088728e+00   2.510045e+01   4.281487e-01
  3.093416e+00   2.466810e+01   4.242184e-01
  3.098104e+00   2.526366e+01   4.288425e-01
  3.102793e+00   2.517558e+01   4.276447e-01
  3.107481e+00   2.540166e+01   4.291904e-01
  3.112169e+00   2.526789e+01   4.276423e-01
  3.116857e+00   2.523978e+01   4.269757e-01
  3.121545e+00   2.460463e+01   4.211408e-01
  3.126234e+00   2.547467e+01   4.281669e-01
  3.130922e+00   2.493943e+01   4.233427e-01
  3.135610e+00   2.468127e+01   4.207611e-01
  3.140298e+00   2.475126e+01   4.211575e-01
  3.144987e+00   2.526069e+01   4.251216e-01
  3.149675e+00   2.461391e+01   4.190751e-01
  3.154363e+00   2.455933e+01   4.182898e-01
  3.159051e+00   2.488009e+01   4.205567e-01
  3.163739e+00   2.514590e+01   4.224400e-01
  3.168428e+00   2.485824e+01   4.197443e-01
  3.173116e+00   2.503637e+01   4.209636e-01
  3.177804e+00   2.539443e+01   4.234998e-01
  3.182492e+00   2.565538e+01   4.253046e-01
  3.187181e+00   2.485187e+01   4.182754e-01
  3.191869e+00   2.484494e+01   4.178852e-01
  3.196557e+00   2.476377e+01   4.168130e-01
  3.201245e+00   2.500050e+01   4.184513e-01
  3.205934e+00   2.459776e+01   4.147506e-01
  3.210622e+00   2.521064e+01   4.196158e-01
  3.215310e+00   2.527590e+01   4.197415e-01
  3.219998e+00   2.508758e+01   4.176873e-01
  3.224686e+00   2.479486e+01   4.145685e-01
  3.229375e+00   2.476286e+01   4.135256e-01
  3.234063e+00   2.493728e+01   4.144664e-01
  3.238751e+00   2.497620e+01   4.144331e-01
  3.243439e+00   2.513452e+01   4.154166e-01
  3.248128e+00   2.455187e+01   4.103009e-01
  3.252816e+00   2.506707e+01   4.142663e-01
  3.257504e+00   2.488886e+01   4.124004e-01
  3.262192e+00   2.467223e+01   4.103274e-01
  3.266881e+00   2.564702e+01   4.180439e-01
  3.271569e+00   2.553825e+01   4.168578e-01
  3.276257e+00   2.501512e+01   4.122646e-01
  3.280945e+00   2.514235e+01   4.133777e-01
  3.285633e+00   2.510958e+01   4.132516e-01
  3.290322e+00   2.517877e+01   4.137803e-01
  3.295010e+00   2.497034e+01   4.117192e-01
  3.299698e+00   2.478029e+01   4.098406e-01
  3.304386e+00   2.522090e+01   4.131460e-01
  3.309075e+00   2.528832e+01   4.134449e-01
  3.313763e+00   2.551003e+01   4.149104e-01
  3.318451e+00   2.461536e+01   4.072300e-01
  3.323139e+00   2.482640e+01   4.087097e-01
  3.327828e+00   2.460819e+01   4.065884e-01
  3.332516e+00   2.438608e+01   4.045002e-01
  3.337204e+00   2.508088e+01   4.098371e-01
  3.341892e+00   2.483418e+01   4.076176e-01
  3.346580e+00   2.429536e+01   4.028746e-01
  3.351269e+00   2.466569e+01   4.055948e-01
  3.355957e+00   2.531645e+01   4.113913e-01
  3.360645e+00   2.484223e+01   4.174955e-01
  3.365333e+00   2.510458e+01   4.263375e-01
  3.370022e+00   2.394117e+01   4.209069e-01
  3.374710e+00   2.473885e+01   4.299700e-01
  3.379398e+00   2.525060e+01   4.360158e-01
  3.384086e+00   2.499916e+01   4.352451e-01
  3.388774e+00   2.472359e+01   4.333271e-01
  3.393463e+00   2.461897e+01   4.320460e-01
  3.398151e+00   2.494074e+01   4.352837e-01
  3.402839e+00   2.501374e+01   4.368860e-01
  3.407527e+00   2.480726e+01   4.360444e-01
  3.412216e+00   2.426970e+01   4.321143e-01
  3.416904e+00   2.492702e+01   4.387458e-01
  3.421592e+00   2.464349e+01   4.370810e-01
  3.426280e+00   2.516521e+01   4.424122e-01
  3.430969e+00   2.514038e+01   4.429759e-01
  3.435657e+00   2.562913e+01   4.480100e-01
  3.440345e+00   2.468595e+01   4.402524e-01
  3.445033e+00   2.434008e+01   4.378283e-01
  3.449721e+00   2.535847e+01   4.476270e-01
  3.454410e+00   2.449239e+01   4.404138e-01
  3.459098e+00   2.422506e+01   4.385728e-01
  3.463786e+00   2.441234e+01   4.408250e-01
  3.468474e+00   2.448833e+01   4.420820e-01
  3.473163e+00   2.553034e+01   4.518730e-01
  3.477851e+00   2.478532e+01   4.457894e-01
  3.482539e+00   2.453583e+01   4.442323e-01
  3.487227e+00   2.393916e+01   4.390721e-01
  3.491916e+00   2.434094e+01   4.432665e-01
  3.496604e+00   2.473582e+01   4.473011e-01
  3.501292e+00   2.500106e+01   4.501505e-01
  3.505980e+00   2.463142e+01   4.472833e-01
  3.510668e+00   2.507849e+01   4.517725e-01
  3.515357e+00   2.457959e+01   4.476357e-01
  3.520045e+00   2.463241e+01   4.486144e-01
  3.524733e+00   2.526959e+01   4.547624e-01
  3.529421e+00   2.447953e+01   4.479724e-01
  3.534110e+00   2.449680e+01   4.485813e-01
  3.538798e+00   2.462016e+01   4.500585e-01
  3.543486e+00   2.487729e+01   4.528005e-01
  3.548174e+00   2.490929e+01   4.534924e-01
  3.552863e+00   2.512619e+01   4.558139e-01
  3.557551e+00   2.463362e+01   4.516652e-01
  3.562239e+00   2.423977e+01   4.484428e-01
  3.566927e+00   2.445961e+01   4.508172e-01
  3.571615e+00   2.466745e+01   4.530476e-01
  3.576304e+00   2.459206e+01   4.526772e-01
  3.580992e+00   2.453581e+01   4.524443e-01
  3.585680e+00   2.459093e+01   4.526884e-01
  3.590368e+00   2.438059e+01   4.503242e-01
  3.595057e+00   2.442429e+01   4.503262e-01
  3.599745e+00   2.417607e+01   4.476426e-01
  3.604433e+00   2.429063e+01   4.484318e-01
  3.609121e+00   2.439035e+01   4.498189e-01
  3.613809e+00   2.406038e+01   4.468285e-01
  3.618498e+00   2.435579e+01   4.497989e-01
  3.623186e+00   2.511444e+01   4.570755e-01
  3.627874e+00   2.487230e+01   4.551444e-01
  3.632562e+00   2.473538e+01   4.541288e-01
  3.637251e+00   2.421721e+01   4.496524e-01
  3.641939e+00   2.446629e+01   4.522166e-01
  3.646627e+00   2.459005e+01   4.536675e-01
  3.651315e+00   2.483439e+01   4.561381e-01
  3.656004e+00   2.466163e+01   4.550080e-01
  3.660692e+00   2.549430e+01   4.697710e-01
  3.665380e+00   2.496873e+01   4.815347e-01
  3.670068e+00   2.443722e+01   4.846146e-01
  3.674756e+00   2.438144e+01   4.916811e-01
  3.679445e+00   2.390556e+01   4.926821e-01
  3.684133e+00   2.374247e+01   4.943526e-01
  3.688821e+00   2.401081e+01   5.002082e-01
  3.693509e+00   2.479508e+01   5.113208e-01
  3.698198e+00   2.437714e+01   5.097655e-01
  3.702886e+00   2.540691e+01   5.232639e-01
  3.707574e+00   2.487750e+01   5.203753e-01
  3.712262e+00   2.441549e+01   5.181347e-01
  3.716951e+00   2.434654e+01   5.198607e-01
  3.721639e+00   2.379806e+01   5.164199e-01
  3.726327e+00   2.505172e+01   5.322330e-01
  3.731015e+00   2.465604e+01   5.304391e-01
  3.735703e+00   2.494020e+01   5.358030e-01
  3.740392e+00   2.494443e+01   5.382208e-01
  3.745080e+00   2.468199e+01   5.376079e-01
  3.749768e+00   2.412100e+01   5.337260e-01
  3.754456e+00   2.390582e+01   5.335190e-01
  3.759145e+00   2.440410e+01   5.412817e-01
  3.763833e+00   2.447397e+01   5.442187e-01
  3.768521e+00   2.413993e+01   5.426735e-01
  3.773209e+00   2.427497e+01   5.463116e-01
  3.777897e+00   2.534955e+01   5.604830e-01
  3.782586e+00   2.516142e+01   5.605455e-01
  3.787274e+00   2.467435e+01   5.572433e-01
  3.791962e+00   2.562274e+01   5.700252e-01
  3.796650e+00   2.546373e+01   5.704056e-01
  3.801339e+00   2.570238e+01   5.752264e-01
  3.806027e+00   2.518275e+01   5.715111e-01
  3.810715e+00   2.519755e+01   5.738091e-01
  3.815403e+00   2.499373e+01   5.735890e-01
  3.820092e+00   2.517665e+01   5.778073e-01
  3.824780e+00   2.485831e+01   5.762490e-01
  3.829468e+00   2.464048e+01   5.758378e-01
  3.834156e+00   2.403858e+01   5.707873e-01
  3.838844e+00   2.411453e+01   5.737805e-01
  3.843533e+00   2.499669e+01   5.862638e-01
  3.848221e+00   2.438307e+01   5.810839e-01
  3.852909e+00   2.487228e+01   5.890051e-01
  3.857597e+00   2.472407e+01   5.893475e-01
  3.862286e+00   2.420910e+01   5.852552e-01
  3.866974e+00   2.397226e+01   5.844381e-01
  3.871662e+00   2.425151e+01   5.900410e-01
  3.876350e+00   2.396386e+01   5.886952e-01
  3.881039e+00   2.438122e+01   5.957031e-01
  3.885727e+00   2.500756e+01   6.054287e-01
  3.890415e+00   2.454368e+01   6.018397e-01
  3.895103e+00   2.451209e+01   6.036301e-01
  3.899791e+00   2.463594e+01   6.072122e-01
  3.904480e+00   2.483562e+01   6.118438e-01
  3.909168e+00   2.534416e+01   6.202028e-01
  3.913856e+00   2.474723e+01   6.150852e-01
  3.918544e+00   2.451064e+01   6.141748e-01
  3.923233e+00   2.499614e+01   6.224641e-01
  3.927921e+00   2.453655e+01   6.187938e-01
  3.932609e+00   2.524626e+01   6.298043e-01
  3.937297e+00   2.466352e+01   6.236123e-01
  3.941986e+00   2.446959e+01   6.219368e-01
  3.946674e+00   2.432987e+01   6.207909e-01
  3.951362e+00   2.540320e+01   6.339701e-01
  3.956050e+00   2.493433e+01   6.270337e-01
  3.960738e+00   2.471129e+01   6.240600e-01
  3.965427e+00   2.463069e+01   6.237859e-01
  3.970115e+00   2.482363e+01   6.281604e-01
  3.974803e+00   2.490051e+01   6.311479e-01
  3.979491e+00   2.485079e+01   6.322826e-01
  3.984180e+00   2.516269e+01   6.383812e-01
  3.988868e+00   2.494257e+01   6.376989e-01
  3.993556e+00   2.494265e+01   6.398352e-01
  3.998244e+00   2.447405e+01   6.359601e-01
  4.002932e+00   2.560590e+01   6.527199e-01
  4.007621e+00   2.481506e+01   6.446862e-01
  4.012309e+00   2.457580e+01   6.437370e-01
  4.016997e+00   2.552690e+01   6.583039e-01
  4.021685e+00   2.471497e+01   6.499801e-01
  4.026374e+00   2.496586e+01   6.554822e-01
  4.031062e+00   2.461817e+01   6.531015e-01
  4.035750e+00   2.405348e+01   6.477544e-01
  4.040438e+00   2.449373e+01   6.559157e-01
  4.045127e+00   2.466461e+01   6.604546e-01
  4.049815e+00   2.405457e+01   6.544644e-01
  4.054503e+00   2.433273e+01   6.604817e-01
  4.059191e+00   2.390953e+01   6.569999e-01
  4.063879e+00   2.436160e+01   6.654822e-01
  4.068568e+00   2.447422e+01   6.693117e-01
  4.073256e+00   2.504145e+01   6.793512e-01
  4.077944e+00   2.418396e+01   6.699675e-01
  4.082632e+00   2.497217e+01   6.831639e-01
  4.087321e+00   2.425498e+01   6.756486e-01
  4.092009e+00   2.400828e+01   6.745543e-01
  4.096697e+00   2.421346e+01   6.798137e-01
  4.101385e+00   2.466249e+01   6.884732e-01
  4.106074e+00   2.467207e+01   6.910835e-01
  4.110762e+00   2.459126e+01   6.924214e-01
  4.115450e+00   2.425966e+01   6.901721e-01
  4.120138e+00   2.457237e+01   6.970360e-01
  4.124826e+00   2.510835e+01   7.071383e-01
  4.129515e+00   2.471122e+01   7.040880e-01
  4.134203e+00   2.479801e+01   7.078254e-01
  4.138891e+00   2.446430e+01   7.056047e-01
  4.143579e+00   2.531238e+01   7.203331e-01
  4.148268e+00   2.512050e+01   7.202566e-01
  4.152956e+00   2.440317e+01   7.124770e-01
  4.157644e+00   2.363350e+01   7.036422e-01
  4.162332e+00   2.493601e+01   7.255376e-01
  4.167021e+00   2.433134e+01   7.193323e-01
  4.171709e+00   2.525263e+01   7.354678e-01
  4.176397e+00   2.470285e+01   7.301766e-01
  4.181085e+00   2.381371e+01   7.195910e-01
  4.185773e+00   2.521272e+01   7.432740e-01
  4.190462e+00   2.490613e+01   7.415918e-01
  4.195150e+00   2.471131e+01   7.423635e-01
  4.199838e+00   2.427739e+01   7.378987e-01
  4.204526e+00   2.350871e+01   7.286350e-01
  4.209215e+00   2.308918e+01   7.248936e-01
  4.213903e+00   2.435738e+01   7.474013e-01
  4.218591e+00   2.469705e+01   7.555004e-01
  4.223279e+00   2.517859e+01   7.658393e-01
  4.227967e+00   2.461332e+01   7.601119e-01
  4.232656e+00   2.404538e+01   7.542576e-01
  4.237344e+00   2.392721e+01   7.554134e-01
  4.242032e+00   2.460372e+01   7.690293e-01
  4.246720e+00   2.446356e+01   7.698330e-01
  4.251409e+00   2.417186e+01   7.684378e-01
  4.256097e+00   2.584570e+01   7.977130e-01
  4.260785e+00   2.482077e+01   7.848911e-01
  4.265473e+00   2.374689e+01   7.716131e-01
  4.270162e+00   2.431336e+01   7.846880e-01
  4.274850e+00   2.506425e+01   8.024222e-01
  4.279538e+00   2.562045e+01   8.149214e-01
  4.284226e+00   2.471332e+01   8.002525e-01
  4.288914e+00   2.369073e+01   7.859882e-01
  4.293603e+00   2.476015e+01   8.069592e-01
  4.298291e+00   2.607905e+01   8.318161e-01
  4.302979e+00   2.550040e+01   8.258763e-01
  4.307667e+00   2.455511e+01   8.139485e-01
  4.312356e+00   2.411600e+01   8.102170e-01
  4.317044e+00   2.386645e+01   8.093751e-01
  4.321732e+00   2.442411e+01   8.224029e-01
  4.326420e+00   2.482220e+01   8.327991e-01
  4.331109e+00   2.352341e+01   8.141895e-01
  4.335797e+00   2.393995e+01   8.250622e-01
  4.340485e+00   2.432767e+01   8.362548e-01
  4.345173e+00   2.445516e+01   8.416461e-01
  4.349861e+00   2.551853e+01   8.634065e-01
  4.354550e+00   2.471248e+01   8.536041e-01
  4.359238e+00   2.348148e+01   8.358647e-01
  4.363926e+00   2.472134e+01   8.616044e-01
  4.368614e+00   2.430753e+01   8.583393e-01
  4.373303e+00   2.377634e+01   8.529762e-01
  4.377991e+00   2.567207e+01   8.904720e-01
  4.382679e+00   2.383395e+01   8.620690e-01
  4.387367e+00   2.418922e+01   8.727487e-01
  4.392056e+00   2.519280e+01   8.949184e-01
  4.396744e+00   2.445469e+01   8.859692e-01
  4.401432e+00   2.564936e+01   9.127758e-01
  4.406120e+00   2.505660e+01   9.047134e-01
  4.410808e+00   2.531966e+01   9.100825e-01
  4.415497e+00   2.506769e+01   9.061461e-01
  4.420185e+00   2.430267e+01   8.927641e-01
  4.424873e+00   2.405482e+01   8.888756e-01
  4.429561e+00   2.525742e+01   9.114461e-01
  4.434250e+00   2.510426e+01   9.093088e-01
  4.438938e+00   2.480756e+01   9.046020e-01
  4.443626e+00   2.502853e+01   9.091341e-01
  4.448314e+00   2.388404e+01   8.902296e-01
  4.453002e+00   2.405355e+01   8.976798e-01
  4.457691e+00   2.541541e+01   9.274366e-01
  4.462379e+00   2.400351e+01   9.058584e-01
  4.467067e+00   2.320892e+01   8.952785e-01
  4.471755e+00   2.316881e+01   8.990992e-01
  4.476444e+00   2.513130e+01   9.413211e-01
  4.481132e+00   2.586511e+01   9.599718e-01
  4.485820e+00   2.506401e+01   9.500580e-01
  4.490508e+00   2.522195e+01   9.581120e-01
  4.495197e+00   2.479485e+01   9.550672e-01
  4.499885e+00   2.532349e+01   9.704189e-01
  4.504573e+00   2.537154e+01   9.766448e-01
  4.509261e+00   2.334045e+01   9.419410e-01
  4.513949e+00   2.451639e+01   9.708213e-01
  4.518638e+00   2.560443e+01   9.977356e-01
  4.523326e+00   2.501783e+01   9.918838e-01
  4.528014e+00   2.581554e+01   1.013350e+00
  4.532702e+00   2.332236e+01   9.687498e-01
  4.537391e+00   2.374075e+01   9.831104e-01
  4.542079e+00   2.538864e+01   1.022748e+00
  4.546767e+00   2.523121e+01   1.025699e+00
  4.551455e+00   2.523811e+01   1.032019e+00
  4.556144e+00   2.555568e+01   1.044824e+00
  4.560832e+00   2.282618e+01   9.935284e-01
  4.565520e+00   2.539375e+01   1.054435e+00
  4.570208e+00   2.531628e+01   1.059576e+00
  4.574896e+00   2.375250e+01   1.032951e+00
  4.579585e+00   2.329857e+01   1.029609e+00
  4.584273e+00   2.233024e+01   1.014541e+00
  4.588961e+00   2.324889e+01   1.042013e+00
  4.593649e+00   2.380219e+01   1.061361e+00
  4.598338e+00   2.537457e+01   1.103422e+00
  4.603026e+00   2.576382e+01   1.119444e+00
  4.607714e+00   2.597136e+01   1.131702e+00
  4.612402e+00   2.534042e+01   1.125682e+00
  4.617091e+00   2.482312e+01   1.122011e+00
  4.621779e+00   2.462334e+01   1.125654e+00
  4.626467e+00   2.621632e+01   1.170003e+00
  4.631155e+00   2.592264e+01   1.171993e+00
  4.635843e+00   2.521591e+01   1.164519e+00
  4.640532e+00   2.657317e+01   1.204480e+00
  4.645220e+00   2.575371e+01   1.195032e+00
  4.649908e+00   2.426882e+01   1.169178e+00
  4.654596e+00   2.564398e+01   1.211310e+00
  4.659285e+00   2.402388e+01   1.181799e+00
  4.663973e+00   2.381982e+01   1.186312e+00
  4.668661e+00   2.494041e+01   1.224180e+00
  4.673349e+00   2.430293e+01   1.218574e+00
  4.678037e+00   2.303062e+01   1.196323e+00
  4.682726e+00   2.447104e+01   1.243794e+00
  4.687414e+00   2.537530e+01   1.277792e+00
  4.692102e+00   2.600844e+01   1.305424e+00
  4.696790e+00   2.556732e+01   1.306033e+00
  4.701479e+00   2.536189e+01   1.312759e+00
  4.706167e+00   2.456516e+01   1.304084e+00
  4.710855e+00   2.292628e+01   1.272224e+00
  4.715543e+00   2.411495e+01   1.317521e+00
  4.720232e+00   2.218145e+01   1.276096e+00
  4.724920e+00   2.274098e+01   1.305104e+00
  4.729608e+00   2.468301e+01   1.373975e+00
  4.734296e+00   2.379983e+01   1.363509e+00
  4.738984e+00   2.376679e+01   1.377113e+00
  4.743673e+00   2.738224e+01   1.494269e+00
  4.748361e+00   2.541323e+01   1.455865e+00
  4.753049e+00   2.445755e+01   1.444797e+00
  4.757737e+00   2.475063e+01   1.470325e+00
  4.762426e+00   2.495909e+01   1.494051e+00
  4.767114e+00   2.477285e+01   1.506952e+00
  4.771802e+00   2.556405e+01   1.550417e+00
  4.776490e+00   2.600540e+01   1.583704e+00
  4.781179e+00   2.572840e+01   1.595838e+00
  4.785867e+00   2.446136e+01   1.577384e+00
  4.790555e+00   2.501951e+01   1.617668e+00
  4.795243e+00   2.631919e+01   1.682617e+00
  4.799931e+00   2.533196e+01   1.674758e+00
  4.804620e+00   2.477935e+01   1.681914e+00
  4.809308e+00   2.627339e+01   1.758887e+00
  4.813996e+00   2.500027e+01   1.742988e+00
  4.818684e+00   2.235072e+01   1.675019e+00
  4.823373e+00   2.632912e+01   1.850072e+00
  4.828061e+00   2.611825e+01   1.875360e+00
  4.832749e+00   2.271846e+01   1.780800e+00
  4.837437e+00   2.312833e+01   1.831016e+00
  4.842125e+00   2.539327e+01   1.957184e+00
  4.846814e+00   2.432249e+01   1.954349e+00
  4.851502e+00   2.522229e+01   2.032193e+00
  4.856190e+00   2.567088e+01   2.096858e+00
  4.860878e+00   2.890969e+01   2.277174e+00
  4.865567e+00   2.388983e+01   2.120004e+00
  4.870255e+00   2.376188e+01   2.168944e+00
  4.874943e+00   2.403227e+01   2.242201e+00
  4.879631e+00   2.678880e+01   2.434068e+00
  4.884320e+00   2.787028e+01   2.556861e+00
  4.889008e+00   2.865513e+01   2.677913e+00
  4.893696e+00   2.843639e+01   2.759284e+00
  4.898384e+00   2.469095e+01   2.664614e+00
  4.903072e+00   2.057714e+01   2.529466e+00
  4.907761e+00   2.293911e+01   2.822291e+00
  4.912449e+00   2.950819e+01   4.422896e+00
  4.917137e+00   3.947294e+01   1.406287e+01
