# [1] GI
# Sample c= 1.06 mg/ml
#
# Sample environment:
# Detector = Pilatus
# PixelSize_1 = 0.000172
# PixelSize_2 = 0.000172
#
# title = [1] GI
# Frame 108 of 120
# Time per frame (s) = 1.0
# SampleDistance = 2.869
# WaveLength = 9.919e-11
# Normalization = 0.001062898
# DiodeCurr = 8.638966e-05
# MachCurr = 68.65081
# Mask = /data/bm29/archive/CALIBRATION/MASK/BM29/Pcon_19thNovember2015_7keV_v3.edf
#
# N 3
# L q*nm  I_[1] GI  stddev
#
# Sample Information:
# Storage Temperature (degrees C): 20.0
# Measurement Temperature (degrees C): 20.08
# Concentration: 1.06
# Code: GI
  3.200246e-02   1.763255e+02   2.005196e+01
  3.669069e-02   5.401641e+02   1.593417e+01
  4.137892e-02   8.471860e+02   1.486523e+01
  4.606715e-02   8.042036e+02   1.199217e+01
  5.075538e-02   5.993915e+02   9.404385e+00
  5.544361e-02   4.877103e+02   7.837255e+00
  6.013183e-02   4.013510e+02   6.797311e+00
  6.482006e-02   3.524046e+02   6.111014e+00
  6.950829e-02   3.187519e+02   5.576632e+00
  7.419652e-02   2.884657e+02   5.092459e+00
  7.888475e-02   2.703597e+02   4.765907e+00
  8.357298e-02   2.555345e+02   4.495395e+00
  8.826121e-02   2.450461e+02   4.277496e+00
  9.294944e-02   2.331164e+02   4.049810e+00
  9.763767e-02   2.223308e+02   3.845939e+00
  1.023259e-01   2.125864e+02   3.671227e+00
  1.070141e-01   2.107384e+02   3.571718e+00
  1.117024e-01   2.091034e+02   3.477202e+00
  1.163906e-01   2.021773e+02   3.336344e+00
  1.210788e-01   2.017424e+02   3.267239e+00
  1.257670e-01   1.986353e+02   3.179703e+00
  1.304553e-01   1.996382e+02   3.131574e+00
  1.351435e-01   1.932885e+02   3.019291e+00
  1.398317e-01   1.872655e+02   2.920563e+00
  1.445200e-01   1.865567e+02   2.866855e+00
  1.492082e-01   1.865638e+02   2.821162e+00
  1.538964e-01   1.861661e+02   2.768543e+00
  1.585846e-01   1.844641e+02   2.712136e+00
  1.632729e-01   1.798778e+02   2.639311e+00
  1.679611e-01   1.773178e+02   2.583580e+00
  1.726493e-01   1.764890e+02   2.539341e+00
  1.773376e-01   1.755327e+02   2.494602e+00
  1.820258e-01   1.775393e+02   2.476602e+00
  1.867140e-01   1.729043e+02   2.413302e+00
  1.914022e-01   1.720584e+02   2.376999e+00
  1.960905e-01   1.742540e+02   2.358823e+00
  2.007787e-01   1.679798e+02   2.291265e+00
  2.054669e-01   1.700868e+02   2.279284e+00
  2.101552e-01   1.695278e+02   2.250044e+00
  2.148434e-01   1.662469e+02   2.199631e+00
  2.195316e-01   1.665022e+02   2.177280e+00
  2.242199e-01   1.616510e+02   2.123081e+00
  2.289081e-01   1.596146e+02   2.088036e+00
  2.335963e-01   1.564836e+02   2.044271e+00
  2.382845e-01   1.566700e+02   2.023953e+00
  2.429728e-01   1.576163e+02   2.010671e+00
  2.476610e-01   1.534793e+02   1.965415e+00
  2.523492e-01   1.536332e+02   1.947034e+00
  2.570375e-01   1.518780e+02   1.916035e+00
  2.617257e-01   1.524156e+02   1.902476e+00
  2.664139e-01   1.505749e+02   1.874466e+00
  2.711021e-01   1.486260e+02   1.846196e+00
  2.757904e-01   1.483819e+02   1.826983e+00
  2.804786e-01   1.470481e+02   1.804373e+00
  2.851668e-01   1.459114e+02   1.782817e+00
  2.898551e-01   1.431748e+02   1.750764e+00
  2.945433e-01   1.418043e+02   1.728327e+00
  2.992315e-01   1.419218e+02   1.753886e+00
  3.039197e-01   1.407060e+02   1.760154e+00
  3.086080e-01   1.378725e+02   1.747389e+00
  3.132962e-01   1.352307e+02   1.731470e+00
  3.179844e-01   1.351400e+02   1.730550e+00
  3.226727e-01   1.343739e+02   1.725590e+00
  3.273609e-01   1.330013e+02   1.714840e+00
  3.320491e-01   1.318400e+02   1.704270e+00
  3.367374e-01   1.286330e+02   1.678983e+00
  3.414256e-01   1.289605e+02   1.677703e+00
  3.461138e-01   1.280945e+02   1.668642e+00
  3.508020e-01   1.242628e+02   1.639544e+00
  3.554903e-01   1.219573e+02   1.618202e+00
  3.601785e-01   1.224192e+02   1.618168e+00
  3.648667e-01   1.221195e+02   1.627830e+00
  3.695550e-01   1.188352e+02   1.642161e+00
  3.742432e-01   1.176978e+02   1.652755e+00
  3.789314e-01   1.133496e+02   1.637255e+00
  3.836196e-01   1.144713e+02   1.655871e+00
  3.883079e-01   1.136856e+02   1.659143e+00
  3.929961e-01   1.116024e+02   1.658887e+00
  3.976843e-01   1.114931e+02   1.680607e+00
  4.023726e-01   1.097849e+02   1.684223e+00
  4.070608e-01   1.078032e+02   1.675754e+00
  4.117490e-01   1.049882e+02   1.656981e+00
  4.164372e-01   1.060577e+02   1.668197e+00
  4.211255e-01   1.049880e+02   1.663082e+00
  4.258137e-01   1.040210e+02   1.656803e+00
  4.305019e-01   1.015487e+02   1.635468e+00
  4.351902e-01   9.806625e+01   1.603867e+00
  4.398784e-01   9.762099e+01   1.598285e+00
  4.445666e-01   1.002271e+02   1.638031e+00
  4.492548e-01   1.016924e+02   1.706301e+00
  4.539431e-01   9.723706e+01   1.700617e+00
  4.586313e-01   9.524924e+01   1.708526e+00
  4.633195e-01   9.126427e+01   1.694771e+00
  4.680078e-01   9.279695e+01   1.729123e+00
  4.726960e-01   9.327982e+01   1.752147e+00
  4.773842e-01   9.317684e+01   1.768596e+00
  4.820725e-01   8.890546e+01   1.744184e+00
  4.867607e-01   8.754990e+01   1.747366e+00
  4.914489e-01   8.685701e+01   1.755632e+00
  4.961371e-01   8.709772e+01   1.772550e+00
  5.008254e-01   8.598151e+01   1.775630e+00
  5.055136e-01   8.249670e+01   1.753843e+00
  5.102018e-01   8.375578e+01   1.726648e+00
  5.148901e-01   8.136785e+01   1.642395e+00
  5.195783e-01   8.014211e+01   1.602582e+00
  5.242665e-01   7.785183e+01   1.560998e+00
  5.289547e-01   7.609720e+01   1.528636e+00
  5.336430e-01   7.612566e+01   1.515666e+00
  5.383312e-01   7.629860e+01   1.506351e+00
  5.430194e-01   7.647983e+01   1.499058e+00
  5.477077e-01   7.637685e+01   1.489732e+00
  5.523959e-01   7.398519e+01   1.458057e+00
  5.570841e-01   7.142225e+01   1.424756e+00
  5.617723e-01   7.109328e+01   1.415449e+00
  5.664606e-01   7.044479e+01   1.402794e+00
  5.711488e-01   6.859492e+01   1.378789e+00
  5.758370e-01   6.772413e+01   1.362362e+00
  5.805253e-01   6.728976e+01   1.349609e+00
  5.852135e-01   6.728715e+01   1.340940e+00
  5.899017e-01   6.542147e+01   1.313064e+00
  5.945900e-01   6.469652e+01   1.295289e+00
  5.992782e-01   6.447023e+01   1.284701e+00
  6.039664e-01   6.295777e+01   1.262087e+00
  6.086546e-01   6.308412e+01   1.255825e+00
  6.133429e-01   6.226121e+01   1.239555e+00
  6.180311e-01   5.961608e+01   1.205780e+00
  6.227193e-01   5.918462e+01   1.194792e+00
  6.274076e-01   5.926706e+01   1.190633e+00
  6.320958e-01   5.772210e+01   1.171740e+00
  6.367840e-01   5.790508e+01   1.170225e+00
  6.414722e-01   5.647886e+01   1.153400e+00
  6.461605e-01   5.519921e+01   1.137617e+00
  6.508487e-01   5.458907e+01   1.128889e+00
  6.555369e-01   5.497247e+01   1.129460e+00
  6.602252e-01   5.415189e+01   1.118624e+00
  6.649134e-01   5.563902e+01   1.131518e+00
  6.696016e-01   5.318371e+01   1.103974e+00
  6.742898e-01   5.244814e+01   1.093244e+00
  6.789781e-01   5.192635e+01   1.085427e+00
  6.836663e-01   5.283113e+01   1.092534e+00
  6.883545e-01   4.937979e+01   1.054286e+00
  6.930428e-01   4.831639e+01   1.040033e+00
  6.977310e-01   4.853874e+01   1.040056e+00
  7.024192e-01   4.966183e+01   1.049905e+00
  7.071074e-01   4.800344e+01   1.030250e+00
  7.117957e-01   4.865223e+01   1.034832e+00
  7.164839e-01   4.682333e+01   1.012566e+00
  7.211721e-01   4.615830e+01   1.003448e+00
  7.258604e-01   4.678126e+01   1.008136e+00
  7.305486e-01   4.446161e+01   9.811588e-01
  7.352368e-01   4.596956e+01   9.945853e-01
  7.399251e-01   4.452843e+01   9.772875e-01
  7.446133e-01   4.302348e+01   9.589115e-01
  7.493015e-01   4.358065e+01   9.639822e-01
  7.539897e-01   4.358690e+01   9.612552e-01
  7.586780e-01   4.386083e+01   9.617839e-01
  7.633662e-01   4.375602e+01   9.587456e-01
  7.680544e-01   4.233520e+01   9.414085e-01
  7.727427e-01   4.202212e+01   9.357930e-01
  7.774309e-01   4.200271e+01   9.334027e-01
  7.821191e-01   4.113486e+01   9.220984e-01
  7.868073e-01   4.077259e+01   9.163870e-01
  7.914956e-01   3.987046e+01   9.042534e-01
  7.961838e-01   3.817970e+01   8.828627e-01
  8.008720e-01   3.986520e+01   9.004842e-01
  8.055603e-01   3.907882e+01   8.898873e-01
  8.102485e-01   3.857591e+01   8.826663e-01
  8.149367e-01   3.811475e+01   8.751329e-01
  8.196249e-01   3.746959e+01   8.660467e-01
  8.243132e-01   3.688334e+01   8.578759e-01
  8.290014e-01   3.838233e+01   8.735119e-01
  8.336896e-01   3.753001e+01   8.617620e-01
  8.383779e-01   3.696543e+01   8.536247e-01
  8.430661e-01   3.636972e+01   8.452798e-01
  8.477543e-01   3.648059e+01   8.450165e-01
  8.524425e-01   3.537024e+01   8.304323e-01
  8.571308e-01   3.534505e+01   8.287974e-01
  8.618190e-01   3.606392e+01   8.354769e-01
  8.665072e-01   3.733303e+01   8.483719e-01
  8.711955e-01   3.610305e+01   8.327882e-01
  8.758837e-01   3.486891e+01   8.165749e-01
  8.805719e-01   3.420558e+01   8.073531e-01
  8.852602e-01   3.360393e+01   7.989417e-01
  8.899484e-01   3.362796e+01   7.979236e-01
  8.946366e-01   3.368592e+01   7.965791e-01
  8.993248e-01   3.306650e+01   7.880779e-01
  9.040131e-01   3.328085e+01   7.891838e-01
  9.087013e-01   3.431900e+01   8.001476e-01
  9.133895e-01   3.327849e+01   7.861804e-01
  9.180778e-01   3.378064e+01   7.907628e-01
  9.227660e-01   3.442999e+01   7.968332e-01
  9.274542e-01   3.336228e+01   7.832177e-01
  9.321424e-01   3.297707e+01   7.772172e-01
  9.368307e-01   3.181124e+01   7.617270e-01
  9.415189e-01   3.151764e+01   7.570294e-01
  9.462071e-01   3.306319e+01   7.742010e-01
  9.508954e-01   3.230058e+01   7.637875e-01
  9.555836e-01   3.223268e+01   7.614149e-01
  9.602718e-01   3.169495e+01   7.538279e-01
  9.649600e-01   3.156402e+01   7.510629e-01
  9.696483e-01   3.162170e+01   7.506193e-01
  9.743365e-01   3.073241e+01   7.382671e-01
  9.790247e-01   3.039988e+01   7.332057e-01
  9.837130e-01   3.180721e+01   7.487199e-01
  9.884012e-01   3.112213e+01   7.394845e-01
  9.930894e-01   3.130799e+01   7.402261e-01
  9.977777e-01   3.112031e+01   7.366971e-01
  1.002466e+00   3.125927e+01   7.372304e-01
  1.007154e+00   3.109541e+01   7.340972e-01
  1.011842e+00   3.109961e+01   7.329390e-01
  1.016531e+00   3.046084e+01   7.239195e-01
  1.021219e+00   2.922286e+01   7.079361e-01
  1.025907e+00   3.002430e+01   7.165819e-01
  1.030595e+00   2.983666e+01   7.132075e-01
  1.035283e+00   2.944898e+01   7.069795e-01
  1.039972e+00   2.989709e+01   7.113725e-01
  1.044660e+00   2.989766e+01   7.103744e-01
  1.049348e+00   2.905569e+01   6.990891e-01
  1.054036e+00   2.850960e+01   6.911714e-01
  1.058725e+00   3.027182e+01   7.111485e-01
  1.063413e+00   2.962522e+01   7.023993e-01
  1.068101e+00   2.861484e+01   6.893370e-01
  1.072789e+00   2.876866e+01   6.898903e-01
  1.077478e+00   2.903782e+01   6.919783e-01
  1.082166e+00   2.943062e+01   6.955596e-01
  1.086854e+00   2.971611e+01   6.979237e-01
  1.091542e+00   2.976886e+01   6.974887e-01
  1.096230e+00   2.962777e+01   6.944160e-01
  1.100919e+00   2.985843e+01   6.961427e-01
  1.105607e+00   2.899939e+01   6.851401e-01
  1.110295e+00   2.888373e+01   6.827017e-01
  1.114983e+00   2.918720e+01   6.851446e-01
  1.119672e+00   2.912207e+01   6.834078e-01
  1.124360e+00   2.850850e+01   6.750375e-01
  1.129048e+00   2.955726e+01   6.863093e-01
  1.133736e+00   2.968773e+01   6.865540e-01
  1.138425e+00   2.895057e+01   6.769590e-01
  1.143113e+00   2.951256e+01   6.824858e-01
  1.147801e+00   2.922488e+01   6.782992e-01
  1.152489e+00   2.972818e+01   6.828725e-01
  1.157177e+00   2.936770e+01   6.775641e-01
  1.161866e+00   2.921937e+01   6.750275e-01
  1.166554e+00   2.843364e+01   6.649197e-01
  1.171242e+00   2.844884e+01   6.639844e-01
  1.175930e+00   2.866570e+01   6.654584e-01
  1.180619e+00   2.957496e+01   6.749611e-01
  1.185307e+00   2.864347e+01   6.632842e-01
  1.189995e+00   2.822612e+01   6.575999e-01
  1.194683e+00   2.846960e+01   6.591458e-01
  1.199372e+00   2.772625e+01   6.495908e-01
  1.204060e+00   2.762772e+01   6.477292e-01
  1.208748e+00   2.839955e+01   6.561775e-01
  1.213436e+00   2.857619e+01   6.566986e-01
  1.218124e+00   2.756338e+01   6.438690e-01
  1.222813e+00   2.791885e+01   6.470916e-01
  1.227501e+00   2.885036e+01   6.570196e-01
  1.232189e+00   2.845021e+01   6.513526e-01
  1.236877e+00   2.834352e+01   6.490373e-01
  1.241566e+00   2.790371e+01   6.432139e-01
  1.246254e+00   2.826715e+01   6.465573e-01
  1.250942e+00   2.838241e+01   6.620761e-01
  1.255630e+00   2.823438e+01   6.782199e-01
  1.260318e+00   2.753457e+01   6.809480e-01
  1.265007e+00   2.804386e+01   6.963160e-01
  1.269695e+00   2.801838e+01   7.039557e-01
  1.274383e+00   2.793649e+01   7.100560e-01
  1.279071e+00   2.833671e+01   7.220216e-01
  1.283760e+00   2.784554e+01   7.220487e-01
  1.288448e+00   2.758207e+01   7.246222e-01
  1.293136e+00   2.765866e+01   7.313631e-01
  1.297824e+00   2.843380e+01   7.471049e-01
  1.302513e+00   2.859418e+01   7.536687e-01
  1.307201e+00   2.757745e+01   7.422790e-01
  1.311889e+00   2.826390e+01   7.521462e-01
  1.316577e+00   2.754799e+01   7.140214e-01
  1.321265e+00   2.845788e+01   7.077181e-01
  1.325954e+00   2.855534e+01   6.975075e-01
  1.330642e+00   2.787388e+01   6.803671e-01
  1.335330e+00   2.753353e+01   6.688158e-01
  1.340018e+00   2.871902e+01   6.767154e-01
  1.344707e+00   2.789772e+01   6.613824e-01
  1.349395e+00   2.763157e+01   6.533378e-01
  1.354083e+00   2.803740e+01   6.531283e-01
  1.358771e+00   2.870748e+01   6.565009e-01
  1.363460e+00   2.746304e+01   6.386049e-01
  1.368148e+00   2.762516e+01   6.386809e-01
  1.372836e+00   2.773388e+01   6.382016e-01
  1.377524e+00   2.788195e+01   6.384432e-01
  1.382212e+00   2.721976e+01   6.295710e-01
  1.386901e+00   2.770852e+01   6.338708e-01
  1.391589e+00   2.807248e+01   6.366066e-01
  1.396277e+00   2.742180e+01   6.278606e-01
  1.400965e+00   2.851952e+01   6.391248e-01
  1.405654e+00   2.749504e+01   6.263982e-01
  1.410342e+00   2.725531e+01   6.225066e-01
  1.415030e+00   2.776050e+01   6.268698e-01
  1.419718e+00   2.753466e+01   6.232666e-01
  1.424406e+00   2.664112e+01   6.121241e-01
  1.429095e+00   2.775260e+01   6.236647e-01
  1.433783e+00   2.844616e+01   6.300732e-01
  1.438471e+00   2.685424e+01   6.112427e-01
  1.443159e+00   2.683268e+01   6.100625e-01
  1.447848e+00   2.805143e+01   6.227419e-01
  1.452536e+00   2.710664e+01   6.110132e-01
  1.457224e+00   2.784501e+01   6.182871e-01
  1.461912e+00   2.806032e+01   6.197641e-01
  1.466601e+00   2.736736e+01   6.111328e-01
  1.471289e+00   2.738556e+01   6.102964e-01
  1.475977e+00   2.833167e+01   6.200295e-01
  1.480665e+00   2.742096e+01   6.088063e-01
  1.485353e+00   2.675758e+01   6.099620e-01
  1.490042e+00   2.721854e+01   6.340733e-01
  1.494730e+00   2.756350e+01   6.493397e-01
  1.499418e+00   2.694983e+01   6.503288e-01
  1.504106e+00   2.673716e+01   6.552477e-01
  1.508795e+00   2.664701e+01   6.610852e-01
  1.513483e+00   2.744334e+01   6.538898e-01
  1.518171e+00   2.698047e+01   6.338667e-01
  1.522859e+00   2.714579e+01   6.270744e-01
  1.527548e+00   2.747335e+01   6.241028e-01
  1.532236e+00   2.769179e+01   6.205775e-01
  1.536924e+00   2.743362e+01   6.127666e-01
  1.541612e+00   2.765558e+01   6.119928e-01
  1.546300e+00   2.675198e+01   6.004581e-01
  1.550989e+00   2.738007e+01   6.053023e-01
  1.555677e+00   2.674901e+01   5.952335e-01
  1.560365e+00   2.683155e+01   5.933651e-01
  1.565053e+00   2.795937e+01   6.029174e-01
  1.569742e+00   2.748705e+01   5.953835e-01
  1.574430e+00   2.637379e+01   5.819755e-01
  1.579118e+00   2.671314e+01   5.861452e-01
  1.583806e+00   2.728289e+01   5.930399e-01
  1.588495e+00   2.694632e+01   5.900623e-01
  1.593183e+00   2.729290e+01   5.941255e-01
  1.597871e+00   2.676822e+01   5.880239e-01
  1.602559e+00   2.613548e+01   5.801816e-01
  1.607247e+00   2.637049e+01   5.818617e-01
  1.611936e+00   2.674457e+01   5.848535e-01
  1.616624e+00   2.742336e+01   5.913960e-01
  1.621312e+00   2.662282e+01   5.818585e-01
  1.626000e+00   2.687332e+01   5.837046e-01
  1.630689e+00   2.712606e+01   5.855016e-01
  1.635377e+00   2.695968e+01   5.828391e-01
  1.640065e+00   2.682410e+01   5.805241e-01
  1.644753e+00   2.654018e+01   5.766561e-01
  1.649441e+00   2.701431e+01   5.809591e-01
  1.654130e+00   2.662415e+01   5.758269e-01
  1.658818e+00   2.700128e+01   5.790759e-01
  1.663506e+00   2.652821e+01   5.732296e-01
  1.668194e+00   2.678204e+01   5.752426e-01
  1.672883e+00   2.601612e+01   5.659770e-01
  1.677571e+00   2.670978e+01   5.727240e-01
  1.682259e+00   2.663399e+01   5.712256e-01
  1.686947e+00   2.628372e+01   5.667374e-01
  1.691636e+00   2.653048e+01   5.684614e-01
  1.696324e+00   2.682602e+01   5.708537e-01
  1.701012e+00   2.741735e+01   5.764100e-01
  1.705700e+00   2.619348e+01   5.627329e-01
  1.710388e+00   2.699546e+01   5.704358e-01
  1.715077e+00   2.658157e+01   5.652534e-01
  1.719765e+00   2.654233e+01   5.641368e-01
  1.724453e+00   2.641415e+01   5.621331e-01
  1.729141e+00   2.562021e+01   5.528883e-01
  1.733830e+00   2.625314e+01   5.588160e-01
  1.738518e+00   2.753325e+01   5.716307e-01
  1.743206e+00   2.661801e+01   5.613746e-01
  1.747894e+00   2.649167e+01   5.594485e-01
  1.752583e+00   2.567766e+01   5.501920e-01
  1.757271e+00   2.704552e+01   5.637881e-01
  1.761959e+00   2.598181e+01   5.518530e-01
  1.766647e+00   2.624326e+01   5.539310e-01
  1.771335e+00   2.644342e+01   5.552828e-01
  1.776024e+00   2.685314e+01   5.588627e-01
  1.780712e+00   2.550439e+01   5.439990e-01
  1.785400e+00   2.584674e+01   5.470359e-01
  1.790088e+00   2.691281e+01   5.575177e-01
  1.794777e+00   2.643339e+01   5.517561e-01
  1.799465e+00   2.649483e+01   5.517179e-01
  1.804153e+00   2.659776e+01   5.522696e-01
  1.808841e+00   2.652205e+01   5.508217e-01
  1.813530e+00   2.623920e+01   5.470377e-01
  1.818218e+00   2.652850e+01   5.494537e-01
  1.822906e+00   2.710534e+01   5.548499e-01
  1.827594e+00   2.654441e+01   5.484605e-01
  1.832282e+00   2.582729e+01   5.401124e-01
  1.836971e+00   2.598167e+01   5.412191e-01
  1.841659e+00   2.668464e+01   5.479360e-01
  1.846347e+00   2.579973e+01   5.381435e-01
  1.851035e+00   2.678738e+01   5.475477e-01
  1.855724e+00   2.689968e+01   5.481362e-01
  1.860412e+00   2.630781e+01   5.415138e-01
  1.865100e+00   2.743636e+01   5.523682e-01
  1.869788e+00   2.534373e+01   5.301708e-01
  1.874476e+00   2.617505e+01   5.381926e-01
  1.879165e+00   2.620164e+01   5.379303e-01
  1.883853e+00   2.640196e+01   5.393586e-01
  1.888541e+00   2.677481e+01   5.425080e-01
  1.893229e+00   2.634142e+01   5.377237e-01
  1.897918e+00   2.676467e+01   5.413928e-01
  1.902606e+00   2.679091e+01   5.408550e-01
  1.907294e+00   2.635810e+01   5.359365e-01
  1.911982e+00   2.670472e+01   5.386755e-01
  1.916671e+00   2.684855e+01   5.395864e-01
  1.921359e+00   2.622599e+01   5.327477e-01
  1.926047e+00   2.625687e+01   5.325232e-01
  1.930735e+00   2.661468e+01   5.353937e-01
  1.935423e+00   2.701827e+01   5.388867e-01
  1.940112e+00   2.632823e+01   5.313121e-01
  1.944800e+00   2.559999e+01   5.227402e-01
  1.949488e+00   2.621635e+01   5.276387e-01
  1.954176e+00   2.562248e+01   5.204753e-01
  1.958865e+00   2.528446e+01   5.158879e-01
  1.963553e+00   2.598710e+01   5.220889e-01
  1.968241e+00   2.575300e+01   5.192072e-01
  1.972929e+00   2.615822e+01   5.226201e-01
  1.977618e+00   2.600668e+01   5.206856e-01
  1.982306e+00   2.569836e+01   5.173028e-01
  1.986994e+00   2.638380e+01   5.240784e-01
  1.991682e+00   2.535590e+01   5.138082e-01
  1.996370e+00   2.572166e+01   5.176412e-01
  2.001059e+00   2.596375e+01   5.202308e-01
  2.005747e+00   2.597715e+01   5.201992e-01
  2.010435e+00   2.693772e+01   5.288734e-01
  2.015123e+00   2.599560e+01   5.189912e-01
  2.019812e+00   2.580056e+01   5.165338e-01
  2.024500e+00   2.589271e+01   5.170014e-01
  2.029188e+00   2.593934e+01   5.168310e-01
  2.033876e+00   2.589047e+01   5.157698e-01
  2.038565e+00   2.596057e+01   5.159249e-01
  2.043253e+00   2.649628e+01   5.208309e-01
  2.047941e+00   2.595965e+01   5.149363e-01
  2.052629e+00   2.678104e+01   5.242863e-01
  2.057317e+00   2.605661e+01   5.322591e-01
  2.062006e+00   2.589057e+01   5.401946e-01
  2.066694e+00   2.580182e+01   5.464374e-01
  2.071382e+00   2.561607e+01   5.503123e-01
  2.076070e+00   2.585798e+01   5.582973e-01
  2.080759e+00   2.573805e+01   5.619562e-01
  2.085447e+00   2.501223e+01   5.582349e-01
  2.090135e+00   2.523750e+01   5.628563e-01
  2.094823e+00   2.616894e+01   5.747880e-01
  2.099511e+00   2.553917e+01   5.694299e-01
  2.104200e+00   2.529839e+01   5.682097e-01
  2.108888e+00   2.607351e+01   5.781325e-01
  2.113576e+00   2.521975e+01   5.698429e-01
  2.118264e+00   2.598834e+01   5.728218e-01
  2.122953e+00   2.595206e+01   5.542965e-01
  2.127641e+00   2.569683e+01   5.424342e-01
  2.132329e+00   2.639233e+01   5.430486e-01
  2.137017e+00   2.541129e+01   5.278316e-01
  2.141706e+00   2.538437e+01   5.231838e-01
  2.146394e+00   2.568292e+01   5.224018e-01
  2.151082e+00   2.589741e+01   5.216911e-01
  2.155770e+00   2.644110e+01   5.259900e-01
  2.160458e+00   2.601536e+01   5.205292e-01
  2.165147e+00   2.523001e+01   5.115417e-01
  2.169835e+00   2.532629e+01   5.113207e-01
  2.174523e+00   2.643974e+01   5.215285e-01
  2.179211e+00   2.620617e+01   5.182967e-01
  2.183900e+00   2.572631e+01   5.126250e-01
  2.188588e+00   2.536076e+01   5.080383e-01
  2.193276e+00   2.594926e+01   5.130412e-01
  2.197964e+00   2.553641e+01   5.081998e-01
  2.202653e+00   2.591452e+01   5.111383e-01
  2.207341e+00   2.615798e+01   5.127264e-01
  2.212029e+00   2.595698e+01   5.099627e-01
  2.216717e+00   2.682248e+01   5.177159e-01
  2.221405e+00   2.559091e+01   5.049449e-01
  2.226094e+00   2.534138e+01   5.017875e-01
  2.230782e+00   2.638612e+01   5.112945e-01
  2.235470e+00   2.610955e+01   5.079333e-01
  2.240158e+00   2.546825e+01   5.010053e-01
  2.244847e+00   2.528428e+01   4.986047e-01
  2.249535e+00   2.490678e+01   4.941277e-01
  2.254223e+00   2.600854e+01   5.042849e-01
  2.258911e+00   2.568952e+01   5.006258e-01
  2.263600e+00   2.566422e+01   4.997980e-01
  2.268288e+00   2.610346e+01   5.033589e-01
  2.272976e+00   2.579980e+01   4.997697e-01
  2.277664e+00   2.661953e+01   5.071111e-01
  2.282352e+00   2.621910e+01   5.027316e-01
  2.287041e+00   2.564127e+01   4.965464e-01
  2.291729e+00   2.528836e+01   4.924293e-01
  2.296417e+00   2.592165e+01   4.980913e-01
  2.301105e+00   2.571252e+01   4.955270e-01
  2.305794e+00   2.635548e+01   5.011142e-01
  2.310482e+00   2.550414e+01   4.922743e-01
  2.315170e+00   2.627217e+01   4.991703e-01
  2.319858e+00   2.547378e+01   4.910160e-01
  2.324546e+00   2.569283e+01   4.925697e-01
  2.329235e+00   2.593678e+01   4.942407e-01
  2.333923e+00   2.568439e+01   4.913720e-01
  2.338611e+00   2.605770e+01   4.944259e-01
  2.343299e+00   2.535028e+01   4.871674e-01
  2.347988e+00   2.497829e+01   4.829351e-01
  2.352676e+00   2.566279e+01   4.890580e-01
  2.357364e+00   2.576542e+01   4.895443e-01
  2.362052e+00   2.572796e+01   4.886736e-01
  2.366741e+00   2.525095e+01   4.835731e-01
  2.371429e+00   2.586555e+01   4.888958e-01
  2.376117e+00   2.605931e+01   4.902777e-01
  2.380805e+00   2.579922e+01   4.873098e-01
  2.385493e+00   2.582830e+01   4.870651e-01
  2.390182e+00   2.645732e+01   4.924514e-01
  2.394870e+00   2.603600e+01   4.879871e-01
  2.399558e+00   2.643985e+01   4.913471e-01
  2.404246e+00   2.540862e+01   4.811572e-01
  2.408935e+00   2.571361e+01   4.835046e-01
  2.413623e+00   2.492380e+01   4.755453e-01
  2.418311e+00   2.587558e+01   4.840891e-01
  2.422999e+00   2.632589e+01   4.878820e-01
  2.427688e+00   2.632195e+01   4.872063e-01
  2.432376e+00   2.612429e+01   4.849590e-01
  2.437064e+00   2.597865e+01   4.831036e-01
  2.441752e+00   2.535865e+01   4.769772e-01
  2.446440e+00   2.507282e+01   4.736602e-01
  2.451129e+00   2.583134e+01   4.803437e-01
  2.455817e+00   2.553187e+01   4.771925e-01
  2.460505e+00   2.551338e+01   4.766232e-01
  2.465193e+00   2.614216e+01   4.818360e-01
  2.469882e+00   2.580669e+01   4.782404e-01
  2.474570e+00   2.568527e+01   4.766939e-01
  2.479258e+00   2.476080e+01   4.676575e-01
  2.483946e+00   2.558697e+01   4.749251e-01
  2.488634e+00   2.587398e+01   4.770369e-01
  2.493323e+00   2.578827e+01   4.758557e-01
  2.498011e+00   2.560007e+01   4.737236e-01
  2.502699e+00   2.548914e+01   4.722352e-01
  2.507387e+00   2.529329e+01   4.699092e-01
  2.512076e+00   2.539719e+01   4.704529e-01
  2.516764e+00   2.488861e+01   4.653495e-01
  2.521452e+00   2.516251e+01   4.674681e-01
  2.526140e+00   2.524920e+01   4.677761e-01
  2.530829e+00   2.546862e+01   4.693676e-01
  2.535517e+00   2.513749e+01   4.656803e-01
  2.540205e+00   2.551422e+01   4.682449e-01
  2.544893e+00   2.556840e+01   4.677241e-01
  2.549581e+00   2.545310e+01   4.658428e-01
  2.554270e+00   2.521500e+01   4.632187e-01
  2.558958e+00   2.548235e+01   4.652653e-01
  2.563646e+00   2.492725e+01   4.597652e-01
  2.568334e+00   2.614367e+01   4.703670e-01
  2.573023e+00   2.615775e+01   4.701089e-01
  2.577711e+00   2.557709e+01   4.644718e-01
  2.582399e+00   2.519710e+01   4.606293e-01
  2.587087e+00   2.592065e+01   4.668805e-01
  2.591776e+00   2.544100e+01   4.626054e-01
  2.596464e+00   2.533362e+01   4.618013e-01
  2.601152e+00   2.484303e+01   4.573707e-01
  2.605840e+00   2.558518e+01   4.637299e-01
  2.610528e+00   2.527174e+01   4.604734e-01
  2.615217e+00   2.586670e+01   4.654929e-01
  2.619905e+00   2.574118e+01   4.640385e-01
  2.624593e+00   2.555634e+01   4.618403e-01
  2.629281e+00   2.564274e+01   4.622445e-01
  2.633970e+00   2.540945e+01   4.597421e-01
  2.638658e+00   2.556742e+01   4.608510e-01
  2.643346e+00   2.508481e+01   4.560231e-01
  2.648034e+00   2.489964e+01   4.539874e-01
  2.652723e+00   2.564804e+01   4.603771e-01
  2.657411e+00   2.567018e+01   4.601636e-01
  2.662099e+00   2.519732e+01   4.554992e-01
  2.666787e+00   2.591726e+01   4.614837e-01
  2.671475e+00   2.534680e+01   4.560089e-01
  2.676164e+00   2.466715e+01   4.495713e-01
  2.680852e+00   2.577329e+01   4.592202e-01
  2.685540e+00   2.514765e+01   4.530881e-01
  2.690228e+00   2.497410e+01   4.510997e-01
  2.694917e+00   2.582488e+01   4.584986e-01
  2.699605e+00   2.555757e+01   4.557443e-01
  2.704293e+00   2.528873e+01   4.527876e-01
  2.708981e+00   2.487862e+01   4.487356e-01
  2.713669e+00   2.530548e+01   4.522636e-01
  2.718358e+00   2.578203e+01   4.561183e-01
  2.723046e+00   2.589601e+01   4.566872e-01
  2.727734e+00   2.539997e+01   4.518911e-01
  2.732422e+00   2.502022e+01   4.481989e-01
  2.737111e+00   2.508668e+01   4.484350e-01
  2.741799e+00   2.532630e+01   4.501587e-01
  2.746487e+00   2.535230e+01   4.499749e-01
  2.751175e+00   2.555628e+01   4.514662e-01
  2.755864e+00   2.545551e+01   4.502309e-01
  2.760552e+00   2.523968e+01   4.479260e-01
  2.765240e+00   2.567463e+01   4.513448e-01
  2.769928e+00   2.540263e+01   4.486078e-01
  2.774616e+00   2.546238e+01   4.488425e-01
  2.779305e+00   2.516313e+01   4.457955e-01
  2.783993e+00   2.557755e+01   4.490364e-01
  2.788681e+00   2.551188e+01   4.481384e-01
  2.793369e+00   2.550459e+01   4.478471e-01
  2.798058e+00   2.560171e+01   4.482291e-01
  2.802746e+00   2.601019e+01   4.515833e-01
  2.807434e+00   2.550283e+01   4.469047e-01
  2.812122e+00   2.521535e+01   4.437770e-01
  2.816811e+00   2.519960e+01   4.433413e-01
  2.821499e+00   2.572095e+01   4.474661e-01
  2.826187e+00   2.611909e+01   4.505100e-01
  2.830875e+00   2.607477e+01   4.497911e-01
  2.835563e+00   2.584688e+01   4.475145e-01
  2.840252e+00   2.575073e+01   4.462257e-01
  2.844940e+00   2.574101e+01   4.458265e-01
  2.849628e+00   2.508512e+01   4.397695e-01
  2.854316e+00   2.510608e+01   4.396369e-01
  2.859005e+00   2.527456e+01   4.485319e-01
  2.863693e+00   2.565639e+01   4.618191e-01
  2.868381e+00   2.517533e+01   4.635079e-01
  2.873069e+00   2.510986e+01   4.679237e-01
  2.877758e+00   2.538684e+01   4.746000e-01
  2.882446e+00   2.623166e+01   4.854400e-01
  2.887134e+00   2.520216e+01   4.773979e-01
  2.891822e+00   2.534496e+01   4.801458e-01
  2.896510e+00   2.523766e+01   4.804565e-01
  2.901199e+00   2.579893e+01   4.869072e-01
  2.905887e+00   2.556268e+01   4.858856e-01
  2.910575e+00   2.538029e+01   4.852169e-01
  2.915263e+00   2.516188e+01   4.841148e-01
  2.919952e+00   2.517121e+01   4.847501e-01
  2.924640e+00   2.559969e+01   4.756454e-01
  2.929328e+00   2.604890e+01   4.713197e-01
  2.934016e+00   2.537925e+01   4.598996e-01
  2.938704e+00   2.489777e+01   4.514031e-01
  2.943393e+00   2.470815e+01   4.464387e-01
  2.948081e+00   2.542915e+01   4.511411e-01
  2.952769e+00   2.556964e+01   4.512588e-01
  2.957457e+00   2.527262e+01   4.477240e-01
  2.962146e+00   2.513317e+01   4.455337e-01
  2.966834e+00   2.500216e+01   4.436827e-01
  2.971522e+00   2.575279e+01   4.494111e-01
  2.976210e+00   2.541906e+01   4.457950e-01
  2.980899e+00   2.596673e+01   4.498187e-01
  2.985587e+00   2.520280e+01   4.424810e-01
  2.990275e+00   2.495764e+01   4.396876e-01
  2.994963e+00   2.521956e+01   4.414557e-01
  2.999651e+00   2.617267e+01   4.490739e-01
  3.004340e+00   2.483745e+01   4.368795e-01
  3.009028e+00   2.495987e+01   4.374051e-01
  3.013716e+00   2.529148e+01   4.398169e-01
  3.018404e+00   2.507613e+01   4.374091e-01
  3.023093e+00   2.574803e+01   4.426689e-01
  3.027781e+00   2.523318e+01   4.377094e-01
  3.032469e+00   2.540183e+01   4.387259e-01
  3.037157e+00   2.453646e+01   4.307504e-01
  3.041846e+00   2.460172e+01   4.307767e-01
  3.046534e+00   2.545372e+01   4.376913e-01
  3.051222e+00   2.508846e+01   4.342226e-01
  3.055910e+00   2.552966e+01   4.376101e-01
  3.060598e+00   2.515133e+01   4.337216e-01
  3.065287e+00   2.480424e+01   4.303205e-01
  3.069975e+00   2.561059e+01   4.368443e-01
  3.074663e+00   2.554048e+01   4.358836e-01
  3.079351e+00   2.512123e+01   4.318021e-01
  3.084040e+00   2.495656e+01   4.299237e-01
  3.088728e+00   2.495680e+01   4.295659e-01
  3.093416e+00   2.501592e+01   4.298445e-01
  3.098104e+00   2.484261e+01   4.278877e-01
  3.102793e+00   2.459650e+01   4.253158e-01
  3.107481e+00   2.592381e+01   4.362644e-01
  3.112169e+00   2.528107e+01   4.304031e-01
  3.116857e+00   2.555265e+01   4.322747e-01
  3.121545e+00   2.531260e+01   4.298023e-01
  3.126234e+00   2.520314e+01   4.285165e-01
  3.130922e+00   2.510745e+01   4.273970e-01
  3.135610e+00   2.538353e+01   4.293479e-01
  3.140298e+00   2.545880e+01   4.297802e-01
  3.144987e+00   2.564010e+01   4.309550e-01
  3.149675e+00   2.551432e+01   4.293140e-01
  3.154363e+00   2.518649e+01   4.262204e-01
  3.159051e+00   2.521454e+01   4.259960e-01
  3.163739e+00   2.567121e+01   4.294732e-01
  3.168428e+00   2.526873e+01   4.258168e-01
  3.173116e+00   2.555490e+01   4.279347e-01
  3.177804e+00   2.555003e+01   4.274262e-01
  3.182492e+00   2.466819e+01   4.196246e-01
  3.187181e+00   2.493495e+01   4.215689e-01
  3.191869e+00   2.538024e+01   4.249788e-01
  3.196557e+00   2.522065e+01   4.232456e-01
  3.201245e+00   2.517730e+01   4.225291e-01
  3.205934e+00   2.503263e+01   4.209922e-01
  3.210622e+00   2.549808e+01   4.246148e-01
  3.215310e+00   2.576044e+01   4.263701e-01
  3.219998e+00   2.543211e+01   4.231502e-01
  3.224686e+00   2.546515e+01   4.227369e-01
  3.229375e+00   2.571663e+01   4.240241e-01
  3.234063e+00   2.556279e+01   4.222312e-01
  3.238751e+00   2.599247e+01   4.253991e-01
  3.243439e+00   2.560154e+01   4.218549e-01
  3.248128e+00   2.434800e+01   4.111244e-01
  3.252816e+00   2.503963e+01   4.166039e-01
  3.257504e+00   2.556035e+01   4.205150e-01
  3.262192e+00   2.502890e+01   4.158423e-01
  3.266881e+00   2.522208e+01   4.171338e-01
  3.271569e+00   2.513161e+01   4.160869e-01
  3.276257e+00   2.498524e+01   4.145701e-01
  3.280945e+00   2.466913e+01   4.120051e-01
  3.285633e+00   2.525820e+01   4.170398e-01
  3.290322e+00   2.500767e+01   4.149261e-01
  3.295010e+00   2.512211e+01   4.155262e-01
  3.299698e+00   2.463473e+01   4.111660e-01
  3.304386e+00   2.503354e+01   4.141579e-01
  3.309075e+00   2.540462e+01   4.169610e-01
  3.313763e+00   2.510157e+01   4.141244e-01
  3.318451e+00   2.469482e+01   4.104129e-01
  3.323139e+00   2.482681e+01   4.112445e-01
  3.327828e+00   2.489890e+01   4.115160e-01
  3.332516e+00   2.475172e+01   4.100454e-01
  3.337204e+00   2.530764e+01   4.142354e-01
  3.341892e+00   2.538577e+01   4.146719e-01
  3.346580e+00   2.523378e+01   4.131244e-01
  3.351269e+00   2.514259e+01   4.120333e-01
  3.355957e+00   2.559403e+01   4.162023e-01
  3.360645e+00   2.645244e+01   4.334818e-01
  3.365333e+00   2.540343e+01   4.315237e-01
  3.370022e+00   2.530291e+01   4.353915e-01
  3.374710e+00   2.482804e+01   4.334123e-01
  3.379398e+00   2.502683e+01   4.367679e-01
  3.384086e+00   2.489606e+01   4.370368e-01
  3.388774e+00   2.578215e+01   4.452471e-01
  3.393463e+00   2.540346e+01   4.415939e-01
  3.398151e+00   2.462457e+01   4.351947e-01
  3.402839e+00   2.515213e+01   4.408061e-01
  3.407527e+00   2.465509e+01   4.373975e-01
  3.412216e+00   2.475701e+01   4.391340e-01
  3.416904e+00   2.491011e+01   4.413134e-01
  3.421592e+00   2.535795e+01   4.461176e-01
  3.426280e+00   2.580802e+01   4.508017e-01
  3.430969e+00   2.499475e+01   4.444266e-01
  3.435657e+00   2.477266e+01   4.431887e-01
  3.440345e+00   2.463819e+01   4.425503e-01
  3.445033e+00   2.490797e+01   4.456495e-01
  3.449721e+00   2.556479e+01   4.522279e-01
  3.454410e+00   2.493406e+01   4.471192e-01
  3.459098e+00   2.526290e+01   4.506428e-01
  3.463786e+00   2.494099e+01   4.483321e-01
  3.468474e+00   2.506702e+01   4.500452e-01
  3.473163e+00   2.507513e+01   4.506000e-01
  3.477851e+00   2.496668e+01   4.501884e-01
  3.482539e+00   2.516923e+01   4.527164e-01
  3.487227e+00   2.485179e+01   4.501339e-01
  3.491916e+00   2.463592e+01   4.487064e-01
  3.496604e+00   2.449866e+01   4.479088e-01
  3.501292e+00   2.454593e+01   4.487968e-01
  3.505980e+00   2.481862e+01   4.517606e-01
  3.510668e+00   2.510289e+01   4.547917e-01
  3.515357e+00   2.473204e+01   4.518028e-01
  3.520045e+00   2.556018e+01   4.598150e-01
  3.524733e+00   2.578860e+01   4.622543e-01
  3.529421e+00   2.495380e+01   4.550924e-01
  3.534110e+00   2.492965e+01   4.553296e-01
  3.538798e+00   2.542113e+01   4.601532e-01
  3.543486e+00   2.537229e+01   4.601153e-01
  3.548174e+00   2.483647e+01   4.556336e-01
  3.552863e+00   2.416774e+01   4.498046e-01
  3.557551e+00   2.457690e+01   4.539390e-01
  3.562239e+00   2.446849e+01   4.533441e-01
  3.566927e+00   2.446620e+01   4.536705e-01
  3.571615e+00   2.495239e+01   4.584789e-01
  3.576304e+00   2.488910e+01   4.582236e-01
  3.580992e+00   2.490992e+01   4.587041e-01
  3.585680e+00   2.472464e+01   4.567288e-01
  3.590368e+00   2.482440e+01   4.572187e-01
  3.595057e+00   2.488061e+01   4.573284e-01
  3.599745e+00   2.494682e+01   4.575385e-01
  3.604433e+00   2.557450e+01   4.629798e-01
  3.609121e+00   2.525548e+01   4.605619e-01
  3.613809e+00   2.463239e+01   4.549089e-01
  3.618498e+00   2.497451e+01   4.582973e-01
  3.623186e+00   2.515307e+01   4.602600e-01
  3.627874e+00   2.507260e+01   4.598037e-01
  3.632562e+00   2.449093e+01   4.546779e-01
  3.637251e+00   2.525015e+01   4.619856e-01
  3.641939e+00   2.464631e+01   4.566883e-01
  3.646627e+00   2.590331e+01   4.685080e-01
  3.651315e+00   2.526701e+01   4.629436e-01
  3.656004e+00   2.489752e+01   4.600104e-01
  3.660692e+00   2.591427e+01   4.765579e-01
  3.665380e+00   2.597019e+01   4.941381e-01
  3.670068e+00   2.529416e+01   4.960920e-01
  3.674756e+00   2.523087e+01   5.032703e-01
  3.679445e+00   2.475533e+01   5.044674e-01
  3.684133e+00   2.480451e+01   5.084178e-01
  3.688821e+00   2.471654e+01   5.106493e-01
  3.693509e+00   2.465400e+01   5.130218e-01
  3.698198e+00   2.577337e+01   5.274073e-01
  3.702886e+00   2.524919e+01   5.248679e-01
  3.707574e+00   2.488122e+01   5.236374e-01
  3.712262e+00   2.460609e+01   5.233746e-01
  3.716951e+00   2.417802e+01   5.212670e-01
  3.721639e+00   2.512558e+01   5.339144e-01
  3.726327e+00   2.508660e+01   5.359021e-01
  3.731015e+00   2.529362e+01   5.405811e-01
  3.735703e+00   2.570584e+01   5.473342e-01
  3.740392e+00   2.485556e+01   5.405886e-01
  3.745080e+00   2.436609e+01   5.374647e-01
  3.749768e+00   2.465908e+01   5.429884e-01
  3.754456e+00   2.531966e+01   5.524697e-01
  3.759145e+00   2.543826e+01   5.560542e-01
  3.763833e+00   2.427215e+01   5.453270e-01
  3.768521e+00   2.464233e+01   5.516872e-01
  3.773209e+00   2.523319e+01   5.604393e-01
  3.777897e+00   2.563598e+01   5.671316e-01
  3.782586e+00   2.579853e+01   5.711133e-01
  3.787274e+00   2.449131e+01   5.586110e-01
  3.791962e+00   2.386532e+01   5.535367e-01
  3.796650e+00   2.470654e+01   5.653406e-01
  3.801339e+00   2.541395e+01   5.755323e-01
  3.806027e+00   2.513246e+01   5.744762e-01
  3.810715e+00   2.427545e+01   5.667002e-01
  3.815403e+00   2.471628e+01   5.739293e-01
  3.820092e+00   2.449889e+01   5.735070e-01
  3.824780e+00   2.536684e+01   5.857186e-01
  3.829468e+00   2.527360e+01   5.868008e-01
  3.834156e+00   2.425629e+01   5.769174e-01
  3.838844e+00   2.485684e+01   5.861527e-01
  3.843533e+00   2.546907e+01   5.954425e-01
  3.848221e+00   2.444729e+01   5.854523e-01
  3.852909e+00   2.478845e+01   5.916533e-01
  3.857597e+00   2.582642e+01   6.060732e-01
  3.862286e+00   2.532635e+01   6.023151e-01
  3.866974e+00   2.503388e+01   6.009380e-01
  3.871662e+00   2.539221e+01   6.074976e-01
  3.876350e+00   2.450640e+01   5.990091e-01
  3.881039e+00   2.494487e+01   6.062814e-01
  3.885727e+00   2.454886e+01   6.035656e-01
  3.890415e+00   2.433710e+01   6.030132e-01
  3.895103e+00   2.506408e+01   6.141694e-01
  3.899791e+00   2.429699e+01   6.067554e-01
  3.904480e+00   2.576118e+01   6.269999e-01
  3.909168e+00   2.515261e+01   6.216814e-01
  3.913856e+00   2.455670e+01   6.165076e-01
  3.918544e+00   2.428642e+01   6.151456e-01
  3.923233e+00   2.505300e+01   6.270313e-01
  3.927921e+00   2.488967e+01   6.270906e-01
  3.932609e+00   2.499605e+01   6.305569e-01
  3.937297e+00   2.399506e+01   6.189129e-01
  3.941986e+00   2.475240e+01   6.293947e-01
  3.946674e+00   2.435407e+01   6.249464e-01
  3.951362e+00   2.428158e+01   6.236552e-01
  3.956050e+00   2.458242e+01   6.264491e-01
  3.960738e+00   2.437677e+01   6.236604e-01
  3.965427e+00   2.491748e+01   6.312929e-01
  3.970115e+00   2.393570e+01   6.206440e-01
  3.974803e+00   2.503493e+01   6.367686e-01
  3.979491e+00   2.430653e+01   6.291934e-01
  3.984180e+00   2.401497e+01   6.275148e-01
  3.988868e+00   2.515275e+01   6.443462e-01
  3.993556e+00   2.447094e+01   6.376811e-01
  3.998244e+00   2.451947e+01   6.404924e-01
  4.002932e+00   2.541437e+01   6.543015e-01
  4.007621e+00   2.564231e+01   6.594028e-01
  4.012309e+00   2.464305e+01   6.486096e-01
  4.016997e+00   2.532366e+01   6.597390e-01
  4.021685e+00   2.538283e+01   6.627833e-01
  4.026374e+00   2.610617e+01   6.744361e-01
  4.031062e+00   2.584531e+01   6.733255e-01
  4.035750e+00   2.518183e+01   6.668782e-01
  4.040438e+00   2.516421e+01   6.689500e-01
  4.045127e+00   2.519658e+01   6.716734e-01
  4.049815e+00   2.452485e+01   6.649238e-01
  4.054503e+00   2.488881e+01   6.721231e-01
  4.059191e+00   2.492214e+01   6.749226e-01
  4.063879e+00   2.495394e+01   6.776952e-01
  4.068568e+00   2.499668e+01   6.806073e-01
  4.073256e+00   2.416266e+01   6.714573e-01
  4.077944e+00   2.492526e+01   6.843706e-01
  4.082632e+00   2.461671e+01   6.824851e-01
  4.087321e+00   2.453740e+01   6.837797e-01
  4.092009e+00   2.437984e+01   6.839641e-01
  4.096697e+00   2.522284e+01   6.981359e-01
  4.101385e+00   2.568677e+01   7.069762e-01
  4.106074e+00   2.561356e+01   7.085071e-01
  4.110762e+00   2.447823e+01   6.951069e-01
  4.115450e+00   2.534433e+01   7.098016e-01
  4.120138e+00   2.417488e+01   6.956574e-01
  4.124826e+00   2.516651e+01   7.123414e-01
  4.129515e+00   2.616808e+01   7.290333e-01
  4.134203e+00   2.508521e+01   7.163215e-01
  4.138891e+00   2.563050e+01   7.266998e-01
  4.143579e+00   2.522900e+01   7.235998e-01
  4.148268e+00   2.536489e+01   7.282342e-01
  4.152956e+00   2.502598e+01   7.259799e-01
  4.157644e+00   2.548064e+01   7.351476e-01
  4.162332e+00   2.428453e+01   7.204316e-01
  4.167021e+00   2.519745e+01   7.365570e-01
  4.171709e+00   2.486008e+01   7.342486e-01
  4.176397e+00   2.490806e+01   7.377442e-01
  4.181085e+00   2.530451e+01   7.463674e-01
  4.185773e+00   2.600845e+01   7.595875e-01
  4.190462e+00   2.620648e+01   7.654163e-01
  4.195150e+00   2.501127e+01   7.514813e-01
  4.199838e+00   2.468802e+01   7.487217e-01
  4.204526e+00   2.454557e+01   7.491412e-01
  4.209215e+00   2.405759e+01   7.445222e-01
  4.213903e+00   2.494460e+01   7.610415e-01
  4.218591e+00   2.495069e+01   7.640733e-01
  4.223279e+00   2.421203e+01   7.556471e-01
  4.227967e+00   2.516566e+01   7.733533e-01
  4.232656e+00   2.455667e+01   7.669553e-01
  4.237344e+00   2.396061e+01   7.606223e-01
  4.242032e+00   2.445338e+01   7.714245e-01
  4.246720e+00   2.491686e+01   7.817445e-01
  4.251409e+00   2.591259e+01   8.005539e-01
  4.256097e+00   2.615816e+01   8.074911e-01
  4.260785e+00   2.441653e+01   7.832948e-01
  4.265473e+00   2.455150e+01   7.894356e-01
  4.270162e+00   2.530948e+01   8.055595e-01
  4.274850e+00   2.629046e+01   8.269060e-01
  4.279538e+00   2.448224e+01   8.015478e-01
  4.284226e+00   2.459612e+01   8.032970e-01
  4.288914e+00   2.504171e+01   8.130932e-01
  4.293603e+00   2.478832e+01   8.124188e-01
  4.298291e+00   2.572849e+01   8.313235e-01
  4.302979e+00   2.474325e+01   8.185616e-01
  4.307667e+00   2.520810e+01   8.298079e-01
  4.312356e+00   2.519106e+01   8.332079e-01
  4.317044e+00   2.468419e+01   8.282225e-01
  4.321732e+00   2.421947e+01   8.240225e-01
  4.326420e+00   2.518502e+01   8.440588e-01
  4.331109e+00   2.639271e+01   8.677584e-01
  4.335797e+00   2.428844e+01   8.361929e-01
  4.340485e+00   2.400407e+01   8.358189e-01
  4.345173e+00   2.610377e+01   8.749381e-01
  4.349861e+00   2.565149e+01   8.710145e-01
  4.354550e+00   2.465227e+01   8.578438e-01
  4.359238e+00   2.494344e+01   8.668280e-01
  4.363926e+00   2.599626e+01   8.890145e-01
  4.368614e+00   2.378922e+01   8.543980e-01
  4.373303e+00   2.384047e+01   8.594155e-01
  4.377991e+00   2.485402e+01   8.815961e-01
  4.382679e+00   2.554902e+01   8.980749e-01
  4.387367e+00   2.409577e+01   8.764562e-01
  4.392056e+00   2.548050e+01   9.055880e-01
  4.396744e+00   2.561695e+01   9.123943e-01
  4.401432e+00   2.524147e+01   9.110972e-01
  4.406120e+00   2.596411e+01   9.266551e-01
  4.410808e+00   2.572601e+01   9.230379e-01
  4.415497e+00   2.501723e+01   9.108405e-01
  4.420185e+00   2.526501e+01   9.159060e-01
  4.424873e+00   2.500103e+01   9.118016e-01
  4.429561e+00   2.576383e+01   9.262395e-01
  4.434250e+00   2.425863e+01   8.993988e-01
  4.438938e+00   2.456054e+01   9.056618e-01
  4.443626e+00   2.577719e+01   9.283453e-01
  4.448314e+00   2.524708e+01   9.209480e-01
  4.453002e+00   2.547087e+01   9.294696e-01
  4.457691e+00   2.463339e+01   9.187120e-01
  4.462379e+00   2.436458e+01   9.182982e-01
  4.467067e+00   2.426286e+01   9.210499e-01
  4.471755e+00   2.456821e+01   9.315885e-01
  4.476444e+00   2.454208e+01   9.359818e-01
  4.481132e+00   2.523279e+01   9.540375e-01
  4.485820e+00   2.532372e+01   9.608819e-01
  4.490508e+00   2.518425e+01   9.633253e-01
  4.495197e+00   2.469475e+01   9.590403e-01
  4.499885e+00   2.616267e+01   9.924759e-01
  4.504573e+00   2.597966e+01   9.944006e-01
  4.509261e+00   2.493707e+01   9.796553e-01
  4.513949e+00   2.562674e+01   9.987096e-01
  4.518638e+00   2.610628e+01   1.013706e+00
  4.523326e+00   2.470807e+01   9.918292e-01
  4.528014e+00   2.501282e+01   1.003649e+00
  4.532702e+00   2.501891e+01   1.009581e+00
  4.537391e+00   2.484269e+01   1.011896e+00
  4.542079e+00   2.590950e+01   1.039585e+00
  4.546767e+00   2.465246e+01   1.020147e+00
  4.551455e+00   2.462739e+01   1.025770e+00
  4.556144e+00   2.526012e+01   1.045197e+00
  4.560832e+00   2.408881e+01   1.026959e+00
  4.565520e+00   2.441130e+01   1.040239e+00
  4.570208e+00   2.523175e+01   1.064357e+00
  4.574896e+00   2.497049e+01   1.065663e+00
  4.579585e+00   2.457253e+01   1.063933e+00
  4.584273e+00   2.491590e+01   1.078307e+00
  4.588961e+00   2.564486e+01   1.101169e+00
  4.593649e+00   2.618116e+01   1.120033e+00
  4.598338e+00   2.644696e+01   1.133474e+00
  4.603026e+00   2.600286e+01   1.131590e+00
  4.607714e+00   2.485366e+01   1.113939e+00
  4.612402e+00   2.641427e+01   1.156404e+00
  4.617091e+00   2.667818e+01   1.170384e+00
  4.621779e+00   2.489875e+01   1.138942e+00
  4.626467e+00   2.478248e+01   1.144603e+00
  4.631155e+00   2.592521e+01   1.179310e+00
  4.635843e+00   2.424472e+01   1.148946e+00
  4.640532e+00   2.422506e+01   1.157156e+00
  4.645220e+00   2.564816e+01   1.199966e+00
  4.649908e+00   2.634476e+01   1.225702e+00
  4.654596e+00   2.575797e+01   1.221518e+00
  4.659285e+00   2.429177e+01   1.195729e+00
  4.663973e+00   2.487298e+01   1.219762e+00
  4.668661e+00   2.410031e+01   1.210838e+00
  4.673349e+00   2.521134e+01   1.248826e+00
  4.678037e+00   2.318474e+01   1.207753e+00
  4.682726e+00   2.488529e+01   1.262046e+00
  4.687414e+00   2.565780e+01   1.292842e+00
  4.692102e+00   2.513207e+01   1.291190e+00
  4.696790e+00   2.567529e+01   1.316893e+00
  4.701479e+00   2.487750e+01   1.308215e+00
  4.706167e+00   2.414454e+01   1.300878e+00
  4.710855e+00   2.483261e+01   1.332262e+00
  4.715543e+00   2.517611e+01   1.354535e+00
  4.720232e+00   2.501557e+01   1.363562e+00
  4.724920e+00   2.409130e+01   1.351613e+00
  4.729608e+00   2.244736e+01   1.318389e+00
  4.734296e+00   2.448387e+01   1.391530e+00
  4.738984e+00   2.512803e+01   1.424771e+00
  4.743673e+00   2.475177e+01   1.429483e+00
  4.748361e+00   2.554192e+01   1.468586e+00
  4.753049e+00   2.593856e+01   1.497114e+00
  4.757737e+00   2.588454e+01   1.512941e+00
  4.762426e+00   2.419167e+01   1.480012e+00
  4.767114e+00   2.502617e+01   1.524018e+00
  4.771802e+00   2.447905e+01   1.526555e+00
  4.776490e+00   2.428132e+01   1.539784e+00
  4.781179e+00   2.382610e+01   1.545220e+00
  4.785867e+00   2.380705e+01   1.565782e+00
  4.790555e+00   2.376375e+01   1.586314e+00
  4.795243e+00   2.308334e+01   1.585550e+00
  4.799931e+00   2.559100e+01   1.693725e+00
  4.804620e+00   2.522258e+01   1.707399e+00
  4.809308e+00   2.336721e+01   1.669033e+00
  4.813996e+00   2.377698e+01   1.710337e+00
  4.818684e+00   2.579570e+01   1.810627e+00
  4.823373e+00   2.582822e+01   1.843738e+00
  4.828061e+00   2.490734e+01   1.842714e+00
  4.832749e+00   2.675518e+01   1.944513e+00
  4.837437e+00   2.625001e+01   1.962756e+00
  4.842125e+00   2.903204e+01   2.105681e+00
  4.846814e+00   2.752458e+01   2.091895e+00
  4.851502e+00   2.638762e+01   2.091484e+00
  4.856190e+00   2.476151e+01   2.072139e+00
  4.860878e+00   2.546051e+01   2.150252e+00
  4.865567e+00   2.536348e+01   2.197939e+00
  4.870255e+00   2.786696e+01   2.363386e+00
  4.874943e+00   2.455902e+01   2.280678e+00
  4.879631e+00   2.767561e+01   2.489350e+00
  4.884320e+00   2.941588e+01   2.643072e+00
  4.889008e+00   2.841080e+01   2.682986e+00
  4.893696e+00   2.517874e+01   2.612509e+00
  4.898384e+00   2.267897e+01   2.569557e+00
  4.903072e+00   2.374659e+01   2.734123e+00
  4.907761e+00   3.175359e+01   3.341117e+00
  4.912449e+00   2.697013e+01   4.254602e+00
  4.917137e+00   1.593089e+01   8.989330e+00
