# GI Buffer
# Sample c= 0.0 mg/ml
#
# Sample environment:
# Detector = Pilatus
# PixelSize_1 = 0.000172
# PixelSize_2 = 0.000172
#
# title = GI Buffer
# Frame 15 of 120
# Time per frame (s) = 1.0
# SampleDistance = 2.869
# WaveLength = 9.919e-11
# Normalization = 0.001062898
# DiodeCurr = 8.754208e-05
# MachCurr = 68.91835
# Mask = /data/bm29/archive/CALIBRATION/MASK/BM29/Pcon_19thNovember2015_7keV_v3.edf
#
# N 3
# L q*nm  I_GI Buffer  stddev
#
# Sample Information:
# Storage Temperature (degrees C): 20.0
# Measurement Temperature (degrees C): 20.08
# Concentration: 0.0
# Code: GIBuffer
  3.200246e-02   1.613657e+02   1.905580e+01
  3.669069e-02   4.872412e+02   1.503353e+01
  4.137892e-02   6.844314e+02   1.327301e+01
  4.606715e-02   5.655701e+02   9.990345e+00
  5.075538e-02   3.898471e+02   7.534331e+00
  5.544361e-02   2.899483e+02   6.002964e+00
  6.013183e-02   2.109887e+02   4.895838e+00
  6.482006e-02   1.624866e+02   4.122150e+00
  6.950829e-02   1.279823e+02   3.510289e+00
  7.419652e-02   1.069655e+02   3.080525e+00
  7.888475e-02   9.315990e+01   2.779147e+00
  8.357298e-02   8.043323e+01   2.505436e+00
  8.826121e-02   7.005302e+01   2.271965e+00
  9.294944e-02   6.344604e+01   2.098809e+00
  9.763767e-02   5.667718e+01   1.928986e+00
  1.023259e-01   5.226424e+01   1.808291e+00
  1.070141e-01   5.015002e+01   1.730866e+00
  1.117024e-01   4.654034e+01   1.629621e+00
  1.163906e-01   4.422798e+01   1.550157e+00
  1.210788e-01   4.217563e+01   1.484006e+00
  1.257670e-01   3.915610e+01   1.402427e+00
  1.304553e-01   3.841399e+01   1.364608e+00
  1.351435e-01   3.650940e+01   1.303547e+00
  1.398317e-01   3.530431e+01   1.259720e+00
  1.445200e-01   3.360235e+01   1.208670e+00
  1.492082e-01   3.435574e+01   1.202642e+00
  1.538964e-01   3.276225e+01   1.153746e+00
  1.585846e-01   3.179096e+01   1.118484e+00
  1.632729e-01   3.227072e+01   1.110525e+00
  1.679611e-01   3.190970e+01   1.088754e+00
  1.726493e-01   3.121356e+01   1.060856e+00
  1.773376e-01   3.097872e+01   1.041062e+00
  1.820258e-01   3.021040e+01   1.014868e+00
  1.867140e-01   3.035710e+01   1.004527e+00
  1.914022e-01   3.024910e+01   9.900783e-01
  1.960905e-01   2.949006e+01   9.639719e-01
  2.007787e-01   2.855330e+01   9.384203e-01
  2.054669e-01   2.713630e+01   9.044005e-01
  2.101552e-01   2.826630e+01   9.126987e-01
  2.148434e-01   2.811170e+01   8.985434e-01
  2.195316e-01   2.992778e+01   9.169886e-01
  2.242199e-01   2.834898e+01   8.832195e-01
  2.289081e-01   2.794698e+01   8.679439e-01
  2.335963e-01   2.958345e+01   8.829800e-01
  2.382845e-01   2.798587e+01   8.497659e-01
  2.429728e-01   2.705075e+01   8.274705e-01
  2.476610e-01   2.709300e+01   8.203146e-01
  2.523492e-01   2.778060e+01   8.224776e-01
  2.570375e-01   2.695333e+01   8.018344e-01
  2.617257e-01   2.730909e+01   7.999825e-01
  2.664139e-01   2.691918e+01   7.873263e-01
  2.711021e-01   2.683137e+01   7.792457e-01
  2.757904e-01   2.597457e+01   7.593475e-01
  2.804786e-01   2.639445e+01   7.594084e-01
  2.851668e-01   2.716191e+01   7.641254e-01
  2.898551e-01   2.700125e+01   7.552813e-01
  2.945433e-01   2.629152e+01   7.392845e-01
  2.992315e-01   2.683832e+01   7.576645e-01
  3.039197e-01   2.652019e+01   7.591105e-01
  3.086080e-01   2.634704e+01   7.588208e-01
  3.132962e-01   2.604956e+01   7.549183e-01
  3.179844e-01   2.654739e+01   7.619484e-01
  3.226727e-01   2.620393e+01   7.569822e-01
  3.273609e-01   2.566430e+01   7.483120e-01
  3.320491e-01   2.571301e+01   7.476764e-01
  3.367374e-01   2.603998e+01   7.504344e-01
  3.414256e-01   2.748728e+01   7.694404e-01
  3.461138e-01   2.548918e+01   7.394320e-01
  3.508020e-01   2.645385e+01   7.514834e-01
  3.554903e-01   2.675742e+01   7.529624e-01
  3.601785e-01   2.640385e+01   7.465432e-01
  3.648667e-01   2.614062e+01   7.481643e-01
  3.695550e-01   2.547500e+01   7.553057e-01
  3.742432e-01   2.502924e+01   7.571302e-01
  3.789314e-01   2.722892e+01   7.971572e-01
  3.836196e-01   2.609261e+01   7.853431e-01
  3.883079e-01   2.620365e+01   7.912877e-01
  3.929961e-01   2.674446e+01   8.067136e-01
  3.976843e-01   2.764328e+01   8.313030e-01
  4.023726e-01   2.705564e+01   8.305764e-01
  4.070608e-01   2.675069e+01   8.292478e-01
  4.117490e-01   2.545045e+01   8.104339e-01
  4.164372e-01   2.620998e+01   8.238194e-01
  4.211255e-01   2.667950e+01   8.328276e-01
  4.258137e-01   2.639442e+01   8.290654e-01
  4.305019e-01   2.670171e+01   8.330994e-01
  4.351902e-01   2.710873e+01   8.376943e-01
  4.398784e-01   2.612995e+01   8.214371e-01
  4.445666e-01   2.548797e+01   8.205775e-01
  4.492548e-01   2.654188e+01   8.659639e-01
  4.539431e-01   2.587778e+01   8.715187e-01
  4.586313e-01   2.627409e+01   8.914090e-01
  4.633195e-01   2.618310e+01   9.017653e-01
  4.680078e-01   2.579214e+01   9.055766e-01
  4.726960e-01   2.640043e+01   9.259867e-01
  4.773842e-01   2.660648e+01   9.388382e-01
  4.820725e-01   2.686827e+01   9.525118e-01
  4.867607e-01   2.590861e+01   9.442796e-01
  4.914489e-01   2.593068e+01   9.529286e-01
  4.961371e-01   2.797158e+01   9.978748e-01
  5.008254e-01   2.787854e+01   1.004402e+00
  5.055136e-01   2.652945e+01   9.880046e-01
  5.102018e-01   2.651596e+01   9.651008e-01
  5.148901e-01   2.582133e+01   9.191003e-01
  5.195783e-01   2.591621e+01   9.053115e-01
  5.242665e-01   2.673685e+01   9.087521e-01
  5.289547e-01   2.716130e+01   9.072303e-01
  5.336430e-01   2.718212e+01   8.997089e-01
  5.383312e-01   2.614110e+01   8.758957e-01
  5.430194e-01   2.667645e+01   8.794913e-01
  5.477077e-01   2.501861e+01   8.469961e-01
  5.523959e-01   2.634301e+01   8.642858e-01
  5.570841e-01   2.590706e+01   8.524235e-01
  5.617723e-01   2.665350e+01   8.609529e-01
  5.664606e-01   2.735018e+01   8.683040e-01
  5.711488e-01   2.672872e+01   8.549944e-01
  5.758370e-01   2.546144e+01   8.298215e-01
  5.805253e-01   2.549310e+01   8.252152e-01
  5.852135e-01   2.508626e+01   8.133616e-01
  5.899017e-01   2.595650e+01   8.216202e-01
  5.945900e-01   2.485004e+01   7.974660e-01
  5.992782e-01   2.534253e+01   8.001474e-01
  6.039664e-01   2.528319e+01   7.945169e-01
  6.086546e-01   2.652085e+01   8.088824e-01
  6.133429e-01   2.677898e+01   8.075634e-01
  6.180311e-01   2.582553e+01   7.883759e-01
  6.227193e-01   2.584560e+01   7.843384e-01
  6.274076e-01   2.657827e+01   7.920578e-01
  6.320958e-01   2.568386e+01   7.764487e-01
  6.367840e-01   2.569585e+01   7.743993e-01
  6.414722e-01   2.566131e+01   7.723225e-01
  6.461605e-01   2.605423e+01   7.764097e-01
  6.508487e-01   2.603601e+01   7.744764e-01
  6.555369e-01   2.543305e+01   7.631673e-01
  6.602252e-01   2.535905e+01   7.604424e-01
  6.649134e-01   2.664881e+01   7.779170e-01
  6.696016e-01   2.584894e+01   7.645627e-01
  6.742898e-01   2.570665e+01   7.603214e-01
  6.789781e-01   2.672842e+01   7.735987e-01
  6.836663e-01   2.513516e+01   7.486060e-01
  6.883545e-01   2.615944e+01   7.622901e-01
  6.930428e-01   2.625861e+01   7.616551e-01
  6.977310e-01   2.644560e+01   7.626263e-01
  7.024192e-01   2.449436e+01   7.324771e-01
  7.071074e-01   2.528128e+01   7.427259e-01
  7.117957e-01   2.604293e+01   7.521179e-01
  7.164839e-01   2.608443e+01   7.507674e-01
  7.211721e-01   2.555877e+01   7.417581e-01
  7.258604e-01   2.499355e+01   7.320141e-01
  7.305486e-01   2.598735e+01   7.451612e-01
  7.352368e-01   2.716859e+01   7.595615e-01
  7.399251e-01   2.549962e+01   7.346711e-01
  7.446133e-01   2.503552e+01   7.266521e-01
  7.493015e-01   2.625297e+01   7.432482e-01
  7.539897e-01   2.629995e+01   7.417553e-01
  7.586780e-01   2.487091e+01   7.194613e-01
  7.633662e-01   2.468029e+01   7.152898e-01
  7.680544e-01   2.671469e+01   7.428906e-01
  7.727427e-01   2.684195e+01   7.429682e-01
  7.774309e-01   2.577138e+01   7.263094e-01
  7.821191e-01   2.611142e+01   7.298101e-01
  7.868073e-01   2.555755e+01   7.207370e-01
  7.914956e-01   2.640451e+01   7.310145e-01
  7.961838e-01   2.549086e+01   7.166243e-01
  8.008720e-01   2.567960e+01   7.179525e-01
  8.055603e-01   2.575623e+01   7.176751e-01
  8.102485e-01   2.548408e+01   7.126812e-01
  8.149367e-01   2.617478e+01   7.204293e-01
  8.196249e-01   2.558660e+01   7.109361e-01
  8.243132e-01   2.547001e+01   7.081844e-01
  8.290014e-01   2.484765e+01   6.981814e-01
  8.336896e-01   2.469770e+01   6.944622e-01
  8.383779e-01   2.549998e+01   7.043060e-01
  8.430661e-01   2.581630e+01   7.074569e-01
  8.477543e-01   2.554789e+01   7.024804e-01
  8.524425e-01   2.605758e+01   7.080675e-01
  8.571308e-01   2.684957e+01   7.175881e-01
  8.618190e-01   2.631102e+01   7.089071e-01
  8.665072e-01   2.568875e+01   6.990908e-01
  8.711955e-01   2.502885e+01   6.888196e-01
  8.758837e-01   2.583760e+01   6.982731e-01
  8.805719e-01   2.658805e+01   7.070997e-01
  8.852602e-01   2.626347e+01   7.016467e-01
  8.899484e-01   2.632340e+01   7.013010e-01
  8.946366e-01   2.556343e+01   6.893451e-01
  8.993248e-01   2.652958e+01   7.012334e-01
  9.040131e-01   2.701719e+01   7.063557e-01
  9.087013e-01   2.557911e+01   6.862273e-01
  9.133895e-01   2.590427e+01   6.890466e-01
  9.180778e-01   2.570680e+01   6.852654e-01
  9.227660e-01   2.543888e+01   6.804096e-01
  9.274542e-01   2.637029e+01   6.917267e-01
  9.321424e-01   2.459331e+01   6.667566e-01
  9.368307e-01   2.562946e+01   6.792055e-01
  9.415189e-01   2.569162e+01   6.789755e-01
  9.462071e-01   2.647448e+01   6.882045e-01
  9.508954e-01   2.547832e+01   6.738685e-01
  9.555836e-01   2.651352e+01   6.860081e-01
  9.602718e-01   2.668768e+01   6.871556e-01
  9.649600e-01   2.652735e+01   6.839898e-01
  9.696483e-01   2.582406e+01   6.738478e-01
  9.743365e-01   2.580162e+01   6.719873e-01
  9.790247e-01   2.599753e+01   6.735633e-01
  9.837130e-01   2.529800e+01   6.633186e-01
  9.884012e-01   2.557025e+01   6.658621e-01
  9.930894e-01   2.531219e+01   6.611867e-01
  9.977777e-01   2.564399e+01   6.643276e-01
  1.002466e+00   2.597026e+01   6.675355e-01
  1.007154e+00   2.641389e+01   6.721157e-01
  1.011842e+00   2.639548e+01   6.707761e-01
  1.016531e+00   2.638466e+01   6.692949e-01
  1.021219e+00   2.642016e+01   6.686870e-01
  1.025907e+00   2.563964e+01   6.578211e-01
  1.030595e+00   2.566013e+01   6.570413e-01
  1.035283e+00   2.514743e+01   6.489944e-01
  1.039972e+00   2.447276e+01   6.393614e-01
  1.044660e+00   2.559749e+01   6.529648e-01
  1.049348e+00   2.556500e+01   6.514217e-01
  1.054036e+00   2.624567e+01   6.587816e-01
  1.058725e+00   2.563238e+01   6.500668e-01
  1.063413e+00   2.487078e+01   6.393231e-01
  1.068101e+00   2.502682e+01   6.404145e-01
  1.072789e+00   2.583901e+01   6.495022e-01
  1.077478e+00   2.465335e+01   6.333897e-01
  1.082166e+00   2.470657e+01   6.330869e-01
  1.086854e+00   2.637767e+01   6.532096e-01
  1.091542e+00   2.666188e+01   6.557283e-01
  1.096230e+00   2.546440e+01   6.395277e-01
  1.100919e+00   2.625826e+01   6.485152e-01
  1.105607e+00   2.638525e+01   6.492141e-01
  1.110295e+00   2.607231e+01   6.443422e-01
  1.114983e+00   2.458106e+01   6.246098e-01
  1.119672e+00   2.539264e+01   6.339357e-01
  1.124360e+00   2.595620e+01   6.398582e-01
  1.129048e+00   2.540283e+01   6.320498e-01
  1.133736e+00   2.535651e+01   6.303089e-01
  1.138425e+00   2.517203e+01   6.270691e-01
  1.143113e+00   2.540373e+01   6.290154e-01
  1.147801e+00   2.408979e+01   6.117639e-01
  1.152489e+00   2.586720e+01   6.327797e-01
  1.157177e+00   2.557182e+01   6.280853e-01
  1.161866e+00   2.558565e+01   6.274897e-01
  1.166554e+00   2.560129e+01   6.267672e-01
  1.171242e+00   2.596188e+01   6.301095e-01
  1.175930e+00   2.561219e+01   6.248640e-01
  1.180619e+00   2.538700e+01   6.212191e-01
  1.185307e+00   2.522127e+01   6.182907e-01
  1.189995e+00   2.526903e+01   6.180918e-01
  1.194683e+00   2.505518e+01   6.142737e-01
  1.199372e+00   2.503219e+01   6.131492e-01
  1.204060e+00   2.594479e+01   6.235459e-01
  1.208748e+00   2.538207e+01   6.162423e-01
  1.213436e+00   2.596738e+01   6.218712e-01
  1.218124e+00   2.666969e+01   6.291623e-01
  1.222813e+00   2.625256e+01   6.233405e-01
  1.227501e+00   2.530367e+01   6.112472e-01
  1.232189e+00   2.607526e+01   6.194556e-01
  1.236877e+00   2.574533e+01   6.144896e-01
  1.241566e+00   2.558372e+01   6.118271e-01
  1.246254e+00   2.630668e+01   6.196144e-01
  1.250942e+00   2.635473e+01   6.337748e-01
  1.255630e+00   2.571935e+01   6.430338e-01
  1.260318e+00   2.493747e+01   6.437591e-01
  1.265007e+00   2.503089e+01   6.535037e-01
  1.269695e+00   2.415082e+01   6.492503e-01
  1.274383e+00   2.474162e+01   6.638092e-01
  1.279071e+00   2.527128e+01   6.773474e-01
  1.283760e+00   2.640691e+01   6.985057e-01
  1.288448e+00   2.477014e+01   6.821580e-01
  1.293136e+00   2.500721e+01   6.908322e-01
  1.297824e+00   2.508515e+01   6.970997e-01
  1.302513e+00   2.581903e+01   7.114332e-01
  1.307201e+00   2.483036e+01   6.996875e-01
  1.311889e+00   2.532351e+01   7.072463e-01
  1.316577e+00   2.529611e+01   6.796973e-01
  1.321265e+00   2.576012e+01   6.688910e-01
  1.325954e+00   2.558590e+01   6.558855e-01
  1.330642e+00   2.559390e+01   6.476425e-01
  1.335330e+00   2.487449e+01   6.315025e-01
  1.340018e+00   2.536373e+01   6.317572e-01
  1.344707e+00   2.586661e+01   6.326457e-01
  1.349395e+00   2.526906e+01   6.206576e-01
  1.354083e+00   2.527642e+01   6.160414e-01
  1.358771e+00   2.476235e+01   6.056981e-01
  1.363460e+00   2.562363e+01   6.127745e-01
  1.368148e+00   2.543588e+01   6.088038e-01
  1.372836e+00   2.541914e+01   6.069535e-01
  1.377524e+00   2.512893e+01   6.021022e-01
  1.382212e+00   2.574802e+01   6.082706e-01
  1.386901e+00   2.568042e+01   6.062024e-01
  1.391589e+00   2.608814e+01   6.096418e-01
  1.396277e+00   2.609061e+01   6.083869e-01
  1.400965e+00   2.549761e+01   6.003254e-01
  1.405654e+00   2.489750e+01   5.921390e-01
  1.410342e+00   2.537750e+01   5.967126e-01
  1.415030e+00   2.574295e+01   5.996742e-01
  1.419718e+00   2.610578e+01   6.028715e-01
  1.424406e+00   2.628919e+01   6.040519e-01
  1.429095e+00   2.522637e+01   5.906758e-01
  1.433783e+00   2.596906e+01   5.980394e-01
  1.438471e+00   2.590605e+01   5.963899e-01
  1.443159e+00   2.593353e+01   5.957932e-01
  1.447848e+00   2.584534e+01   5.938055e-01
  1.452536e+00   2.587226e+01   5.929969e-01
  1.457224e+00   2.525777e+01   5.849739e-01
  1.461912e+00   2.570437e+01   5.892588e-01
  1.466601e+00   2.624038e+01   5.944657e-01
  1.471289e+00   2.536242e+01   5.834422e-01
  1.475977e+00   2.498408e+01   5.784029e-01
  1.480665e+00   2.517381e+01   5.794749e-01
  1.485353e+00   2.613854e+01   5.988837e-01
  1.490042e+00   2.626716e+01   6.187797e-01
  1.494730e+00   2.578105e+01   6.238461e-01
  1.499418e+00   2.594885e+01   6.339230e-01
  1.504106e+00   2.533315e+01   6.335996e-01
  1.508795e+00   2.565001e+01   6.443168e-01
  1.513483e+00   2.601118e+01   6.323950e-01
  1.518171e+00   2.556126e+01   6.128958e-01
  1.522859e+00   2.492257e+01   5.968795e-01
  1.527548e+00   2.527231e+01   5.946279e-01
  1.532236e+00   2.536054e+01   5.899595e-01
  1.536924e+00   2.537236e+01   5.854051e-01
  1.541612e+00   2.491634e+01   5.770580e-01
  1.546300e+00   2.606089e+01   5.887378e-01
  1.550989e+00   2.655847e+01   5.922145e-01
  1.555677e+00   2.650065e+01   5.885512e-01
  1.560365e+00   2.497319e+01   5.686677e-01
  1.565053e+00   2.509194e+01   5.673926e-01
  1.569742e+00   2.629042e+01   5.784341e-01
  1.574430e+00   2.539964e+01   5.673547e-01
  1.579118e+00   2.469365e+01   5.598321e-01
  1.583806e+00   2.524031e+01   5.666417e-01
  1.588495e+00   2.513342e+01   5.661042e-01
  1.593183e+00   2.556239e+01   5.711846e-01
  1.597871e+00   2.561088e+01   5.713732e-01
  1.602559e+00   2.625561e+01   5.776731e-01
  1.607247e+00   2.548248e+01   5.682036e-01
  1.611936e+00   2.569048e+01   5.694266e-01
  1.616624e+00   2.568699e+01   5.685872e-01
  1.621312e+00   2.557597e+01   5.665377e-01
  1.626000e+00   2.638335e+01   5.745395e-01
  1.630689e+00   2.566797e+01   5.657870e-01
  1.635377e+00   2.483568e+01   5.557145e-01
  1.640065e+00   2.544805e+01   5.617038e-01
  1.644753e+00   2.451700e+01   5.505809e-01
  1.649441e+00   2.466575e+01   5.514653e-01
  1.654130e+00   2.514651e+01   5.559240e-01
  1.658818e+00   2.579625e+01   5.622689e-01
  1.663506e+00   2.596628e+01   5.633807e-01
  1.668194e+00   2.595230e+01   5.625221e-01
  1.672883e+00   2.618791e+01   5.640926e-01
  1.677571e+00   2.584122e+01   5.596149e-01
  1.682259e+00   2.540042e+01   5.541565e-01
  1.686947e+00   2.537566e+01   5.531839e-01
  1.691636e+00   2.544697e+01   5.530558e-01
  1.696324e+00   2.556985e+01   5.536474e-01
  1.701012e+00   2.539933e+01   5.511279e-01
  1.705700e+00   2.508562e+01   5.470671e-01
  1.710388e+00   2.573163e+01   5.532449e-01
  1.715077e+00   2.554935e+01   5.505100e-01
  1.719765e+00   2.573968e+01   5.518727e-01
  1.724453e+00   2.600980e+01   5.541301e-01
  1.729141e+00   2.525381e+01   5.452955e-01
  1.733830e+00   2.450640e+01   5.363404e-01
  1.738518e+00   2.507458e+01   5.419087e-01
  1.743206e+00   2.456743e+01   5.357563e-01
  1.747894e+00   2.486729e+01   5.384459e-01
  1.752583e+00   2.527949e+01   5.423045e-01
  1.757271e+00   2.534688e+01   5.421918e-01
  1.761959e+00   2.520443e+01   5.399451e-01
  1.766647e+00   2.533237e+01   5.406387e-01
  1.771335e+00   2.570969e+01   5.439089e-01
  1.776024e+00   2.582482e+01   5.444382e-01
  1.780712e+00   2.598810e+01   5.455071e-01
  1.785400e+00   2.548623e+01   5.396202e-01
  1.790088e+00   2.573738e+01   5.416063e-01
  1.794777e+00   2.604956e+01   5.441183e-01
  1.799465e+00   2.545073e+01   5.371667e-01
  1.804153e+00   2.513858e+01   5.333612e-01
  1.808841e+00   2.508590e+01   5.321631e-01
  1.813530e+00   2.598251e+01   5.407605e-01
  1.818218e+00   2.514280e+01   5.313786e-01
  1.822906e+00   2.506741e+01   5.300603e-01
  1.827594e+00   2.546436e+01   5.336391e-01
  1.832282e+00   2.474754e+01   5.252102e-01
  1.836971e+00   2.580484e+01   5.358123e-01
  1.841659e+00   2.570276e+01   5.342093e-01
  1.846347e+00   2.562123e+01   5.327372e-01
  1.851035e+00   2.546642e+01   5.303508e-01
  1.855724e+00   2.558558e+01   5.310495e-01
  1.860412e+00   2.530037e+01   5.275372e-01
  1.865100e+00   2.437472e+01   5.171990e-01
  1.869788e+00   2.487740e+01   5.218016e-01
  1.874476e+00   2.518694e+01   5.244501e-01
  1.879165e+00   2.505630e+01   5.225679e-01
  1.883853e+00   2.510486e+01   5.224694e-01
  1.888541e+00   2.535713e+01   5.244636e-01
  1.893229e+00   2.621141e+01   5.328527e-01
  1.897918e+00   2.520919e+01   5.219555e-01
  1.902606e+00   2.516895e+01   5.207653e-01
  1.907294e+00   2.592012e+01   5.279553e-01
  1.911982e+00   2.594646e+01   5.274663e-01
  1.916671e+00   2.513343e+01   5.186196e-01
  1.921359e+00   2.525214e+01   5.193107e-01
  1.926047e+00   2.522775e+01   5.185359e-01
  1.930735e+00   2.579570e+01   5.236108e-01
  1.935423e+00   2.529733e+01   5.179986e-01
  1.940112e+00   2.504838e+01   5.148150e-01
  1.944800e+00   2.550147e+01   5.182880e-01
  1.949488e+00   2.475972e+01   5.093846e-01
  1.954176e+00   2.528004e+01   5.135715e-01
  1.958865e+00   2.562569e+01   5.159276e-01
  1.963553e+00   2.548180e+01   5.135740e-01
  1.968241e+00   2.564326e+01   5.146784e-01
  1.972929e+00   2.511365e+01   5.086973e-01
  1.977618e+00   2.512474e+01   5.084010e-01
  1.982306e+00   2.538507e+01   5.107446e-01
  1.986994e+00   2.519411e+01   5.087443e-01
  1.991682e+00   2.517774e+01   5.086187e-01
  1.996370e+00   2.516416e+01   5.086194e-01
  2.001059e+00   2.523236e+01   5.094642e-01
  2.005747e+00   2.555006e+01   5.124983e-01
  2.010435e+00   2.560869e+01   5.122566e-01
  2.015123e+00   2.505617e+01   5.061624e-01
  2.019812e+00   2.453773e+01   5.004075e-01
  2.024500e+00   2.542464e+01   5.089239e-01
  2.029188e+00   2.503211e+01   5.043597e-01
  2.033876e+00   2.494202e+01   5.028914e-01
  2.038565e+00   2.482257e+01   5.011587e-01
  2.043253e+00   2.473502e+01   4.998996e-01
  2.047941e+00   2.536922e+01   5.056849e-01
  2.052629e+00   2.556519e+01   5.088641e-01
  2.057317e+00   2.552932e+01   5.233667e-01
  2.062006e+00   2.553349e+01   5.329138e-01
  2.066694e+00   2.592257e+01   5.440976e-01
  2.071382e+00   2.537456e+01   5.440949e-01
  2.076070e+00   2.543662e+01   5.500730e-01
  2.080759e+00   2.572539e+01   5.581078e-01
  2.085447e+00   2.465512e+01   5.505753e-01
  2.090135e+00   2.495201e+01   5.559677e-01
  2.094823e+00   2.474962e+01   5.552919e-01
  2.099511e+00   2.485861e+01   5.580816e-01
  2.104200e+00   2.510979e+01   5.623493e-01
  2.108888e+00   2.569500e+01   5.701307e-01
  2.113576e+00   2.565822e+01   5.709795e-01
  2.118264e+00   2.502899e+01   5.584373e-01
  2.122953e+00   2.536255e+01   5.443461e-01
  2.127641e+00   2.556050e+01   5.374207e-01
  2.132329e+00   2.581194e+01   5.334978e-01
  2.137017e+00   2.535018e+01   5.237150e-01
  2.141706e+00   2.530381e+01   5.189033e-01
  2.146394e+00   2.524251e+01   5.144832e-01
  2.151082e+00   2.533456e+01   5.125832e-01
  2.155770e+00   2.551069e+01   5.132410e-01
  2.160458e+00   2.524089e+01   5.093367e-01
  2.165147e+00   2.539365e+01   5.098088e-01
  2.169835e+00   2.550019e+01   5.096849e-01
  2.174523e+00   2.520497e+01   5.058421e-01
  2.179211e+00   2.469166e+01   4.997747e-01
  2.183900e+00   2.477932e+01   4.997792e-01
  2.188588e+00   2.541514e+01   5.052240e-01
  2.193276e+00   2.492097e+01   4.994530e-01
  2.197964e+00   2.476093e+01   4.971192e-01
  2.202653e+00   2.493530e+01   4.980771e-01
  2.207341e+00   2.534398e+01   5.013528e-01
  2.212029e+00   2.516033e+01   4.987603e-01
  2.216717e+00   2.531842e+01   4.996695e-01
  2.221405e+00   2.539053e+01   4.996425e-01
  2.226094e+00   2.504633e+01   4.955634e-01
  2.230782e+00   2.500882e+01   4.944843e-01
  2.235470e+00   2.499581e+01   4.936998e-01
  2.240158e+00   2.555412e+01   4.985349e-01
  2.244847e+00   2.530439e+01   4.955089e-01
  2.249535e+00   2.557069e+01   4.973637e-01
  2.254223e+00   2.546367e+01   4.956795e-01
  2.258911e+00   2.483690e+01   4.889972e-01
  2.263600e+00   2.582998e+01   4.980981e-01
  2.268288e+00   2.526366e+01   4.919255e-01
  2.272976e+00   2.532034e+01   4.918343e-01
  2.277664e+00   2.484320e+01   4.866640e-01
  2.282352e+00   2.502913e+01   4.879469e-01
  2.287041e+00   2.422362e+01   4.794375e-01
  2.291729e+00   2.496344e+01   4.860246e-01
  2.296417e+00   2.485349e+01   4.844999e-01
  2.301105e+00   2.531409e+01   4.884259e-01
  2.305794e+00   2.560515e+01   4.906676e-01
  2.310482e+00   2.567705e+01   4.906783e-01
  2.315170e+00   2.510431e+01   4.847272e-01
  2.319858e+00   2.547790e+01   4.878128e-01
  2.324546e+00   2.531638e+01   4.857188e-01
  2.329235e+00   2.448840e+01   4.770711e-01
  2.333923e+00   2.480387e+01   4.796870e-01
  2.338611e+00   2.521334e+01   4.831375e-01
  2.343299e+00   2.438855e+01   4.746814e-01
  2.347988e+00   2.490428e+01   4.790345e-01
  2.352676e+00   2.586608e+01   4.877488e-01
  2.357364e+00   2.493429e+01   4.784034e-01
  2.362052e+00   2.479651e+01   4.765779e-01
  2.366741e+00   2.539160e+01   4.817156e-01
  2.371429e+00   2.569039e+01   4.840199e-01
  2.376117e+00   2.457706e+01   4.729857e-01
  2.380805e+00   2.491570e+01   4.757303e-01
  2.385493e+00   2.521074e+01   4.780291e-01
  2.390182e+00   2.471704e+01   4.728367e-01
  2.394870e+00   2.480501e+01   4.731658e-01
  2.399558e+00   2.470394e+01   4.718071e-01
  2.404246e+00   2.464924e+01   4.707829e-01
  2.408935e+00   2.475990e+01   4.713202e-01
  2.413623e+00   2.442283e+01   4.676331e-01
  2.418311e+00   2.524323e+01   4.749799e-01
  2.422999e+00   2.457706e+01   4.682855e-01
  2.427688e+00   2.527625e+01   4.742775e-01
  2.432376e+00   2.508027e+01   4.720318e-01
  2.437064e+00   2.589431e+01   4.791335e-01
  2.441752e+00   2.506402e+01   4.710666e-01
  2.446440e+00   2.515597e+01   4.713117e-01
  2.451129e+00   2.502157e+01   4.696328e-01
  2.455817e+00   2.437944e+01   4.632193e-01
  2.460505e+00   2.487003e+01   4.674679e-01
  2.465193e+00   2.526221e+01   4.705293e-01
  2.469882e+00   2.522147e+01   4.696643e-01
  2.474570e+00   2.509853e+01   4.681059e-01
  2.479258e+00   2.470545e+01   4.640496e-01
  2.483946e+00   2.446604e+01   4.613388e-01
  2.488634e+00   2.447843e+01   4.609295e-01
  2.493323e+00   2.503160e+01   4.657266e-01
  2.498011e+00   2.531595e+01   4.679764e-01
  2.502699e+00   2.528530e+01   4.672370e-01
  2.507387e+00   2.545258e+01   4.682736e-01
  2.512076e+00   2.488607e+01   4.626195e-01
  2.516764e+00   2.471947e+01   4.607029e-01
  2.521452e+00   2.502082e+01   4.630716e-01
  2.526140e+00   2.478177e+01   4.603657e-01
  2.530829e+00   2.487391e+01   4.607920e-01
  2.535517e+00   2.421106e+01   4.540004e-01
  2.540205e+00   2.465623e+01   4.572647e-01
  2.544893e+00   2.483487e+01   4.579219e-01
  2.549581e+00   2.415850e+01   4.508442e-01
  2.554270e+00   2.502237e+01   4.583986e-01
  2.558958e+00   2.461680e+01   4.542753e-01
  2.563646e+00   2.477454e+01   4.553278e-01
  2.568334e+00   2.565357e+01   4.628604e-01
  2.573023e+00   2.555411e+01   4.615843e-01
  2.577711e+00   2.459157e+01   4.524279e-01
  2.582399e+00   2.479382e+01   4.539108e-01
  2.587087e+00   2.496683e+01   4.551840e-01
  2.591776e+00   2.507578e+01   4.562399e-01
  2.596464e+00   2.479996e+01   4.538941e-01
  2.601152e+00   2.433478e+01   4.496786e-01
  2.605840e+00   2.503245e+01   4.556642e-01
  2.610528e+00   2.485280e+01   4.536252e-01
  2.615217e+00   2.496486e+01   4.542862e-01
  2.619905e+00   2.455862e+01   4.502608e-01
  2.624593e+00   2.505722e+01   4.542881e-01
  2.629281e+00   2.505653e+01   4.539128e-01
  2.633970e+00   2.535443e+01   4.562112e-01
  2.638658e+00   2.506087e+01   4.532498e-01
  2.643346e+00   2.481569e+01   4.505749e-01
  2.648034e+00   2.511453e+01   4.529312e-01
  2.652723e+00   2.473097e+01   4.490862e-01
  2.657411e+00   2.434118e+01   4.451343e-01
  2.662099e+00   2.573852e+01   4.573247e-01
  2.666787e+00   2.483204e+01   4.487356e-01
  2.671475e+00   2.535938e+01   4.531099e-01
  2.676164e+00   2.541058e+01   4.532824e-01
  2.680852e+00   2.511321e+01   4.503080e-01
  2.685540e+00   2.462509e+01   4.453950e-01
  2.690228e+00   2.510981e+01   4.493366e-01
  2.694917e+00   2.485626e+01   4.468474e-01
  2.699605e+00   2.533183e+01   4.507308e-01
  2.704293e+00   2.525319e+01   4.494812e-01
  2.708981e+00   2.538143e+01   4.502543e-01
  2.713669e+00   2.551147e+01   4.511018e-01
  2.718358e+00   2.485832e+01   4.449152e-01
  2.723046e+00   2.558694e+01   4.509559e-01
  2.727734e+00   2.462578e+01   4.420126e-01
  2.732422e+00   2.436448e+01   4.393658e-01
  2.737111e+00   2.532501e+01   4.475847e-01
  2.741799e+00   2.551811e+01   4.488760e-01
  2.746487e+00   2.531082e+01   4.466374e-01
  2.751175e+00   2.521997e+01   4.455240e-01
  2.755864e+00   2.557360e+01   4.482939e-01
  2.760552e+00   2.493526e+01   4.422764e-01
  2.765240e+00   2.450260e+01   4.380108e-01
  2.769928e+00   2.473436e+01   4.397444e-01
  2.774616e+00   2.472264e+01   4.393537e-01
  2.779305e+00   2.495074e+01   4.409786e-01
  2.783993e+00   2.523324e+01   4.430584e-01
  2.788681e+00   2.467392e+01   4.378068e-01
  2.793369e+00   2.494500e+01   4.399819e-01
  2.798058e+00   2.471955e+01   4.375304e-01
  2.802746e+00   2.496254e+01   4.394737e-01
  2.807434e+00   2.477858e+01   4.376041e-01
  2.812122e+00   2.522351e+01   4.409177e-01
  2.816811e+00   2.484417e+01   4.372966e-01
  2.821499e+00   2.474707e+01   4.360146e-01
  2.826187e+00   2.434983e+01   4.321116e-01
  2.830875e+00   2.438569e+01   4.321063e-01
  2.835563e+00   2.482948e+01   4.357217e-01
  2.840252e+00   2.540097e+01   4.402581e-01
  2.844940e+00   2.503911e+01   4.368024e-01
  2.849628e+00   2.471195e+01   4.336037e-01
  2.854316e+00   2.463303e+01   4.325995e-01
  2.859005e+00   2.524795e+01   4.453352e-01
  2.863693e+00   2.480636e+01   4.511054e-01
  2.868381e+00   2.480345e+01   4.570335e-01
  2.873069e+00   2.455590e+01   4.596775e-01
  2.877758e+00   2.460454e+01   4.641449e-01
  2.882446e+00   2.512443e+01   4.719470e-01
  2.887134e+00   2.485239e+01   4.709428e-01
  2.891822e+00   2.400967e+01   4.642403e-01
  2.896510e+00   2.457005e+01   4.709285e-01
  2.901199e+00   2.488612e+01   4.750578e-01
  2.905887e+00   2.477742e+01   4.752054e-01
  2.910575e+00   2.443703e+01   4.729708e-01
  2.915263e+00   2.518254e+01   4.811151e-01
  2.919952e+00   2.477606e+01   4.777541e-01
  2.924640e+00   2.524637e+01   4.692323e-01
  2.929328e+00   2.467439e+01   4.556869e-01
  2.934016e+00   2.445757e+01   4.484900e-01
  2.938704e+00   2.480936e+01   4.476252e-01
  2.943393e+00   2.487365e+01   4.449732e-01
  2.948081e+00   2.546176e+01   4.484489e-01
  2.952769e+00   2.485534e+01   4.419729e-01
  2.957457e+00   2.432642e+01   4.363619e-01
  2.962146e+00   2.451760e+01   4.371377e-01
  2.966834e+00   2.470009e+01   4.380821e-01
  2.971522e+00   2.428398e+01   4.335250e-01
  2.976210e+00   2.448602e+01   4.346474e-01
  2.980899e+00   2.467483e+01   4.355905e-01
  2.985587e+00   2.480974e+01   4.361178e-01
  2.990275e+00   2.430977e+01   4.310775e-01
  2.994963e+00   2.457814e+01   4.329277e-01
  2.999651e+00   2.491389e+01   4.352482e-01
  3.004340e+00   2.474855e+01   4.332170e-01
  3.009028e+00   2.520784e+01   4.366696e-01
  3.013716e+00   2.509876e+01   4.352446e-01
  3.018404e+00   2.517387e+01   4.353666e-01
  3.023093e+00   2.512323e+01   4.343773e-01
  3.027781e+00   2.456410e+01   4.290152e-01
  3.032469e+00   2.546455e+01   4.363663e-01
  3.037157e+00   2.539901e+01   4.353621e-01
  3.041846e+00   2.507401e+01   4.320199e-01
  3.046534e+00   2.502631e+01   4.311349e-01
  3.051222e+00   2.525591e+01   4.327921e-01
  3.055910e+00   2.478178e+01   4.283053e-01
  3.060598e+00   2.522093e+01   4.314530e-01
  3.065287e+00   2.514838e+01   4.304340e-01
  3.069975e+00   2.497696e+01   4.285576e-01
  3.074663e+00   2.501540e+01   4.285310e-01
  3.079351e+00   2.471329e+01   4.254535e-01
  3.084040e+00   2.456127e+01   4.236888e-01
  3.088728e+00   2.458056e+01   4.235003e-01
  3.093416e+00   2.446486e+01   4.222766e-01
  3.098104e+00   2.482459e+01   4.249078e-01
  3.102793e+00   2.487503e+01   4.248925e-01
  3.107481e+00   2.507420e+01   4.262226e-01
  3.112169e+00   2.540192e+01   4.285814e-01
  3.116857e+00   2.487796e+01   4.237129e-01
  3.121545e+00   2.485780e+01   4.231109e-01
  3.126234e+00   2.457514e+01   4.203498e-01
  3.130922e+00   2.475144e+01   4.215537e-01
  3.135610e+00   2.501829e+01   4.234329e-01
  3.140298e+00   2.473606e+01   4.208382e-01
  3.144987e+00   2.475942e+01   4.206925e-01
  3.149675e+00   2.449194e+01   4.178467e-01
  3.154363e+00   2.478541e+01   4.200210e-01
  3.159051e+00   2.509962e+01   4.222173e-01
  3.163739e+00   2.479874e+01   4.193244e-01
  3.168428e+00   2.472745e+01   4.184497e-01
  3.173116e+00   2.526626e+01   4.227011e-01
  3.177804e+00   2.528554e+01   4.224001e-01
  3.182492e+00   2.446079e+01   4.150974e-01
  3.187181e+00   2.490296e+01   4.185161e-01
  3.191869e+00   2.382636e+01   4.090447e-01
  3.196557e+00   2.480898e+01   4.170049e-01
  3.201245e+00   2.560614e+01   4.232983e-01
  3.205934e+00   2.493512e+01   4.173967e-01
  3.210622e+00   2.432761e+01   4.120155e-01
  3.215310e+00   2.487326e+01   4.161969e-01
  3.219998e+00   2.450677e+01   4.126377e-01
  3.224686e+00   2.514563e+01   4.173022e-01
  3.229375e+00   2.502991e+01   4.155617e-01
  3.234063e+00   2.476179e+01   4.128190e-01
  3.238751e+00   2.458912e+01   4.110236e-01
  3.243439e+00   2.430133e+01   4.082889e-01
  3.248128e+00   2.466204e+01   4.110349e-01
  3.252816e+00   2.495061e+01   4.131164e-01
  3.257504e+00   2.477486e+01   4.112691e-01
  3.262192e+00   2.474532e+01   4.107493e-01
  3.266881e+00   2.427788e+01   4.065489e-01
  3.271569e+00   2.446109e+01   4.077878e-01
  3.276257e+00   2.406109e+01   4.041442e-01
  3.280945e+00   2.435430e+01   4.066642e-01
  3.285633e+00   2.511491e+01   4.131089e-01
  3.290322e+00   2.496165e+01   4.118065e-01
  3.295010e+00   2.472401e+01   4.094985e-01
  3.299698e+00   2.525244e+01   4.135398e-01
  3.304386e+00   2.489318e+01   4.102677e-01
  3.309075e+00   2.470446e+01   4.084598e-01
  3.313763e+00   2.420822e+01   4.040026e-01
  3.318451e+00   2.479086e+01   4.084946e-01
  3.323139e+00   2.511186e+01   4.108672e-01
  3.327828e+00   2.500417e+01   4.096616e-01
  3.332516e+00   2.495564e+01   4.090120e-01
  3.337204e+00   2.484358e+01   4.077096e-01
  3.341892e+00   2.420078e+01   4.022042e-01
  3.346580e+00   2.390231e+01   3.994220e-01
  3.351269e+00   2.507321e+01   4.087471e-01
  3.355957e+00   2.495939e+01   4.082955e-01
  3.360645e+00   2.491019e+01   4.178775e-01
  3.365333e+00   2.477521e+01   4.233403e-01
  3.370022e+00   2.456840e+01   4.261923e-01
  3.374710e+00   2.458653e+01   4.284508e-01
  3.379398e+00   2.397111e+01   4.246335e-01
  3.384086e+00   2.496878e+01   4.347842e-01
  3.388774e+00   2.403814e+01   4.270852e-01
  3.393463e+00   2.488233e+01   4.341547e-01
  3.398151e+00   2.571431e+01   4.417831e-01
  3.402839e+00   2.474706e+01   4.343547e-01
  3.407527e+00   2.430959e+01   4.314536e-01
  3.412216e+00   2.476730e+01   4.363246e-01
  3.416904e+00   2.443480e+01   4.341964e-01
  3.421592e+00   2.433082e+01   4.341033e-01
  3.426280e+00   2.488249e+01   4.397214e-01
  3.430969e+00   2.393911e+01   4.320680e-01
  3.435657e+00   2.444827e+01   4.373698e-01
  3.440345e+00   2.440273e+01   4.375220e-01
  3.445033e+00   2.516603e+01   4.449939e-01
  3.449721e+00   2.448299e+01   4.396336e-01
  3.454410e+00   2.432360e+01   4.386955e-01
  3.459098e+00   2.414491e+01   4.376490e-01
  3.463786e+00   2.483365e+01   4.444118e-01
  3.468474e+00   2.424763e+01   4.397054e-01
  3.473163e+00   2.396471e+01   4.376008e-01
  3.477851e+00   2.438169e+01   4.419451e-01
  3.482539e+00   2.495953e+01   4.478493e-01
  3.487227e+00   2.515982e+01   4.499239e-01
  3.491916e+00   2.433988e+01   4.430569e-01
  3.496604e+00   2.470399e+01   4.468116e-01
  3.501292e+00   2.478897e+01   4.480348e-01
  3.505980e+00   2.487428e+01   4.492801e-01
  3.510668e+00   2.511254e+01   4.518750e-01
  3.515357e+00   2.490929e+01   4.504246e-01
  3.520045e+00   2.466217e+01   4.486826e-01
  3.524733e+00   2.410687e+01   4.439764e-01
  3.529421e+00   2.456217e+01   4.485253e-01
  3.534110e+00   2.473004e+01   4.505083e-01
  3.538798e+00   2.472083e+01   4.507741e-01
  3.543486e+00   2.506182e+01   4.542716e-01
  3.548174e+00   2.460429e+01   4.505041e-01
  3.552863e+00   2.454438e+01   4.503024e-01
  3.557551e+00   2.474615e+01   4.524913e-01
  3.562239e+00   2.482652e+01   4.536331e-01
  3.566927e+00   2.539575e+01   4.591560e-01
  3.571615e+00   2.446691e+01   4.509986e-01
  3.576304e+00   2.405498e+01   4.475048e-01
  3.580992e+00   2.498091e+01   4.563237e-01
  3.585680e+00   2.478721e+01   4.542863e-01
  3.590368e+00   2.495784e+01   4.554184e-01
  3.595057e+00   2.449483e+01   4.507725e-01
  3.599745e+00   2.461625e+01   4.514954e-01
  3.604433e+00   2.468704e+01   4.518720e-01
  3.609121e+00   2.485671e+01   4.538941e-01
  3.613809e+00   2.373229e+01   4.435712e-01
  3.618498e+00   2.404736e+01   4.467400e-01
  3.623186e+00   2.400560e+01   4.466696e-01
  3.627874e+00   2.436127e+01   4.502411e-01
  3.632562e+00   2.426291e+01   4.495677e-01
  3.637251e+00   2.461481e+01   4.531240e-01
  3.641939e+00   2.512519e+01   4.580585e-01
  3.646627e+00   2.429828e+01   4.507644e-01
  3.651315e+00   2.362243e+01   4.446680e-01
  3.656004e+00   2.423620e+01   4.508627e-01
  3.660692e+00   2.537443e+01   4.684537e-01
  3.665380e+00   2.439477e+01   4.757532e-01
  3.670068e+00   2.388453e+01   4.788869e-01
  3.674756e+00   2.438801e+01   4.915253e-01
  3.679445e+00   2.394454e+01   4.928609e-01
  3.684133e+00   2.501442e+01   5.071928e-01
  3.688821e+00   2.418365e+01   5.017788e-01
  3.693509e+00   2.469074e+01   5.100135e-01
  3.698198e+00   2.487286e+01   5.146902e-01
  3.702886e+00   2.479671e+01   5.167086e-01
  3.707574e+00   2.429558e+01   5.140211e-01
  3.712262e+00   2.380017e+01   5.113330e-01
  3.716951e+00   2.358785e+01   5.114656e-01
  3.721639e+00   2.423807e+01   5.209369e-01
  3.726327e+00   2.431421e+01   5.241035e-01
  3.731015e+00   2.411673e+01   5.243689e-01
  3.735703e+00   2.443551e+01   5.301146e-01
  3.740392e+00   2.443069e+01   5.324090e-01
  3.745080e+00   2.370221e+01   5.265915e-01
  3.749768e+00   2.480552e+01   5.410016e-01
  3.754456e+00   2.454445e+01   5.403545e-01
  3.759145e+00   2.463332e+01   5.435724e-01
  3.763833e+00   2.462861e+01   5.456889e-01
  3.768521e+00   2.475332e+01   5.492769e-01
  3.773209e+00   2.402814e+01   5.432816e-01
  3.777897e+00   2.424941e+01   5.479386e-01
  3.782586e+00   2.472421e+01   5.554032e-01
  3.787274e+00   2.477545e+01   5.581318e-01
  3.791962e+00   2.484708e+01   5.610775e-01
  3.796650e+00   2.473311e+01   5.619092e-01
  3.801339e+00   2.439929e+01   5.602021e-01
  3.806027e+00   2.430644e+01   5.612259e-01
  3.810715e+00   2.462178e+01   5.669593e-01
  3.815403e+00   2.457033e+01   5.684533e-01
  3.820092e+00   2.427766e+01   5.671414e-01
  3.824780e+00   2.444940e+01   5.712318e-01
  3.829468e+00   2.398739e+01   5.678989e-01
  3.834156e+00   2.427676e+01   5.733493e-01
  3.838844e+00   2.432882e+01   5.760641e-01
  3.843533e+00   2.431615e+01   5.779671e-01
  3.848221e+00   2.435916e+01   5.805368e-01
  3.852909e+00   2.430434e+01   5.819786e-01
  3.857597e+00   2.507775e+01   5.932799e-01
  3.862286e+00   2.507763e+01   5.953921e-01
  3.866974e+00   2.384504e+01   5.826222e-01
  3.871662e+00   2.512356e+01   6.002848e-01
  3.876350e+00   2.459791e+01   5.961632e-01
  3.881039e+00   2.464094e+01   5.985972e-01
  3.885727e+00   2.455924e+01   5.997064e-01
  3.890415e+00   2.544013e+01   6.124555e-01
  3.895103e+00   2.476216e+01   6.064277e-01
  3.899791e+00   2.544106e+01   6.167758e-01
  3.904480e+00   2.494699e+01   6.129374e-01
  3.909168e+00   2.464016e+01   6.112522e-01
  3.913856e+00   2.401087e+01   6.055915e-01
  3.918544e+00   2.493088e+01   6.191379e-01
  3.923233e+00   2.500217e+01   6.222582e-01
  3.927921e+00   2.475347e+01   6.212427e-01
  3.932609e+00   2.416625e+01   6.159076e-01
  3.937297e+00   2.378485e+01   6.121265e-01
  3.941986e+00   2.558096e+01   6.356165e-01
  3.946674e+00   2.536667e+01   6.335942e-01
  3.951362e+00   2.446297e+01   6.218464e-01
  3.956050e+00   2.464071e+01   6.230496e-01
  3.960738e+00   2.393988e+01   6.139647e-01
  3.965427e+00   2.381267e+01   6.130633e-01
  3.970115e+00   2.395073e+01   6.167388e-01
  3.974803e+00   2.452931e+01   6.261430e-01
  3.979491e+00   2.375659e+01   6.179270e-01
  3.984180e+00   2.436884e+01   6.279469e-01
  3.988868e+00   2.524214e+01   6.412274e-01
  3.993556e+00   2.559118e+01   6.478074e-01
  3.998244e+00   2.488394e+01   6.409740e-01
  4.002932e+00   2.537825e+01   6.495187e-01
  4.007621e+00   2.509396e+01   6.480061e-01
  4.012309e+00   2.450371e+01   6.425021e-01
  4.016997e+00   2.447435e+01   6.442983e-01
  4.021685e+00   2.427484e+01   6.438758e-01
  4.026374e+00   2.445463e+01   6.484436e-01
  4.031062e+00   2.416357e+01   6.467511e-01
  4.035750e+00   2.428746e+01   6.506035e-01
  4.040438e+00   2.521929e+01   6.652591e-01
  4.045127e+00   2.535950e+01   6.693915e-01
  4.049815e+00   2.427281e+01   6.571298e-01
  4.054503e+00   2.508949e+01   6.703709e-01
  4.059191e+00   2.555411e+01   6.789130e-01
  4.063879e+00   2.535548e+01   6.786149e-01
  4.068568e+00   2.434803e+01   6.672827e-01
  4.073256e+00   2.463357e+01   6.734915e-01
  4.077944e+00   2.435204e+01   6.719881e-01
  4.082632e+00   2.424483e+01   6.728376e-01
  4.087321e+00   2.492599e+01   6.846213e-01
  4.092009e+00   2.506946e+01   6.889898e-01
  4.096697e+00   2.477315e+01   6.873153e-01
  4.101385e+00   2.379774e+01   6.759902e-01
  4.106074e+00   2.483676e+01   6.930731e-01
  4.110762e+00   2.464987e+01   6.929333e-01
  4.115450e+00   2.426511e+01   6.899381e-01
  4.120138e+00   2.494475e+01   7.019808e-01
  4.124826e+00   2.427556e+01   6.949984e-01
  4.129515e+00   2.410998e+01   6.951560e-01
  4.134203e+00   2.369045e+01   6.915258e-01
  4.138891e+00   2.452090e+01   7.061015e-01
  4.143579e+00   2.454596e+01   7.090238e-01
  4.148268e+00   2.501718e+01   7.184493e-01
  4.152956e+00   2.468442e+01   7.162473e-01
  4.157644e+00   2.389708e+01   7.072359e-01
  4.162332e+00   2.378889e+01   7.083330e-01
  4.167021e+00   2.430945e+01   7.186841e-01
  4.171709e+00   2.412619e+01   7.185527e-01
  4.176397e+00   2.440699e+01   7.254632e-01
  4.181085e+00   2.441105e+01   7.282313e-01
  4.185773e+00   2.454585e+01   7.330477e-01
  4.190462e+00   2.505672e+01   7.434945e-01
  4.195150e+00   2.597988e+01   7.608363e-01
  4.199838e+00   2.483582e+01   7.460002e-01
  4.204526e+00   2.443754e+01   7.425543e-01
  4.209215e+00   2.533238e+01   7.589478e-01
  4.213903e+00   2.457833e+01   7.504448e-01
  4.218591e+00   2.461146e+01   7.538497e-01
  4.223279e+00   2.448859e+01   7.549319e-01
  4.227967e+00   2.425754e+01   7.542574e-01
  4.232656e+00   2.416232e+01   7.557482e-01
  4.237344e+00   2.417780e+01   7.590160e-01
  4.242032e+00   2.474015e+01   7.708104e-01
  4.246720e+00   2.376571e+01   7.584310e-01
  4.251409e+00   2.550535e+01   7.889932e-01
  4.256097e+00   2.491935e+01   7.829334e-01
  4.260785e+00   2.468308e+01   7.823577e-01
  4.265473e+00   2.472693e+01   7.870190e-01
  4.270162e+00   2.544627e+01   8.023994e-01
  4.274850e+00   2.573540e+01   8.127273e-01
  4.279538e+00   2.526961e+01   8.089573e-01
  4.284226e+00   2.442804e+01   7.952613e-01
  4.288914e+00   2.451390e+01   7.991658e-01
  4.293603e+00   2.431739e+01   7.993507e-01
  4.298291e+00   2.429573e+01   8.025098e-01
  4.302979e+00   2.455530e+01   8.100615e-01
  4.307667e+00   2.396761e+01   8.037894e-01
  4.312356e+00   2.323879e+01   7.949857e-01
  4.317044e+00   2.362623e+01   8.049283e-01
  4.321732e+00   2.334882e+01   8.037328e-01
  4.326420e+00   2.401950e+01   8.188530e-01
  4.331109e+00   2.575732e+01   8.515882e-01
  4.335797e+00   2.563615e+01   8.534057e-01
  4.340485e+00   2.433023e+01   8.359212e-01
  4.345173e+00   2.417439e+01   8.364232e-01
  4.349861e+00   2.502555e+01   8.546399e-01
  4.354550e+00   2.582717e+01   8.722492e-01
  4.359238e+00   2.392329e+01   8.433110e-01
  4.363926e+00   2.370737e+01   8.433688e-01
  4.368614e+00   2.383575e+01   8.495852e-01
  4.373303e+00   2.514002e+01   8.767002e-01
  4.377991e+00   2.540144e+01   8.853665e-01
  4.382679e+00   2.463848e+01   8.761023e-01
  4.387367e+00   2.498636e+01   8.866122e-01
  4.392056e+00   2.473923e+01   8.864256e-01
  4.396744e+00   2.345779e+01   8.673311e-01
  4.401432e+00   2.438271e+01   8.895508e-01
  4.406120e+00   2.430281e+01   8.905988e-01
  4.410808e+00   2.542620e+01   9.115837e-01
  4.415497e+00   2.376325e+01   8.818567e-01
  4.420185e+00   2.486111e+01   9.025550e-01
  4.424873e+00   2.486455e+01   9.033047e-01
  4.429561e+00   2.389962e+01   8.862086e-01
  4.434250e+00   2.499571e+01   9.069309e-01
  4.438938e+00   2.535815e+01   9.141731e-01
  4.443626e+00   2.404632e+01   8.907146e-01
  4.448314e+00   2.406037e+01   8.931061e-01
  4.453002e+00   2.359665e+01   8.887119e-01
  4.457691e+00   2.398917e+01   9.006317e-01
  4.462379e+00   2.466003e+01   9.177483e-01
  4.467067e+00   2.500079e+01   9.287769e-01
  4.471755e+00   2.508204e+01   9.350638e-01
  4.476444e+00   2.367666e+01   9.132600e-01
  4.481132e+00   2.443837e+01   9.326987e-01
  4.485820e+00   2.526396e+01   9.534093e-01
  4.490508e+00   2.592069e+01   9.708545e-01
  4.495197e+00   2.450901e+01   9.491174e-01
  4.499885e+00   2.459961e+01   9.560169e-01
  4.504573e+00   2.574644e+01   9.833894e-01
  4.509261e+00   2.459126e+01   9.664147e-01
  4.513949e+00   2.389174e+01   9.579414e-01
  4.518638e+00   2.501548e+01   9.857488e-01
  4.523326e+00   2.564264e+01   1.003740e+00
  4.528014e+00   2.318481e+01   9.598968e-01
  4.532702e+00   2.378193e+01   9.778060e-01
  4.537391e+00   2.472142e+01   1.002757e+00
  4.542079e+00   2.421289e+01   9.983345e-01
  4.546767e+00   2.516985e+01   1.023989e+00
  4.551455e+00   2.676338e+01   1.062267e+00
  4.556144e+00   2.552702e+01   1.043766e+00
  4.560832e+00   2.480453e+01   1.035221e+00
  4.565520e+00   2.449063e+01   1.035047e+00
  4.570208e+00   2.565228e+01   1.066103e+00
  4.574896e+00   2.552071e+01   1.070225e+00
  4.579585e+00   2.466572e+01   1.058909e+00
  4.584273e+00   2.520301e+01   1.077340e+00
  4.588961e+00   2.488827e+01   1.077639e+00
  4.593649e+00   2.531859e+01   1.094154e+00
  4.598338e+00   2.569293e+01   1.109821e+00
  4.603026e+00   2.590839e+01   1.122074e+00
  4.607714e+00   2.409992e+01   1.089674e+00
  4.612402e+00   2.523730e+01   1.122882e+00
  4.617091e+00   2.562690e+01   1.139517e+00
  4.621779e+00   2.460513e+01   1.124729e+00
  4.626467e+00   2.556096e+01   1.154765e+00
  4.631155e+00   2.633092e+01   1.180653e+00
  4.635843e+00   2.512609e+01   1.161919e+00
  4.640532e+00   2.571152e+01   1.184256e+00
  4.645220e+00   2.295987e+01   1.127842e+00
  4.649908e+00   2.287111e+01   1.134498e+00
  4.654596e+00   2.390386e+01   1.168963e+00
  4.659285e+00   2.521243e+01   1.210133e+00
  4.663973e+00   2.542191e+01   1.225005e+00
  4.668661e+00   2.475150e+01   1.218985e+00
  4.673349e+00   2.446995e+01   1.222201e+00
  4.678037e+00   2.485412e+01   1.242221e+00
  4.682726e+00   2.380534e+01   1.226206e+00
  4.687414e+00   2.594946e+01   1.291583e+00
  4.692102e+00   2.486373e+01   1.275797e+00
  4.696790e+00   2.689928e+01   1.339016e+00
  4.701479e+00   2.458860e+01   1.292008e+00
  4.706167e+00   2.457388e+01   1.303726e+00
  4.710855e+00   2.617718e+01   1.358821e+00
  4.715543e+00   2.648362e+01   1.380089e+00
  4.720232e+00   2.460085e+01   1.343282e+00
  4.724920e+00   2.615233e+01   1.398942e+00
  4.729608e+00   2.582650e+01   1.404806e+00
  4.734296e+00   2.545483e+01   1.409484e+00
  4.738984e+00   2.668650e+01   1.458593e+00
  4.743673e+00   2.563863e+01   1.445260e+00
  4.748361e+00   2.327347e+01   1.392598e+00
  4.753049e+00   2.360652e+01   1.418797e+00
  4.757737e+00   2.288698e+01   1.413248e+00
  4.762426e+00   2.284072e+01   1.428597e+00
  4.767114e+00   2.569999e+01   1.534200e+00
  4.771802e+00   2.659687e+01   1.580713e+00
  4.776490e+00   2.476793e+01   1.544867e+00
  4.781179e+00   2.495047e+01   1.570817e+00
  4.785867e+00   2.727809e+01   1.664976e+00
  4.790555e+00   2.563556e+01   1.636724e+00
  4.795243e+00   2.467170e+01   1.628367e+00
  4.799931e+00   2.593033e+01   1.693658e+00
  4.804620e+00   2.534658e+01   1.700288e+00
  4.809308e+00   2.584251e+01   1.743618e+00
  4.813996e+00   2.514770e+01   1.747330e+00
  4.818684e+00   2.717509e+01   1.846135e+00
  4.823373e+00   2.441431e+01   1.780724e+00
  4.828061e+00   2.379136e+01   1.789066e+00
  4.832749e+00   2.504662e+01   1.868976e+00
  4.837437e+00   2.587792e+01   1.935927e+00
  4.842125e+00   2.503769e+01   1.942555e+00
  4.846814e+00   2.688004e+01   2.053605e+00
  4.851502e+00   2.569892e+01   2.050380e+00
  4.856190e+00   2.130089e+01   1.909201e+00
  4.860878e+00   2.335431e+01   2.045793e+00
  4.865567e+00   2.408893e+01   2.127858e+00
  4.870255e+00   2.741811e+01   2.328793e+00
  4.874943e+00   2.768715e+01   2.405581e+00
  4.879631e+00   2.428257e+01   2.316367e+00
  4.884320e+00   2.523557e+01   2.431907e+00
  4.889008e+00   2.608994e+01   2.554086e+00
  4.893696e+00   2.775891e+01   2.724987e+00
  4.898384e+00   2.372741e+01   2.610923e+00
  4.903072e+00   2.992324e+01   3.048909e+00
  4.907761e+00   2.487869e+01   2.937865e+00
  4.912449e+00   2.363080e+01   3.956200e+00
  4.917137e+00   3.871585e+01   1.392109e+01
