# GI Buffer
# Sample c= 0.0 mg/ml
#
# Sample environment:
# Detector = Pilatus
# PixelSize_1 = 0.000172
# PixelSize_2 = 0.000172
#
# title = GI Buffer
# Frame 106 of 120
# Time per frame (s) = 1.0
# SampleDistance = 2.869
# WaveLength = 9.919e-11
# Normalization = 0.001062898
# DiodeCurr = 8.714146e-05
# MachCurr = 68.82923
# Mask = /data/bm29/archive/CALIBRATION/MASK/BM29/Pcon_19thNovember2015_7keV_v3.edf
#
# N 3
# L q*nm  I_GI Buffer  stddev
#
# Sample Information:
# Storage Temperature (degrees C): 20.0
# Measurement Temperature (degrees C): 20.08
# Concentration: 0.0
# Code: GIBuffer
  3.200246e-02   1.506679e+02   1.845560e+01
  3.669069e-02   4.942361e+02   1.517582e+01
  4.137892e-02   6.742152e+02   1.320383e+01
  4.606715e-02   5.676136e+02   1.003136e+01
  5.075538e-02   3.956903e+02   7.608013e+00
  5.544361e-02   2.879266e+02   5.995735e+00
  6.013183e-02   2.143267e+02   4.945743e+00
  6.482006e-02   1.593126e+02   4.091062e+00
  6.950829e-02   1.259276e+02   3.489992e+00
  7.419652e-02   1.052206e+02   3.062312e+00
  7.888475e-02   9.206812e+01   2.769158e+00
  8.357298e-02   8.018562e+01   2.507320e+00
  8.826121e-02   6.829436e+01   2.248416e+00
  9.294944e-02   6.355925e+01   2.105504e+00
  9.763767e-02   5.707148e+01   1.940129e+00
  1.023259e-01   5.292329e+01   1.823834e+00
  1.070141e-01   5.092550e+01   1.748201e+00
  1.117024e-01   4.714206e+01   1.643888e+00
  1.163906e-01   4.491512e+01   1.565739e+00
  1.210788e-01   4.108063e+01   1.467977e+00
  1.257670e-01   4.169917e+01   1.450576e+00
  1.304553e-01   3.873447e+01   1.373435e+00
  1.351435e-01   3.861974e+01   1.343771e+00
  1.398317e-01   3.738109e+01   1.299219e+00
  1.445200e-01   3.409031e+01   1.220209e+00
  1.492082e-01   3.453934e+01   1.208620e+00
  1.538964e-01   3.271358e+01   1.155536e+00
  1.585846e-01   3.356672e+01   1.151936e+00
  1.632729e-01   3.466454e+01   1.153620e+00
  1.679611e-01   3.412515e+01   1.128500e+00
  1.726493e-01   3.409813e+01   1.111338e+00
  1.773376e-01   3.187062e+01   1.058366e+00
  1.820258e-01   3.134715e+01   1.036159e+00
  1.867140e-01   3.029363e+01   1.005780e+00
  1.914022e-01   3.063240e+01   9.986191e-01
  1.960905e-01   3.042311e+01   9.813510e-01
  2.007787e-01   2.934526e+01   9.535297e-01
  2.054669e-01   2.823379e+01   9.246260e-01
  2.101552e-01   2.907164e+01   9.277345e-01
  2.148434e-01   2.851221e+01   9.069994e-01
  2.195316e-01   2.834815e+01   8.945097e-01
  2.242199e-01   2.909675e+01   8.968467e-01
  2.289081e-01   3.022477e+01   9.046940e-01
  2.335963e-01   2.850515e+01   8.687286e-01
  2.382845e-01   2.734174e+01   8.418581e-01
  2.429728e-01   2.810280e+01   8.453445e-01
  2.476610e-01   2.772094e+01   8.316717e-01
  2.523492e-01   2.884764e+01   8.400487e-01
  2.570375e-01   2.899628e+01   8.335769e-01
  2.617257e-01   2.816780e+01   8.143281e-01
  2.664139e-01   2.749871e+01   7.975832e-01
  2.711021e-01   2.716823e+01   7.859223e-01
  2.757904e-01   2.823143e+01   7.934670e-01
  2.804786e-01   2.730874e+01   7.742227e-01
  2.851668e-01   2.731924e+01   7.680949e-01
  2.898551e-01   2.832879e+01   7.754019e-01
  2.945433e-01   2.758053e+01   7.589288e-01
  2.992315e-01   2.744192e+01   7.678961e-01
  3.039197e-01   2.783950e+01   7.795491e-01
  3.086080e-01   2.708214e+01   7.711002e-01
  3.132962e-01   2.610807e+01   7.575009e-01
  3.179844e-01   2.641087e+01   7.617316e-01
  3.226727e-01   2.829549e+01   7.884190e-01
  3.273609e-01   2.713731e+01   7.712540e-01
  3.320491e-01   2.699239e+01   7.678103e-01
  3.367374e-01   2.625622e+01   7.552741e-01
  3.414256e-01   2.579533e+01   7.470948e-01
  3.461138e-01   2.654599e+01   7.563379e-01
  3.508020e-01   2.773302e+01   7.712045e-01
  3.554903e-01   2.611716e+01   7.456074e-01
  3.601785e-01   2.591073e+01   7.412371e-01
  3.648667e-01   2.665100e+01   7.571672e-01
  3.695550e-01   2.640334e+01   7.707102e-01
  3.742432e-01   2.663156e+01   7.827824e-01
  3.789314e-01   2.715130e+01   7.978479e-01
  3.836196e-01   2.610405e+01   7.873189e-01
  3.883079e-01   2.684208e+01   8.027081e-01
  3.929961e-01   2.732438e+01   8.172853e-01
  3.976843e-01   2.735500e+01   8.288558e-01
  4.023726e-01   2.663611e+01   8.260041e-01
  4.070608e-01   2.551844e+01   8.117830e-01
  4.117490e-01   2.600378e+01   8.210775e-01
  4.164372e-01   2.659139e+01   8.316971e-01
  4.211255e-01   2.617225e+01   8.267663e-01
  4.258137e-01   2.610480e+01   8.263973e-01
  4.305019e-01   2.701689e+01   8.399258e-01
  4.351902e-01   2.677206e+01   8.343878e-01
  4.398784e-01   2.705587e+01   8.377836e-01
  4.445666e-01   2.657560e+01   8.398266e-01
  4.492548e-01   2.658867e+01   8.687170e-01
  4.539431e-01   2.621165e+01   8.791365e-01
  4.586313e-01   2.675080e+01   9.015248e-01
  4.633195e-01   2.691947e+01   9.164575e-01
  4.680078e-01   2.658990e+01   9.215861e-01
  4.726960e-01   2.630643e+01   9.264592e-01
  4.773842e-01   2.576344e+01   9.259658e-01
  4.820725e-01   2.637070e+01   9.458174e-01
  4.867607e-01   2.780194e+01   9.804199e-01
  4.914489e-01   2.698394e+01   9.743212e-01
  4.961371e-01   2.728529e+01   9.878202e-01
  5.008254e-01   2.647284e+01   9.809992e-01
  5.055136e-01   2.567373e+01   9.741714e-01
  5.102018e-01   2.543917e+01   9.474723e-01
  5.148901e-01   2.544068e+01   9.143951e-01
  5.195783e-01   2.805297e+01   9.440560e-01
  5.242665e-01   2.557603e+01   8.908466e-01
  5.289547e-01   2.641530e+01   8.967389e-01
  5.336430e-01   2.635680e+01   8.879791e-01
  5.383312e-01   2.590114e+01   8.738682e-01
  5.430194e-01   2.472259e+01   8.486147e-01
  5.477077e-01   2.586962e+01   8.632584e-01
  5.523959e-01   2.597742e+01   8.602383e-01
  5.570841e-01   2.516699e+01   8.420889e-01
  5.617723e-01   2.600136e+01   8.523076e-01
  5.664606e-01   2.575735e+01   8.445752e-01
  5.711488e-01   2.633281e+01   8.505870e-01
  5.758370e-01   2.672296e+01   8.520823e-01
  5.805253e-01   2.626777e+01   8.395829e-01
  5.852135e-01   2.619679e+01   8.330784e-01
  5.899017e-01   2.770405e+01   8.507771e-01
  5.945900e-01   2.682314e+01   8.304233e-01
  5.992782e-01   2.619847e+01   8.154156e-01
  6.039664e-01   2.653160e+01   8.157647e-01
  6.086546e-01   2.657117e+01   8.115085e-01
  6.133429e-01   2.605724e+01   7.984356e-01
  6.180311e-01   2.550523e+01   7.852707e-01
  6.227193e-01   2.517414e+01   7.758602e-01
  6.274076e-01   2.736656e+01   8.055634e-01
  6.320958e-01   2.652930e+01   7.909364e-01
  6.367840e-01   2.665019e+01   7.904594e-01
  6.414722e-01   2.527548e+01   7.682543e-01
  6.461605e-01   2.549406e+01   7.697813e-01
  6.508487e-01   2.625535e+01   7.795176e-01
  6.555369e-01   2.634366e+01   7.784929e-01
  6.602252e-01   2.659644e+01   7.805624e-01
  6.649134e-01   2.649746e+01   7.774857e-01
  6.696016e-01   2.609298e+01   7.699271e-01
  6.742898e-01   2.608386e+01   7.676378e-01
  6.789781e-01   2.541157e+01   7.560332e-01
  6.836663e-01   2.635683e+01   7.683428e-01
  6.883545e-01   2.568068e+01   7.570166e-01
  6.930428e-01   2.607157e+01   7.606802e-01
  6.977310e-01   2.723324e+01   7.756766e-01
  7.024192e-01   2.719092e+01   7.735156e-01
  7.071074e-01   2.659105e+01   7.634715e-01
  7.117957e-01   2.705758e+01   7.683895e-01
  7.164839e-01   2.526492e+01   7.405761e-01
  7.211721e-01   2.626772e+01   7.537018e-01
  7.258604e-01   2.503418e+01   7.342911e-01
  7.305486e-01   2.585342e+01   7.449449e-01
  7.352368e-01   2.543743e+01   7.366513e-01
  7.399251e-01   2.585902e+01   7.415290e-01
  7.446133e-01   2.695526e+01   7.557288e-01
  7.493015e-01   2.629777e+01   7.455902e-01
  7.539897e-01   2.643507e+01   7.453656e-01
  7.586780e-01   2.563510e+01   7.321079e-01
  7.633662e-01   2.609225e+01   7.371547e-01
  7.680544e-01   2.579343e+01   7.316449e-01
  7.727427e-01   2.675379e+01   7.434502e-01
  7.774309e-01   2.623728e+01   7.345278e-01
  7.821191e-01   2.690450e+01   7.425113e-01
  7.868073e-01   2.564314e+01   7.236005e-01
  7.914956e-01   2.653559e+01   7.345094e-01
  7.961838e-01   2.763664e+01   7.478904e-01
  8.008720e-01   2.627323e+01   7.278709e-01
  8.055603e-01   2.593491e+01   7.218138e-01
  8.102485e-01   2.666175e+01   7.306362e-01
  8.149367e-01   2.548863e+01   7.125562e-01
  8.196249e-01   2.536258e+01   7.094421e-01
  8.243132e-01   2.640131e+01   7.226710e-01
  8.290014e-01   2.661065e+01   7.241849e-01
  8.336896e-01   2.676443e+01   7.245951e-01
  8.383779e-01   2.625298e+01   7.162701e-01
  8.430661e-01   2.637033e+01   7.166494e-01
  8.477543e-01   2.658324e+01   7.182187e-01
  8.524425e-01   2.687291e+01   7.207107e-01
  8.571308e-01   2.686006e+01   7.193763e-01
  8.618190e-01   2.548697e+01   6.993195e-01
  8.665072e-01   2.524852e+01   6.946660e-01
  8.711955e-01   2.529376e+01   6.940452e-01
  8.758837e-01   2.499170e+01   6.883244e-01
  8.805719e-01   2.615484e+01   7.029259e-01
  8.852602e-01   2.734302e+01   7.175659e-01
  8.899484e-01   2.649335e+01   7.051766e-01
  8.946366e-01   2.661149e+01   7.049492e-01
  8.993248e-01   2.596828e+01   6.953686e-01
  9.040131e-01   2.528760e+01   6.849411e-01
  9.087013e-01   2.668305e+01   7.024882e-01
  9.133895e-01   2.628611e+01   6.957000e-01
  9.180778e-01   2.469398e+01   6.731725e-01
  9.227660e-01   2.580780e+01   6.868991e-01
  9.274542e-01   2.583219e+01   6.862047e-01
  9.321424e-01   2.615046e+01   6.891195e-01
  9.368307e-01   2.566454e+01   6.812307e-01
  9.415189e-01   2.676549e+01   6.946115e-01
  9.462071e-01   2.710881e+01   6.979994e-01
  9.508954e-01   2.668271e+01   6.911954e-01
  9.555836e-01   2.646007e+01   6.868898e-01
  9.602718e-01   2.587321e+01   6.781424e-01
  9.649600e-01   2.544124e+01   6.713791e-01
  9.696483e-01   2.551546e+01   6.713474e-01
  9.743365e-01   2.670373e+01   6.852035e-01
  9.790247e-01   2.659009e+01   6.827603e-01
  9.837130e-01   2.606516e+01   6.748469e-01
  9.884012e-01   2.559559e+01   6.677216e-01
  9.930894e-01   2.584410e+01   6.696317e-01
  9.977777e-01   2.537122e+01   6.623022e-01
  1.002466e+00   2.634610e+01   6.738922e-01
  1.007154e+00   2.647366e+01   6.744208e-01
  1.011842e+00   2.513619e+01   6.560826e-01
  1.016531e+00   2.573917e+01   6.625748e-01
  1.021219e+00   2.492919e+01   6.510364e-01
  1.025907e+00   2.574883e+01   6.607338e-01
  1.030595e+00   2.589757e+01   6.615897e-01
  1.035283e+00   2.561269e+01   6.564744e-01
  1.039972e+00   2.574394e+01   6.572620e-01
  1.044660e+00   2.656762e+01   6.667506e-01
  1.049348e+00   2.644374e+01   6.640440e-01
  1.054036e+00   2.627329e+01   6.606416e-01
  1.058725e+00   2.574532e+01   6.529932e-01
  1.063413e+00   2.558019e+01   6.498657e-01
  1.068101e+00   2.528839e+01   6.452306e-01
  1.072789e+00   2.596857e+01   6.526237e-01
  1.077478e+00   2.589787e+01   6.506703e-01
  1.082166e+00   2.582524e+01   6.487468e-01
  1.086854e+00   2.642450e+01   6.552904e-01
  1.091542e+00   2.686737e+01   6.597617e-01
  1.096230e+00   2.688227e+01   6.585999e-01
  1.100919e+00   2.595125e+01   6.461932e-01
  1.105607e+00   2.587464e+01   6.443778e-01
  1.110295e+00   2.493463e+01   6.315740e-01
  1.114983e+00   2.530067e+01   6.351415e-01
  1.119672e+00   2.570177e+01   6.392470e-01
  1.124360e+00   2.579331e+01   6.393119e-01
  1.129048e+00   2.710550e+01   6.543875e-01
  1.133736e+00   2.696098e+01   6.514371e-01
  1.138425e+00   2.603884e+01   6.392387e-01
  1.143113e+00   2.551301e+01   6.318143e-01
  1.147801e+00   2.611228e+01   6.383896e-01
  1.152489e+00   2.525417e+01   6.266722e-01
  1.157177e+00   2.633587e+01   6.388629e-01
  1.161866e+00   2.623370e+01   6.368458e-01
  1.166554e+00   2.625535e+01   6.361805e-01
  1.171242e+00   2.529443e+01   6.233853e-01
  1.175930e+00   2.498810e+01   6.186211e-01
  1.180619e+00   2.495687e+01   6.173481e-01
  1.185307e+00   2.580842e+01   6.268822e-01
  1.189995e+00   2.498222e+01   6.159851e-01
  1.194683e+00   2.618261e+01   6.293840e-01
  1.199372e+00   2.609258e+01   6.274387e-01
  1.204060e+00   2.588598e+01   6.242690e-01
  1.208748e+00   2.609821e+01   6.263102e-01
  1.213436e+00   2.565784e+01   6.195728e-01
  1.218124e+00   2.613811e+01   6.242905e-01
  1.222813e+00   2.555182e+01   6.163771e-01
  1.227501e+00   2.487241e+01   6.074075e-01
  1.232189e+00   2.679919e+01   6.294376e-01
  1.236877e+00   2.542238e+01   6.120253e-01
  1.241566e+00   2.554962e+01   6.128231e-01
  1.246254e+00   2.616508e+01   6.193633e-01
  1.250942e+00   2.659340e+01   6.380997e-01
  1.255630e+00   2.550690e+01   6.418428e-01
  1.260318e+00   2.570496e+01   6.550910e-01
  1.265007e+00   2.576368e+01   6.645227e-01
  1.269695e+00   2.653945e+01   6.821631e-01
  1.274383e+00   2.560668e+01   6.768646e-01
  1.279071e+00   2.694074e+01   7.009689e-01
  1.283760e+00   2.540122e+01   6.866484e-01
  1.288448e+00   2.529602e+01   6.909440e-01
  1.293136e+00   2.698062e+01   7.192203e-01
  1.297824e+00   2.726039e+01   7.283642e-01
  1.302513e+00   2.590647e+01   7.142731e-01
  1.307201e+00   2.616002e+01   7.198261e-01
  1.311889e+00   2.566547e+01   7.136403e-01
  1.316577e+00   2.527260e+01   6.809412e-01
  1.321265e+00   2.566774e+01   6.692237e-01
  1.325954e+00   2.653308e+01   6.694490e-01
  1.330642e+00   2.629381e+01   6.579453e-01
  1.335330e+00   2.680134e+01   6.570104e-01
  1.340018e+00   2.578137e+01   6.383997e-01
  1.344707e+00   2.513361e+01   6.250493e-01
  1.349395e+00   2.556768e+01   6.257477e-01
  1.354083e+00   2.666219e+01   6.341559e-01
  1.358771e+00   2.555452e+01   6.167231e-01
  1.363460e+00   2.496894e+01   6.062844e-01
  1.368148e+00   2.530556e+01   6.086365e-01
  1.372836e+00   2.499312e+01   6.032277e-01
  1.377524e+00   2.526605e+01   6.051289e-01
  1.382212e+00   2.607862e+01   6.135690e-01
  1.386901e+00   2.614964e+01   6.131200e-01
  1.391589e+00   2.642476e+01   6.149712e-01
  1.396277e+00   2.600531e+01   6.087861e-01
  1.400965e+00   2.593594e+01   6.068536e-01
  1.405654e+00   2.683313e+01   6.161372e-01
  1.410342e+00   2.662008e+01   6.125500e-01
  1.415030e+00   2.626365e+01   6.070994e-01
  1.419718e+00   2.598120e+01   6.028122e-01
  1.424406e+00   2.556878e+01   5.970857e-01
  1.429095e+00   2.584772e+01   5.992789e-01
  1.433783e+00   2.584591e+01   5.979896e-01
  1.438471e+00   2.609151e+01   5.998950e-01
  1.443159e+00   2.666108e+01   6.054798e-01
  1.447848e+00   2.698121e+01   6.081068e-01
  1.452536e+00   2.634367e+01   5.997488e-01
  1.457224e+00   2.592935e+01   5.940607e-01
  1.461912e+00   2.657963e+01   6.005829e-01
  1.466601e+00   2.612574e+01   5.945277e-01
  1.471289e+00   2.597431e+01   5.917940e-01
  1.475977e+00   2.587567e+01   5.899845e-01
  1.480665e+00   2.567743e+01   5.865864e-01
  1.485353e+00   2.593314e+01   5.978956e-01
  1.490042e+00   2.584760e+01   6.152274e-01
  1.494730e+00   2.557895e+01   6.228229e-01
  1.499418e+00   2.712222e+01   6.495852e-01
  1.504106e+00   2.591540e+01   6.423110e-01
  1.508795e+00   2.550362e+01   6.439506e-01
  1.513483e+00   2.688366e+01   6.443899e-01
  1.518171e+00   2.536662e+01   6.119598e-01
  1.522859e+00   2.545053e+01   6.045535e-01
  1.527548e+00   2.599882e+01   6.044990e-01
  1.532236e+00   2.638173e+01   6.031017e-01
  1.536924e+00   2.602788e+01   5.942805e-01
  1.541612e+00   2.525393e+01   5.822880e-01
  1.546300e+00   2.556059e+01   5.843980e-01
  1.550989e+00   2.622205e+01   5.898029e-01
  1.555677e+00   2.602250e+01   5.845565e-01
  1.560365e+00   2.600513e+01   5.816303e-01
  1.565053e+00   2.618798e+01   5.809833e-01
  1.569742e+00   2.594091e+01   5.758956e-01
  1.574430e+00   2.577912e+01   5.728896e-01
  1.579118e+00   2.622558e+01   5.782608e-01
  1.583806e+00   2.619860e+01   5.786238e-01
  1.588495e+00   2.679051e+01   5.858104e-01
  1.593183e+00   2.639564e+01   5.817520e-01
  1.597871e+00   2.667043e+01   5.844114e-01
  1.602559e+00   2.579803e+01   5.739319e-01
  1.607247e+00   2.545207e+01   5.691683e-01
  1.611936e+00   2.561756e+01   5.699235e-01
  1.616624e+00   2.522502e+01   5.647448e-01
  1.621312e+00   2.586225e+01   5.710077e-01
  1.626000e+00   2.588657e+01   5.704114e-01
  1.630689e+00   2.668844e+01   5.782489e-01
  1.635377e+00   2.611776e+01   5.711862e-01
  1.640065e+00   2.554638e+01   5.640802e-01
  1.644753e+00   2.544957e+01   5.622425e-01
  1.649441e+00   2.598328e+01   5.673018e-01
  1.654130e+00   2.615978e+01   5.683156e-01
  1.658818e+00   2.603723e+01   5.661860e-01
  1.663506e+00   2.696684e+01   5.754507e-01
  1.668194e+00   2.638515e+01   5.684961e-01
  1.672883e+00   2.500317e+01   5.524507e-01
  1.677571e+00   2.524183e+01   5.543565e-01
  1.682259e+00   2.606542e+01   5.626528e-01
  1.686947e+00   2.546356e+01   5.554135e-01
  1.691636e+00   2.490797e+01   5.484236e-01
  1.696324e+00   2.515295e+01   5.503762e-01
  1.701012e+00   2.539683e+01   5.523660e-01
  1.705700e+00   2.557359e+01   5.536305e-01
  1.710388e+00   2.533926e+01   5.502712e-01
  1.715077e+00   2.645875e+01   5.615081e-01
  1.719765e+00   2.606876e+01   5.566645e-01
  1.724453e+00   2.556521e+01   5.506352e-01
  1.729141e+00   2.558216e+01   5.500891e-01
  1.733830e+00   2.644185e+01   5.583965e-01
  1.738518e+00   2.612911e+01   5.544567e-01
  1.743206e+00   2.644790e+01   5.571589e-01
  1.747894e+00   2.587096e+01   5.504655e-01
  1.752583e+00   2.515124e+01   5.421692e-01
  1.757271e+00   2.639941e+01   5.546050e-01
  1.761959e+00   2.603254e+01   5.500036e-01
  1.766647e+00   2.554630e+01   5.441633e-01
  1.771335e+00   2.539642e+01   5.418263e-01
  1.776024e+00   2.539508e+01   5.411291e-01
  1.780712e+00   2.530494e+01   5.395253e-01
  1.785400e+00   2.586994e+01   5.449154e-01
  1.790088e+00   2.569070e+01   5.423574e-01
  1.794777e+00   2.580898e+01   5.428435e-01
  1.799465e+00   2.570293e+01   5.410610e-01
  1.804153e+00   2.510003e+01   5.341758e-01
  1.808841e+00   2.444488e+01   5.265262e-01
  1.813530e+00   2.506385e+01   5.323341e-01
  1.818218e+00   2.567670e+01   5.382237e-01
  1.822906e+00   2.599501e+01   5.410179e-01
  1.827594e+00   2.563544e+01   5.366580e-01
  1.832282e+00   2.482449e+01   5.272340e-01
  1.836971e+00   2.517490e+01   5.304469e-01
  1.841659e+00   2.518803e+01   5.300473e-01
  1.846347e+00   2.551333e+01   5.328348e-01
  1.851035e+00   2.534470e+01   5.302967e-01
  1.855724e+00   2.510992e+01   5.272979e-01
  1.860412e+00   2.597672e+01   5.357693e-01
  1.865100e+00   2.557951e+01   5.310434e-01
  1.869788e+00   2.488903e+01   5.231220e-01
  1.874476e+00   2.540153e+01   5.278887e-01
  1.879165e+00   2.515215e+01   5.247684e-01
  1.883853e+00   2.619308e+01   5.348983e-01
  1.888541e+00   2.638354e+01   5.362013e-01
  1.893229e+00   2.633352e+01   5.353189e-01
  1.897918e+00   2.606751e+01   5.319854e-01
  1.902606e+00   2.614937e+01   5.320301e-01
  1.907294e+00   2.505113e+01   5.202216e-01
  1.911982e+00   2.547254e+01   5.238269e-01
  1.916671e+00   2.538843e+01   5.224407e-01
  1.921359e+00   2.522475e+01   5.202207e-01
  1.926047e+00   2.576179e+01   5.251985e-01
  1.930735e+00   2.580255e+01   5.248827e-01
  1.935423e+00   2.523166e+01   5.185136e-01
  1.940112e+00   2.548951e+01   5.205208e-01
  1.944800e+00   2.571141e+01   5.216118e-01
  1.949488e+00   2.493804e+01   5.123894e-01
  1.954176e+00   2.606632e+01   5.226945e-01
  1.958865e+00   2.552213e+01   5.160662e-01
  1.963553e+00   2.529775e+01   5.128909e-01
  1.968241e+00   2.502223e+01   5.095752e-01
  1.972929e+00   2.517731e+01   5.105111e-01
  1.977618e+00   2.450162e+01   5.032097e-01
  1.982306e+00   2.567760e+01   5.148583e-01
  1.986994e+00   2.559526e+01   5.139560e-01
  1.991682e+00   2.555183e+01   5.135597e-01
  1.996370e+00   2.614593e+01   5.196368e-01
  2.001059e+00   2.523358e+01   5.106463e-01
  2.005747e+00   2.508314e+01   5.089598e-01
  2.010435e+00   2.612548e+01   5.185874e-01
  2.015123e+00   2.625523e+01   5.193217e-01
  2.019812e+00   2.585017e+01   5.147951e-01
  2.024500e+00   2.621910e+01   5.180008e-01
  2.029188e+00   2.537081e+01   5.089262e-01
  2.033876e+00   2.511328e+01   5.057736e-01
  2.038565e+00   2.641558e+01   5.181769e-01
  2.043253e+00   2.625933e+01   5.162553e-01
  2.047941e+00   2.526298e+01   5.057837e-01
  2.052629e+00   2.520790e+01   5.064560e-01
  2.057317e+00   2.494032e+01   5.184819e-01
  2.062006e+00   2.554587e+01   5.342669e-01
  2.066694e+00   2.546454e+01   5.405075e-01
  2.071382e+00   2.495409e+01   5.408071e-01
  2.076070e+00   2.512388e+01   5.479363e-01
  2.080759e+00   2.605283e+01   5.629380e-01
  2.085447e+00   2.563890e+01   5.627415e-01
  2.090135e+00   2.504531e+01   5.582852e-01
  2.094823e+00   2.520475e+01   5.616609e-01
  2.099511e+00   2.476320e+01   5.582886e-01
  2.104200e+00   2.526113e+01   5.653366e-01
  2.108888e+00   2.661145e+01   5.815410e-01
  2.113576e+00   2.586230e+01   5.745619e-01
  2.118264e+00   2.543662e+01   5.642590e-01
  2.122953e+00   2.494683e+01   5.411060e-01
  2.127641e+00   2.511179e+01   5.339057e-01
  2.132329e+00   2.566251e+01   5.331727e-01
  2.137017e+00   2.507947e+01   5.221072e-01
  2.141706e+00   2.541913e+01   5.212786e-01
  2.146394e+00   2.558080e+01   5.191084e-01
  2.151082e+00   2.515783e+01   5.119650e-01
  2.155770e+00   2.506841e+01   5.099406e-01
  2.160458e+00   2.510810e+01   5.091616e-01
  2.165147e+00   2.494246e+01   5.064195e-01
  2.169835e+00   2.500571e+01   5.058777e-01
  2.174523e+00   2.495892e+01   5.045229e-01
  2.179211e+00   2.550839e+01   5.091393e-01
  2.183900e+00   2.543442e+01   5.075051e-01
  2.188588e+00   2.519154e+01   5.041516e-01
  2.193276e+00   2.592122e+01   5.105472e-01
  2.197964e+00   2.567736e+01   5.073974e-01
  2.202653e+00   2.544814e+01   5.043283e-01
  2.207341e+00   2.569672e+01   5.059888e-01
  2.212029e+00   2.523413e+01   5.006381e-01
  2.216717e+00   2.531986e+01   5.008309e-01
  2.221405e+00   2.440988e+01   4.910236e-01
  2.226094e+00   2.453815e+01   4.916366e-01
  2.230782e+00   2.490342e+01   4.945741e-01
  2.235470e+00   2.483837e+01   4.932725e-01
  2.240158e+00   2.548601e+01   4.990132e-01
  2.244847e+00   2.573602e+01   5.008644e-01
  2.249535e+00   2.520324e+01   4.949109e-01
  2.254223e+00   2.556409e+01   4.977963e-01
  2.258911e+00   2.485270e+01   4.902758e-01
  2.263600e+00   2.586340e+01   4.995646e-01
  2.268288e+00   2.498646e+01   4.903424e-01
  2.272976e+00   2.546657e+01   4.943851e-01
  2.277664e+00   2.561021e+01   4.952540e-01
  2.282352e+00   2.522098e+01   4.909382e-01
  2.287041e+00   2.543316e+01   4.923894e-01
  2.291729e+00   2.532420e+01   4.906479e-01
  2.296417e+00   2.558750e+01   4.927311e-01
  2.301105e+00   2.611230e+01   4.972056e-01
  2.305794e+00   2.537039e+01   4.895345e-01
  2.310482e+00   2.504484e+01   4.857126e-01
  2.315170e+00   2.529386e+01   4.876708e-01
  2.319858e+00   2.581907e+01   4.921956e-01
  2.324546e+00   2.493174e+01   4.831216e-01
  2.329235e+00   2.430398e+01   4.763625e-01
  2.333923e+00   2.523306e+01   4.849302e-01
  2.338611e+00   2.516012e+01   4.837355e-01
  2.343299e+00   2.520358e+01   4.836558e-01
  2.347988e+00   2.512712e+01   4.822777e-01
  2.352676e+00   2.541295e+01   4.845678e-01
  2.357364e+00   2.480460e+01   4.782533e-01
  2.362052e+00   2.553867e+01   4.847678e-01
  2.366741e+00   2.538629e+01   4.827712e-01
  2.371429e+00   2.548907e+01   4.832266e-01
  2.376117e+00   2.556644e+01   4.835198e-01
  2.380805e+00   2.556775e+01   4.830216e-01
  2.385493e+00   2.546373e+01   4.815246e-01
  2.390182e+00   2.504965e+01   4.771003e-01
  2.394870e+00   2.485493e+01   4.747291e-01
  2.399558e+00   2.482038e+01   4.740035e-01
  2.404246e+00   2.471865e+01   4.725277e-01
  2.408935e+00   2.505269e+01   4.751872e-01
  2.413623e+00   2.548635e+01   4.788033e-01
  2.418311e+00   2.500969e+01   4.738631e-01
  2.422999e+00   2.535133e+01   4.766967e-01
  2.427688e+00   2.535224e+01   4.760806e-01
  2.432376e+00   2.483037e+01   4.707527e-01
  2.437064e+00   2.557730e+01   4.772850e-01
  2.441752e+00   2.544279e+01   4.757024e-01
  2.446440e+00   2.529488e+01   4.736964e-01
  2.451129e+00   2.573333e+01   4.773590e-01
  2.455817e+00   2.469389e+01   4.672675e-01
  2.460505e+00   2.498722e+01   4.696439e-01
  2.465193e+00   2.522900e+01   4.712996e-01
  2.469882e+00   2.511008e+01   4.697022e-01
  2.474570e+00   2.496140e+01   4.678972e-01
  2.479258e+00   2.541713e+01   4.717667e-01
  2.483946e+00   2.545296e+01   4.716321e-01
  2.488634e+00   2.541437e+01   4.707372e-01
  2.493323e+00   2.471950e+01   4.638768e-01
  2.498011e+00   2.548649e+01   4.706282e-01
  2.502699e+00   2.506338e+01   4.662502e-01
  2.507387e+00   2.510280e+01   4.661126e-01
  2.512076e+00   2.560830e+01   4.703619e-01
  2.516764e+00   2.520974e+01   4.663174e-01
  2.521452e+00   2.462753e+01   4.604726e-01
  2.526140e+00   2.524601e+01   4.657245e-01
  2.530829e+00   2.534950e+01   4.662444e-01
  2.535517e+00   2.502034e+01   4.625854e-01
  2.540205e+00   2.551139e+01   4.661948e-01
  2.544893e+00   2.534735e+01   4.636846e-01
  2.549581e+00   2.561925e+01   4.653403e-01
  2.554270e+00   2.533231e+01   4.622879e-01
  2.558958e+00   2.462622e+01   4.554054e-01
  2.563646e+00   2.524034e+01   4.606436e-01
  2.568334e+00   2.535881e+01   4.612502e-01
  2.573023e+00   2.533407e+01   4.606479e-01
  2.577711e+00   2.524032e+01   4.594092e-01
  2.582399e+00   2.502789e+01   4.570954e-01
  2.587087e+00   2.518562e+01   4.582237e-01
  2.591776e+00   2.474326e+01   4.542454e-01
  2.596464e+00   2.468257e+01   4.538582e-01
  2.601152e+00   2.482244e+01   4.552048e-01
  2.605840e+00   2.522962e+01   4.585057e-01
  2.610528e+00   2.470456e+01   4.533088e-01
  2.615217e+00   2.508125e+01   4.563894e-01
  2.619905e+00   2.505877e+01   4.558669e-01
  2.624593e+00   2.432875e+01   4.486636e-01
  2.629281e+00   2.442502e+01   4.491852e-01
  2.633970e+00   2.529230e+01   4.566981e-01
  2.638658e+00   2.509154e+01   4.545684e-01
  2.643346e+00   2.521421e+01   4.552214e-01
  2.648034e+00   2.562331e+01   4.585465e-01
  2.652723e+00   2.544184e+01   4.565406e-01
  2.657411e+00   2.534404e+01   4.552543e-01
  2.662099e+00   2.541918e+01   4.555222e-01
  2.666787e+00   2.520092e+01   4.530942e-01
  2.671475e+00   2.509474e+01   4.517744e-01
  2.676164e+00   2.482616e+01   4.490682e-01
  2.680852e+00   2.452080e+01   4.459866e-01
  2.685540e+00   2.553921e+01   4.546280e-01
  2.690228e+00   2.550356e+01   4.538856e-01
  2.694917e+00   2.575195e+01   4.558715e-01
  2.699605e+00   2.570844e+01   4.551115e-01
  2.704293e+00   2.596045e+01   4.567784e-01
  2.708981e+00   2.559725e+01   4.532027e-01
  2.713669e+00   2.521730e+01   4.495232e-01
  2.718358e+00   2.524741e+01   4.494132e-01
  2.723046e+00   2.495659e+01   4.463891e-01
  2.727734e+00   2.507835e+01   4.470798e-01
  2.732422e+00   2.529460e+01   4.487015e-01
  2.737111e+00   2.462960e+01   4.424101e-01
  2.741799e+00   2.509870e+01   4.461941e-01
  2.746487e+00   2.469275e+01   4.421634e-01
  2.751175e+00   2.496228e+01   4.442598e-01
  2.755864e+00   2.461270e+01   4.408009e-01
  2.760552e+00   2.504264e+01   4.442454e-01
  2.765240e+00   2.526019e+01   4.457518e-01
  2.769928e+00   2.579145e+01   4.500739e-01
  2.774616e+00   2.546438e+01   4.469196e-01
  2.779305e+00   2.502230e+01   4.426245e-01
  2.783993e+00   2.469204e+01   4.392876e-01
  2.788681e+00   2.510917e+01   4.426655e-01
  2.793369e+00   2.497173e+01   4.412283e-01
  2.798058e+00   2.484393e+01   4.396369e-01
  2.802746e+00   2.450383e+01   4.364168e-01
  2.807434e+00   2.483958e+01   4.391484e-01
  2.812122e+00   2.423221e+01   4.331590e-01
  2.816811e+00   2.504771e+01   4.400924e-01
  2.821499e+00   2.509544e+01   4.400809e-01
  2.826187e+00   2.504559e+01   4.392478e-01
  2.830875e+00   2.514014e+01   4.397470e-01
  2.835563e+00   2.553686e+01   4.428995e-01
  2.840252e+00   2.547358e+01   4.418993e-01
  2.844940e+00   2.526921e+01   4.398124e-01
  2.849628e+00   2.493315e+01   4.365401e-01
  2.854316e+00   2.553880e+01   4.414925e-01
  2.859005e+00   2.494701e+01   4.436896e-01
  2.863693e+00   2.464828e+01   4.506983e-01
  2.868381e+00   2.444676e+01   4.547773e-01
  2.873069e+00   2.505599e+01   4.654008e-01
  2.877758e+00   2.487608e+01   4.677707e-01
  2.882446e+00   2.486797e+01   4.706102e-01
  2.887134e+00   2.491917e+01   4.726577e-01
  2.891822e+00   2.482651e+01   4.731553e-01
  2.896510e+00   2.433220e+01   4.697197e-01
  2.901199e+00   2.475484e+01   4.748910e-01
  2.905887e+00   2.463500e+01   4.749257e-01
  2.910575e+00   2.495588e+01   4.790630e-01
  2.915263e+00   2.455047e+01   4.761296e-01
  2.919952e+00   2.554026e+01   4.861799e-01
  2.924640e+00   2.440978e+01   4.624516e-01
  2.929328e+00   2.494757e+01   4.592546e-01
  2.934016e+00   2.483211e+01   4.529486e-01
  2.938704e+00   2.543518e+01   4.542764e-01
  2.943393e+00   2.470835e+01   4.445106e-01
  2.948081e+00   2.556992e+01   4.504322e-01
  2.952769e+00   2.553583e+01   4.490109e-01
  2.957457e+00   2.488293e+01   4.423382e-01
  2.962146e+00   2.546179e+01   4.464983e-01
  2.966834e+00   2.512884e+01   4.428823e-01
  2.971522e+00   2.486345e+01   4.396741e-01
  2.976210e+00   2.538865e+01   4.436022e-01
  2.980899e+00   2.558795e+01   4.445955e-01
  2.985587e+00   2.552831e+01   4.434041e-01
  2.990275e+00   2.471315e+01   4.356372e-01
  2.994963e+00   2.463252e+01   4.344016e-01
  2.999651e+00   2.507488e+01   4.376549e-01
  3.004340e+00   2.473619e+01   4.341033e-01
  3.009028e+00   2.442033e+01   4.307814e-01
  3.013716e+00   2.553417e+01   4.400116e-01
  3.018404e+00   2.481001e+01   4.332011e-01
  3.023093e+00   2.505330e+01   4.347683e-01
  3.027781e+00   2.504462e+01   4.341857e-01
  3.032469e+00   2.458917e+01   4.297849e-01
  3.037157e+00   2.428829e+01   4.267138e-01
  3.041846e+00   2.490910e+01   4.315856e-01
  3.046534e+00   2.539100e+01   4.352620e-01
  3.051222e+00   2.509199e+01   4.323758e-01
  3.055910e+00   2.486936e+01   4.300467e-01
  3.060598e+00   2.465388e+01   4.275546e-01
  3.065287e+00   2.415220e+01   4.227912e-01
  3.069975e+00   2.508946e+01   4.305079e-01
  3.074663e+00   2.471400e+01   4.269196e-01
  3.079351e+00   2.459791e+01   4.254338e-01
  3.084040e+00   2.431509e+01   4.225280e-01
  3.088728e+00   2.532619e+01   4.308626e-01
  3.093416e+00   2.502518e+01   4.280656e-01
  3.098104e+00   2.499403e+01   4.273343e-01
  3.102793e+00   2.517865e+01   4.284592e-01
  3.107481e+00   2.519374e+01   4.282184e-01
  3.112169e+00   2.511540e+01   4.271360e-01
  3.116857e+00   2.511316e+01   4.266886e-01
  3.121545e+00   2.467869e+01   4.225518e-01
  3.126234e+00   2.476859e+01   4.229699e-01
  3.130922e+00   2.438137e+01   4.193511e-01
  3.135610e+00   2.500188e+01   4.242659e-01
  3.140298e+00   2.515917e+01   4.253966e-01
  3.144987e+00   2.429897e+01   4.177192e-01
  3.149675e+00   2.437543e+01   4.178089e-01
  3.154363e+00   2.478884e+01   4.210145e-01
  3.159051e+00   2.507904e+01   4.230133e-01
  3.163739e+00   2.481733e+01   4.204447e-01
  3.168428e+00   2.435998e+01   4.162824e-01
  3.173116e+00   2.491501e+01   4.207164e-01
  3.177804e+00   2.514199e+01   4.221666e-01
  3.182492e+00   2.484026e+01   4.192653e-01
  3.187181e+00   2.533679e+01   4.231151e-01
  3.191869e+00   2.444023e+01   4.152318e-01
  3.196557e+00   2.495131e+01   4.191597e-01
  3.201245e+00   2.494507e+01   4.187578e-01
  3.205934e+00   2.556962e+01   4.236443e-01
  3.210622e+00   2.519673e+01   4.202735e-01
  3.215310e+00   2.493936e+01   4.177064e-01
  3.219998e+00   2.473737e+01   4.155264e-01
  3.224686e+00   2.425294e+01   4.107690e-01
  3.229375e+00   2.497188e+01   4.160328e-01
  3.234063e+00   2.517297e+01   4.171880e-01
  3.238751e+00   2.502639e+01   4.156142e-01
  3.243439e+00   2.515163e+01   4.163241e-01
  3.248128e+00   2.479363e+01   4.130762e-01
  3.252816e+00   2.434183e+01   4.089822e-01
  3.257504e+00   2.513890e+01   4.152309e-01
  3.262192e+00   2.519632e+01   4.154272e-01
  3.266881e+00   2.480705e+01   4.118992e-01
  3.271569e+00   2.479157e+01   4.114758e-01
  3.276257e+00   2.427808e+01   4.068945e-01
  3.280945e+00   2.507737e+01   4.136044e-01
  3.285633e+00   2.492160e+01   4.124609e-01
  3.290322e+00   2.493670e+01   4.125457e-01
  3.295010e+00   2.490398e+01   4.119298e-01
  3.299698e+00   2.481769e+01   4.109059e-01
  3.304386e+00   2.505109e+01   4.125119e-01
  3.309075e+00   2.477166e+01   4.099540e-01
  3.313763e+00   2.497876e+01   4.113242e-01
  3.318451e+00   2.543342e+01   4.147047e-01
  3.323139e+00   2.530120e+01   4.133601e-01
  3.327828e+00   2.442823e+01   4.058459e-01
  3.332516e+00   2.502638e+01   4.105317e-01
  3.337204e+00   2.508926e+01   4.106613e-01
  3.341892e+00   2.486481e+01   4.086208e-01
  3.346580e+00   2.486113e+01   4.082898e-01
  3.351269e+00   2.488692e+01   4.081609e-01
  3.355957e+00   2.525661e+01   4.116623e-01
  3.360645e+00   2.488755e+01   4.186466e-01
  3.365333e+00   2.461160e+01   4.229089e-01
  3.370022e+00   2.492995e+01   4.303026e-01
  3.374710e+00   2.495916e+01   4.326766e-01
  3.379398e+00   2.508501e+01   4.353850e-01
  3.384086e+00   2.478001e+01   4.341320e-01
  3.388774e+00   2.470158e+01   4.339328e-01
  3.393463e+00   2.430193e+01   4.300465e-01
  3.398151e+00   2.483001e+01   4.351172e-01
  3.402839e+00   2.422791e+01   4.307613e-01
  3.407527e+00   2.552946e+01   4.431616e-01
  3.412216e+00   2.467778e+01   4.365354e-01
  3.416904e+00   2.441130e+01   4.349839e-01
  3.421592e+00   2.438744e+01   4.356059e-01
  3.426280e+00   2.465858e+01   4.387436e-01
  3.430969e+00   2.488337e+01   4.415184e-01
  3.435657e+00   2.505017e+01   4.437375e-01
  3.440345e+00   2.491885e+01   4.431398e-01
  3.445033e+00   2.469535e+01   4.418251e-01
  3.449721e+00   2.482471e+01   4.437075e-01
  3.454410e+00   2.477794e+01   4.437903e-01
  3.459098e+00   2.466179e+01   4.433243e-01
  3.463786e+00   2.504492e+01   4.473230e-01
  3.468474e+00   2.529389e+01   4.501228e-01
  3.473163e+00   2.474033e+01   4.456468e-01
  3.477851e+00   2.468262e+01   4.456851e-01
  3.482539e+00   2.438158e+01   4.436502e-01
  3.487227e+00   2.495356e+01   4.491046e-01
  3.491916e+00   2.511961e+01   4.511311e-01
  3.496604e+00   2.412628e+01   4.425701e-01
  3.501292e+00   2.475395e+01   4.487462e-01
  3.505980e+00   2.492811e+01   4.507987e-01
  3.510668e+00   2.472793e+01   4.494308e-01
  3.515357e+00   2.511781e+01   4.533444e-01
  3.520045e+00   2.515448e+01   4.541792e-01
  3.524733e+00   2.528171e+01   4.557102e-01
  3.529421e+00   2.425063e+01   4.466951e-01
  3.534110e+00   2.433022e+01   4.478776e-01
  3.538798e+00   2.473494e+01   4.519380e-01
  3.543486e+00   2.533013e+01   4.577455e-01
  3.548174e+00   2.458409e+01   4.513531e-01
  3.552863e+00   2.446466e+01   4.506028e-01
  3.557551e+00   2.441688e+01   4.505028e-01
  3.562239e+00   2.559031e+01   4.616156e-01
  3.566927e+00   2.501460e+01   4.567437e-01
  3.571615e+00   2.515764e+01   4.583705e-01
  3.576304e+00   2.502745e+01   4.575089e-01
  3.580992e+00   2.452235e+01   4.531541e-01
  3.585680e+00   2.501051e+01   4.573757e-01
  3.590368e+00   2.562817e+01   4.625535e-01
  3.595057e+00   2.469774e+01   4.536750e-01
  3.599745e+00   2.495155e+01   4.556037e-01
  3.604433e+00   2.513709e+01   4.570192e-01
  3.609121e+00   2.460050e+01   4.525855e-01
  3.613809e+00   2.494374e+01   4.557958e-01
  3.618498e+00   2.488122e+01   4.554630e-01
  3.623186e+00   2.473911e+01   4.544835e-01
  3.627874e+00   2.425976e+01   4.503337e-01
  3.632562e+00   2.483435e+01   4.558753e-01
  3.637251e+00   2.462308e+01   4.542408e-01
  3.641939e+00   2.466508e+01   4.548870e-01
  3.646627e+00   2.451635e+01   4.538222e-01
  3.651315e+00   2.472821e+01   4.560011e-01
  3.656004e+00   2.497557e+01   4.587392e-01
  3.660692e+00   2.500249e+01   4.660755e-01
  3.665380e+00   2.522254e+01   4.848681e-01
  3.670068e+00   2.452010e+01   4.863307e-01
  3.674756e+00   2.479031e+01   4.967006e-01
  3.679445e+00   2.471337e+01   5.018607e-01
  3.684133e+00   2.436063e+01   5.016700e-01
  3.688821e+00   2.457941e+01   5.070294e-01
  3.693509e+00   2.445737e+01   5.087631e-01
  3.698198e+00   2.469841e+01   5.140596e-01
  3.702886e+00   2.520854e+01   5.221781e-01
  3.707574e+00   2.493137e+01   5.218988e-01
  3.712262e+00   2.445162e+01   5.194739e-01
  3.716951e+00   2.401445e+01   5.172549e-01
  3.721639e+00   2.486891e+01   5.288841e-01
  3.726327e+00   2.452845e+01   5.276161e-01
  3.731015e+00   2.368870e+01   5.208881e-01
  3.735703e+00   2.462566e+01   5.333952e-01
  3.740392e+00   2.461994e+01   5.356944e-01
  3.745080e+00   2.436989e+01   5.351830e-01
  3.749768e+00   2.459344e+01   5.399209e-01
  3.754456e+00   2.348237e+01   5.297477e-01
  3.759145e+00   2.495517e+01   5.483680e-01
  3.763833e+00   2.498916e+01   5.509308e-01
  3.768521e+00   2.429940e+01   5.454668e-01
  3.773209e+00   2.472447e+01   5.523629e-01
  3.777897e+00   2.471895e+01   5.544882e-01
  3.782586e+00   2.482487e+01   5.578105e-01
  3.787274e+00   2.478922e+01   5.595685e-01
  3.791962e+00   2.531360e+01   5.676208e-01
  3.796650e+00   2.441462e+01   5.595614e-01
  3.801339e+00   2.465879e+01   5.644663e-01
  3.806027e+00   2.519739e+01   5.727312e-01
  3.810715e+00   2.533077e+01   5.763846e-01
  3.815403e+00   2.478957e+01   5.722948e-01
  3.820092e+00   2.465570e+01   5.728523e-01
  3.824780e+00   2.526692e+01   5.820369e-01
  3.829468e+00   2.486373e+01   5.795071e-01
  3.834156e+00   2.439073e+01   5.760131e-01
  3.838844e+00   2.492729e+01   5.844452e-01
  3.843533e+00   2.486484e+01   5.857936e-01
  3.848221e+00   2.463440e+01   5.851477e-01
  3.852909e+00   2.493382e+01   5.908204e-01
  3.857597e+00   2.521769e+01   5.962990e-01
  3.862286e+00   2.445724e+01   5.893315e-01
  3.866974e+00   2.443899e+01   5.911881e-01
  3.871662e+00   2.432027e+01   5.919663e-01
  3.876350e+00   2.458688e+01   5.973981e-01
  3.881039e+00   2.525485e+01   6.073995e-01
  3.885727e+00   2.599088e+01   6.183547e-01
  3.890415e+00   2.602586e+01   6.208884e-01
  3.895103e+00   2.556906e+01   6.176438e-01
  3.899791e+00   2.452565e+01   6.069685e-01
  3.904480e+00   2.471155e+01   6.114388e-01
  3.909168e+00   2.477468e+01   6.143258e-01
  3.913856e+00   2.441161e+01   6.120262e-01
  3.918544e+00   2.492543e+01   6.204919e-01
  3.923233e+00   2.471746e+01   6.201256e-01
  3.927921e+00   2.484384e+01   6.238047e-01
  3.932609e+00   2.468841e+01   6.239554e-01
  3.937297e+00   2.392649e+01   6.153561e-01
  3.941986e+00   2.425522e+01   6.203481e-01
  3.946674e+00   2.426180e+01   6.210648e-01
  3.951362e+00   2.474335e+01   6.268358e-01
  3.956050e+00   2.429516e+01   6.200858e-01
  3.960738e+00   2.486449e+01   6.271455e-01
  3.965427e+00   2.492217e+01   6.286228e-01
  3.970115e+00   2.502111e+01   6.318168e-01
  3.974803e+00   2.544824e+01   6.392279e-01
  3.979491e+00   2.513164e+01   6.370177e-01
  3.984180e+00   2.512873e+01   6.391265e-01
  3.988868e+00   2.466604e+01   6.353232e-01
  3.993556e+00   2.605189e+01   6.551132e-01
  3.998244e+00   2.459226e+01   6.386695e-01
  4.002932e+00   2.464308e+01   6.415113e-01
  4.007621e+00   2.569456e+01   6.572206e-01
  4.012309e+00   2.454807e+01   6.445600e-01
  4.016997e+00   2.388224e+01   6.379181e-01
  4.021685e+00   2.485996e+01   6.530856e-01
  4.026374e+00   2.495960e+01   6.566085e-01
  4.031062e+00   2.550954e+01   6.660457e-01
  4.035750e+00   2.497724e+01   6.612926e-01
  4.040438e+00   2.446416e+01   6.567282e-01
  4.045127e+00   2.539401e+01   6.713846e-01
  4.049815e+00   2.512135e+01   6.700523e-01
  4.054503e+00   2.557471e+01   6.783761e-01
  4.059191e+00   2.555883e+01   6.805347e-01
  4.063879e+00   2.500033e+01   6.753926e-01
  4.068568e+00   2.509658e+01   6.790178e-01
  4.073256e+00   2.482746e+01   6.776894e-01
  4.077944e+00   2.384197e+01   6.664399e-01
  4.082632e+00   2.404061e+01   6.715361e-01
  4.087321e+00   2.438510e+01   6.787074e-01
  4.092009e+00   2.501357e+01   6.898015e-01
  4.096697e+00   2.432160e+01   6.825863e-01
  4.101385e+00   2.430782e+01   6.847650e-01
  4.106074e+00   2.436693e+01   6.880628e-01
  4.110762e+00   2.442716e+01   6.913796e-01
  4.115450e+00   2.584535e+01   7.136844e-01
  4.120138e+00   2.537653e+01   7.096558e-01
  4.124826e+00   2.494339e+01   7.061110e-01
  4.129515e+00   2.522754e+01   7.127173e-01
  4.134203e+00   2.476233e+01   7.086201e-01
  4.138891e+00   2.497861e+01   7.142974e-01
  4.143579e+00   2.595337e+01   7.307415e-01
  4.148268e+00   2.527423e+01   7.237890e-01
  4.152956e+00   2.409018e+01   7.091982e-01
  4.157644e+00   2.424919e+01   7.140628e-01
  4.162332e+00   2.362646e+01   7.075313e-01
  4.167021e+00   2.343475e+01   7.072559e-01
  4.171709e+00   2.440397e+01   7.243369e-01
  4.176397e+00   2.398117e+01   7.207581e-01
  4.181085e+00   2.379433e+01   7.206244e-01
  4.185773e+00   2.452637e+01   7.344391e-01
  4.190462e+00   2.470946e+01   7.400197e-01
  4.195150e+00   2.678563e+01   7.743185e-01
  4.199838e+00   2.469361e+01   7.455695e-01
  4.204526e+00   2.421901e+01   7.409240e-01
  4.209215e+00   2.475891e+01   7.520311e-01
  4.213903e+00   2.443902e+01   7.500333e-01
  4.218591e+00   2.430305e+01   7.508315e-01
  4.223279e+00   2.458557e+01   7.581620e-01
  4.227967e+00   2.444927e+01   7.589712e-01
  4.232656e+00   2.513974e+01   7.726525e-01
  4.237344e+00   2.513573e+01   7.756831e-01
  4.242032e+00   2.438395e+01   7.669984e-01
  4.246720e+00   2.443272e+01   7.707660e-01
  4.251409e+00   2.536839e+01   7.886786e-01
  4.256097e+00   2.555832e+01   7.947282e-01
  4.260785e+00   2.526669e+01   7.933701e-01
  4.265473e+00   2.505437e+01   7.940318e-01
  4.270162e+00   2.382162e+01   7.781443e-01
  4.274850e+00   2.433182e+01   7.920685e-01
  4.279538e+00   2.480796e+01   8.033741e-01
  4.284226e+00   2.433927e+01   7.956375e-01
  4.288914e+00   2.410557e+01   7.943017e-01
  4.293603e+00   2.383462e+01   7.931931e-01
  4.298291e+00   2.576134e+01   8.282579e-01
  4.302979e+00   2.629473e+01   8.401868e-01
  4.307667e+00   2.428299e+01   8.109184e-01
  4.312356e+00   2.478701e+01   8.229256e-01
  4.317044e+00   2.559063e+01   8.396465e-01
  4.321732e+00   2.556963e+01   8.430189e-01
  4.326420e+00   2.557370e+01   8.468704e-01
  4.331109e+00   2.471290e+01   8.360595e-01
  4.335797e+00   2.399608e+01   8.275518e-01
  4.340485e+00   2.467218e+01   8.437078e-01
  4.345173e+00   2.419430e+01   8.386887e-01
  4.349861e+00   2.484109e+01   8.534394e-01
  4.354550e+00   2.609612e+01   8.787921e-01
  4.359238e+00   2.578741e+01   8.775607e-01
  4.363926e+00   2.547777e+01   8.762994e-01
  4.368614e+00   2.533094e+01   8.778377e-01
  4.373303e+00   2.321437e+01   8.443894e-01
  4.377991e+00   2.481458e+01   8.770884e-01
  4.382679e+00   2.458621e+01   8.771817e-01
  4.387367e+00   2.465264e+01   8.826937e-01
  4.392056e+00   2.528316e+01   8.981745e-01
  4.396744e+00   2.614257e+01   9.177229e-01
  4.401432e+00   2.570883e+01   9.155181e-01
  4.406120e+00   2.564891e+01   9.170318e-01
  4.410808e+00   2.429699e+01   8.931574e-01
  4.415497e+00   2.508032e+01   9.080456e-01
  4.420185e+00   2.408207e+01   8.903413e-01
  4.424873e+00   2.372690e+01   8.844238e-01
  4.429561e+00   2.401626e+01   8.904080e-01
  4.434250e+00   2.449524e+01   8.998675e-01
  4.438938e+00   2.384911e+01   8.885905e-01
  4.443626e+00   2.345148e+01   8.816485e-01
  4.448314e+00   2.431799e+01   8.999361e-01
  4.453002e+00   2.530760e+01   9.224808e-01
  4.457691e+00   2.621714e+01   9.436880e-01
  4.462379e+00   2.467484e+01   9.201317e-01
  4.467067e+00   2.393716e+01   9.108921e-01
  4.471755e+00   2.571029e+01   9.488755e-01
  4.476444e+00   2.537036e+01   9.475315e-01
  4.481132e+00   2.513496e+01   9.480699e-01
  4.485820e+00   2.456504e+01   9.422876e-01
  4.490508e+00   2.505977e+01   9.567874e-01
  4.495197e+00   2.461417e+01   9.533353e-01
  4.499885e+00   2.394825e+01   9.454408e-01
  4.504573e+00   2.464740e+01   9.643807e-01
  4.509261e+00   2.486114e+01   9.739341e-01
  4.513949e+00   2.407524e+01   9.638210e-01
  4.518638e+00   2.499005e+01   9.875097e-01
  4.523326e+00   2.449849e+01   9.833445e-01
  4.528014e+00   2.338258e+01   9.661956e-01
  4.532702e+00   2.382368e+01   9.809111e-01
  4.537391e+00   2.443089e+01   9.991365e-01
  4.542079e+00   2.428288e+01   1.002072e+00
  4.546767e+00   2.327518e+01   9.869555e-01
  4.551455e+00   2.503909e+01   1.029837e+00
  4.556144e+00   2.443927e+01   1.023631e+00
  4.560832e+00   2.449135e+01   1.031027e+00
  4.565520e+00   2.558238e+01   1.060295e+00
  4.570208e+00   2.590118e+01   1.073723e+00
  4.574896e+00   2.405580e+01   1.041441e+00
  4.579585e+00   2.507104e+01   1.070025e+00
  4.584273e+00   2.449162e+01   1.064465e+00
  4.588961e+00   2.586120e+01   1.101023e+00
  4.593649e+00   2.464433e+01   1.081965e+00
  4.598338e+00   2.478864e+01   1.092618e+00
  4.603026e+00   2.616963e+01   1.130306e+00
  4.607714e+00   2.583525e+01   1.130813e+00
  4.612402e+00   2.651670e+01   1.153635e+00
  4.617091e+00   2.581053e+01   1.146218e+00
  4.621779e+00   2.500858e+01   1.136517e+00
  4.626467e+00   2.553806e+01   1.156898e+00
  4.631155e+00   2.565840e+01   1.168154e+00
  4.635843e+00   2.677988e+01   1.202302e+00
  4.640532e+00   2.636219e+01   1.201901e+00
  4.645220e+00   2.639542e+01   1.212059e+00
  4.649908e+00   2.539962e+01   1.198312e+00
  4.654596e+00   2.499104e+01   1.197994e+00
  4.659285e+00   2.511089e+01   1.210467e+00
  4.663973e+00   2.724846e+01   1.271161e+00
  4.668661e+00   2.560961e+01   1.242782e+00
  4.673349e+00   2.531739e+01   1.246039e+00
  4.678037e+00   2.467263e+01   1.240519e+00
  4.682726e+00   2.586724e+01   1.281142e+00
  4.687414e+00   2.537670e+01   1.280182e+00
  4.692102e+00   2.645663e+01   1.319051e+00
  4.696790e+00   2.718253e+01   1.349138e+00
  4.701479e+00   2.615416e+01   1.335564e+00
  4.706167e+00   2.439213e+01   1.301879e+00
  4.710855e+00   2.589971e+01   1.354704e+00
  4.715543e+00   2.415553e+01   1.321060e+00
  4.720232e+00   2.582112e+01   1.379354e+00
  4.724920e+00   2.556745e+01   1.386386e+00
  4.729608e+00   2.563506e+01   1.402803e+00
  4.734296e+00   2.535488e+01   1.409944e+00
  4.738984e+00   2.383673e+01   1.381681e+00
  4.743673e+00   2.619122e+01   1.464104e+00
  4.748361e+00   2.658723e+01   1.491859e+00
  4.753049e+00   2.620872e+01   1.498384e+00
  4.757737e+00   2.599546e+01   1.509625e+00
  4.762426e+00   2.446990e+01   1.482064e+00
  4.767114e+00   2.485398e+01   1.512200e+00
  4.771802e+00   2.512822e+01   1.539978e+00
  4.776490e+00   2.381702e+01   1.518399e+00
  4.781179e+00   2.281104e+01   1.505410e+00
  4.785867e+00   2.539074e+01   1.610032e+00
  4.790555e+00   2.403054e+01   1.588297e+00
  4.795243e+00   2.469941e+01   1.633023e+00
  4.799931e+00   2.569067e+01   1.689684e+00
  4.804620e+00   2.455218e+01   1.677273e+00
  4.809308e+00   2.611488e+01   1.756807e+00
  4.813996e+00   2.413113e+01   1.715579e+00
  4.818684e+00   2.686687e+01   1.839850e+00
  4.823373e+00   2.764671e+01   1.899294e+00
  4.828061e+00   2.562058e+01   1.860832e+00
  4.832749e+00   2.474993e+01   1.862140e+00
  4.837437e+00   2.584387e+01   1.939094e+00
  4.842125e+00   2.711862e+01   2.026310e+00
  4.846814e+00   2.565519e+01   2.010878e+00
  4.851502e+00   2.532235e+01   2.039974e+00
  4.856190e+00   2.373613e+01   2.020011e+00
  4.860878e+00   2.448743e+01   2.099645e+00
  4.865567e+00   2.450733e+01   2.151186e+00
  4.870255e+00   2.395686e+01   2.181841e+00
  4.874943e+00   2.620926e+01   2.345871e+00
  4.879631e+00   2.465185e+01   2.339273e+00
  4.884320e+00   2.535242e+01   2.443129e+00
  4.889008e+00   2.374436e+01   2.442166e+00
  4.893696e+00   2.353272e+01   2.514753e+00
  4.898384e+00   2.509089e+01   2.691059e+00
  4.903072e+00   2.280314e+01   2.667679e+00
  4.907761e+00   2.445707e+01   2.919552e+00
  4.912449e+00   2.118056e+01   3.754083e+00
  4.917137e+00   3.057920e+01   1.240047e+01
