# GI Buffer
# Sample c= 0.0 mg/ml
#
# Sample environment:
# Detector = Pilatus
# PixelSize_1 = 0.000172
# PixelSize_2 = 0.000172
#
# title = GI Buffer
# Frame 105 of 120
# Time per frame (s) = 1.0
# SampleDistance = 2.869
# WaveLength = 9.919e-11
# Normalization = 0.001062898
# DiodeCurr = 8.715621e-05
# MachCurr = 68.82923
# Mask = /data/bm29/archive/CALIBRATION/MASK/BM29/Pcon_19thNovember2015_7keV_v3.edf
#
# N 3
# L q*nm  I_GI Buffer  stddev
#
# Sample Information:
# Storage Temperature (degrees C): 20.0
# Measurement Temperature (degrees C): 20.08
# Concentration: 0.0
# Code: GIBuffer
  3.200246e-02   1.404612e+02   1.781801e+01
  3.669069e-02   4.677145e+02   1.476178e+01
  4.137892e-02   6.711688e+02   1.317285e+01
  4.606715e-02   5.845934e+02   1.017943e+01
  5.075538e-02   4.055210e+02   7.701291e+00
  5.544361e-02   2.793171e+02   5.904913e+00
  6.013183e-02   2.054929e+02   4.842338e+00
  6.482006e-02   1.657025e+02   4.171947e+00
  6.950829e-02   1.295822e+02   3.539973e+00
  7.419652e-02   1.065341e+02   3.081105e+00
  7.888475e-02   8.826788e+01   2.711176e+00
  8.357298e-02   7.829353e+01   2.477352e+00
  8.826121e-02   7.014048e+01   2.278410e+00
  9.294944e-02   6.213089e+01   2.081535e+00
  9.763767e-02   5.758890e+01   1.948739e+00
  1.023259e-01   5.455519e+01   1.851583e+00
  1.070141e-01   5.019462e+01   1.735464e+00
  1.117024e-01   4.653591e+01   1.633147e+00
  1.163906e-01   4.479934e+01   1.563587e+00
  1.210788e-01   4.068389e+01   1.460748e+00
  1.257670e-01   4.104967e+01   1.439113e+00
  1.304553e-01   3.816987e+01   1.363273e+00
  1.351435e-01   3.776093e+01   1.328633e+00
  1.398317e-01   3.914252e+01   1.329364e+00
  1.445200e-01   3.567073e+01   1.248067e+00
  1.492082e-01   3.631608e+01   1.239212e+00
  1.538964e-01   3.568177e+01   1.206718e+00
  1.585846e-01   3.306919e+01   1.143270e+00
  1.632729e-01   3.407244e+01   1.143629e+00
  1.679611e-01   3.312848e+01   1.111804e+00
  1.726493e-01   3.277614e+01   1.089489e+00
  1.773376e-01   3.283308e+01   1.074137e+00
  1.820258e-01   3.087134e+01   1.028178e+00
  1.867140e-01   3.052162e+01   1.009472e+00
  1.914022e-01   3.066781e+01   9.991115e-01
  1.960905e-01   3.092801e+01   9.893768e-01
  2.007787e-01   3.069279e+01   9.750945e-01
  2.054669e-01   2.923260e+01   9.407593e-01
  2.101552e-01   2.909557e+01   9.280378e-01
  2.148434e-01   2.892185e+01   9.134143e-01
  2.195316e-01   2.840281e+01   8.952959e-01
  2.242199e-01   2.796481e+01   8.791543e-01
  2.289081e-01   2.824786e+01   8.745330e-01
  2.335963e-01   2.792976e+01   8.598432e-01
  2.382845e-01   2.818531e+01   8.546742e-01
  2.429728e-01   2.731324e+01   8.333142e-01
  2.476610e-01   2.707676e+01   8.218821e-01
  2.523492e-01   2.731665e+01   8.173843e-01
  2.570375e-01   2.768613e+01   8.144583e-01
  2.617257e-01   2.797604e+01   8.114829e-01
  2.664139e-01   2.829798e+01   8.090229e-01
  2.711021e-01   2.793125e+01   7.968146e-01
  2.757904e-01   2.837644e+01   7.954348e-01
  2.804786e-01   2.767969e+01   7.793973e-01
  2.851668e-01   2.740503e+01   7.692348e-01
  2.898551e-01   2.754101e+01   7.644799e-01
  2.945433e-01   2.804204e+01   7.651874e-01
  2.992315e-01   2.708493e+01   7.628205e-01
  3.039197e-01   2.679800e+01   7.647634e-01
  3.086080e-01   2.710274e+01   7.713282e-01
  3.132962e-01   2.724602e+01   7.737675e-01
  3.179844e-01   2.764497e+01   7.792592e-01
  3.226727e-01   2.744789e+01   7.764549e-01
  3.273609e-01   2.795616e+01   7.827373e-01
  3.320491e-01   2.689815e+01   7.664039e-01
  3.367374e-01   2.681854e+01   7.632544e-01
  3.414256e-01   2.726408e+01   7.680045e-01
  3.461138e-01   2.689205e+01   7.611874e-01
  3.508020e-01   2.602526e+01   7.470191e-01
  3.554903e-01   2.689270e+01   7.565325e-01
  3.601785e-01   2.705204e+01   7.573221e-01
  3.648667e-01   2.586298e+01   7.458261e-01
  3.695550e-01   2.632921e+01   7.695625e-01
  3.742432e-01   2.756275e+01   7.962826e-01
  3.789314e-01   2.709085e+01   7.968917e-01
  3.836196e-01   2.657829e+01   7.943712e-01
  3.883079e-01   2.669843e+01   8.004895e-01
  3.929961e-01   2.665686e+01   8.071724e-01
  3.976843e-01   2.590455e+01   8.065138e-01
  4.023726e-01   2.725109e+01   8.354143e-01
  4.070608e-01   2.633833e+01   8.246511e-01
  4.117490e-01   2.699839e+01   8.365619e-01
  4.164372e-01   2.516433e+01   8.090039e-01
  4.211255e-01   2.608725e+01   8.253528e-01
  4.258137e-01   2.650539e+01   8.326433e-01
  4.305019e-01   2.695385e+01   8.388744e-01
  4.351902e-01   2.557388e+01   8.154336e-01
  4.398784e-01   2.735623e+01   8.423497e-01
  4.445666e-01   2.576309e+01   8.268186e-01
  4.492548e-01   2.647432e+01   8.667736e-01
  4.539431e-01   2.576454e+01   8.715324e-01
  4.586313e-01   2.623170e+01   8.926591e-01
  4.633195e-01   2.659002e+01   9.107551e-01
  4.680078e-01   2.617920e+01   9.143637e-01
  4.726960e-01   2.693952e+01   9.374616e-01
  4.773842e-01   2.546076e+01   9.204327e-01
  4.820725e-01   2.522930e+01   9.250439e-01
  4.867607e-01   2.730630e+01   9.715591e-01
  4.914489e-01   2.709978e+01   9.763276e-01
  4.961371e-01   2.580463e+01   9.605627e-01
  5.008254e-01   2.657750e+01   9.828532e-01
  5.055136e-01   2.607584e+01   9.816876e-01
  5.102018e-01   2.606807e+01   9.590310e-01
  5.148901e-01   2.631519e+01   9.298996e-01
  5.195783e-01   2.683362e+01   9.232326e-01
  5.242665e-01   2.849595e+01   9.402452e-01
  5.289547e-01   2.766103e+01   9.175626e-01
  5.336430e-01   2.602299e+01   8.822634e-01
  5.383312e-01   2.770823e+01   9.037622e-01
  5.430194e-01   2.586181e+01   8.678733e-01
  5.477077e-01   2.588337e+01   8.634147e-01
  5.523959e-01   2.749637e+01   8.849560e-01
  5.570841e-01   2.777821e+01   8.846219e-01
  5.617723e-01   2.672973e+01   8.640897e-01
  5.664606e-01   2.596353e+01   8.478770e-01
  5.711488e-01   2.774660e+01   8.730485e-01
  5.758370e-01   2.760211e+01   8.659118e-01
  5.805253e-01   2.657790e+01   8.444532e-01
  5.852135e-01   2.663289e+01   8.399128e-01
  5.899017e-01   2.667307e+01   8.347256e-01
  5.945900e-01   2.681434e+01   8.302168e-01
  5.992782e-01   2.619826e+01   8.153433e-01
  6.039664e-01   2.690832e+01   8.214663e-01
  6.086546e-01   2.672185e+01   8.137372e-01
  6.133429e-01   2.628826e+01   8.018993e-01
  6.180311e-01   2.673565e+01   8.039210e-01
  6.227193e-01   2.629278e+01   7.928439e-01
  6.274076e-01   2.708815e+01   8.013873e-01
  6.320958e-01   2.535716e+01   7.732005e-01
  6.367840e-01   2.630311e+01   7.852288e-01
  6.414722e-01   2.541096e+01   7.702453e-01
  6.461605e-01   2.637565e+01   7.829114e-01
  6.508487e-01   2.773757e+01   8.011511e-01
  6.555369e-01   2.680728e+01   7.852468e-01
  6.602252e-01   2.645107e+01   7.783604e-01
  6.649134e-01   2.598869e+01   7.699202e-01
  6.696016e-01   2.571977e+01   7.643365e-01
  6.742898e-01   2.557935e+01   7.601135e-01
  6.789781e-01   2.695671e+01   7.786132e-01
  6.836663e-01   2.682414e+01   7.750587e-01
  6.883545e-01   2.636200e+01   7.669278e-01
  6.930428e-01   2.675868e+01   7.705736e-01
  6.977310e-01   2.606221e+01   7.587521e-01
  7.024192e-01   2.546884e+01   7.485571e-01
  7.071074e-01   2.565831e+01   7.498983e-01
  7.117957e-01   2.545732e+01   7.452578e-01
  7.164839e-01   2.643245e+01   7.574303e-01
  7.211721e-01   2.646929e+01   7.565241e-01
  7.258604e-01   2.570554e+01   7.440088e-01
  7.305486e-01   2.675451e+01   7.577517e-01
  7.352368e-01   2.584539e+01   7.424721e-01
  7.399251e-01   2.646816e+01   7.501485e-01
  7.446133e-01   2.619403e+01   7.449183e-01
  7.493015e-01   2.576042e+01   7.378709e-01
  7.539897e-01   2.605471e+01   7.399215e-01
  7.586780e-01   2.568331e+01   7.327339e-01
  7.633662e-01   2.682464e+01   7.473655e-01
  7.680544e-01   2.745231e+01   7.547419e-01
  7.727427e-01   2.668594e+01   7.424440e-01
  7.774309e-01   2.577926e+01   7.280266e-01
  7.821191e-01   2.615401e+01   7.320203e-01
  7.868073e-01   2.664335e+01   7.375150e-01
  7.914956e-01   2.625382e+01   7.305374e-01
  7.961838e-01   2.653434e+01   7.327615e-01
  8.008720e-01   2.569954e+01   7.198193e-01
  8.055603e-01   2.659064e+01   7.308199e-01
  8.102485e-01   2.709427e+01   7.364764e-01
  8.149367e-01   2.647460e+01   7.261457e-01
  8.196249e-01   2.638039e+01   7.234760e-01
  8.243132e-01   2.556493e+01   7.110717e-01
  8.290014e-01   2.518144e+01   7.044094e-01
  8.336896e-01   2.553464e+01   7.076923e-01
  8.383779e-01   2.623098e+01   7.159093e-01
  8.430661e-01   2.567785e+01   7.071175e-01
  8.477543e-01   2.689041e+01   7.222950e-01
  8.524425e-01   2.576895e+01   7.056920e-01
  8.571308e-01   2.603796e+01   7.082218e-01
  8.618190e-01   2.611350e+01   7.078028e-01
  8.665072e-01   2.577301e+01   7.017848e-01
  8.711955e-01   2.557808e+01   6.978759e-01
  8.758837e-01   2.609273e+01   7.032639e-01
  8.805719e-01   2.607611e+01   7.018076e-01
  8.852602e-01   2.660015e+01   7.076912e-01
  8.899484e-01   2.617688e+01   7.008929e-01
  8.946366e-01   2.685854e+01   7.081537e-01
  8.993248e-01   2.656064e+01   7.031953e-01
  9.040131e-01   2.614082e+01   6.963415e-01
  9.087013e-01   2.688062e+01   7.050244e-01
  9.133895e-01   2.587229e+01   6.901437e-01
  9.180778e-01   2.552097e+01   6.842937e-01
  9.227660e-01   2.508438e+01   6.771462e-01
  9.274542e-01   2.615472e+01   6.904169e-01
  9.321424e-01   2.563204e+01   6.821967e-01
  9.368307e-01   2.554492e+01   6.795838e-01
  9.415189e-01   2.526781e+01   6.748409e-01
  9.462071e-01   2.590901e+01   6.823205e-01
  9.508954e-01   2.563101e+01   6.773793e-01
  9.555836e-01   2.600885e+01   6.809503e-01
  9.602718e-01   2.738878e+01   6.976622e-01
  9.649600e-01   2.669910e+01   6.877177e-01
  9.696483e-01   2.552587e+01   6.714275e-01
  9.743365e-01   2.595762e+01   6.755062e-01
  9.790247e-01   2.688670e+01   6.864998e-01
  9.837130e-01   2.679526e+01   6.841751e-01
  9.884012e-01   2.554761e+01   6.670390e-01
  9.930894e-01   2.543815e+01   6.642955e-01
  9.977777e-01   2.542859e+01   6.629943e-01
  1.002466e+00   2.616873e+01   6.715631e-01
  1.007154e+00   2.569162e+01   6.643286e-01
  1.011842e+00   2.614525e+01   6.690652e-01
  1.016531e+00   2.599843e+01   6.658471e-01
  1.021219e+00   2.524539e+01   6.550969e-01
  1.025907e+00   2.581941e+01   6.615828e-01
  1.030595e+00   2.602679e+01   6.631821e-01
  1.035283e+00   2.616286e+01   6.634313e-01
  1.039972e+00   2.541892e+01   6.530446e-01
  1.044660e+00   2.603854e+01   6.600224e-01
  1.049348e+00   2.639375e+01   6.633598e-01
  1.054036e+00   2.560662e+01   6.521508e-01
  1.058725e+00   2.665138e+01   6.643280e-01
  1.063413e+00   2.589764e+01   6.538304e-01
  1.068101e+00   2.607574e+01   6.551428e-01
  1.072789e+00   2.617934e+01   6.552112e-01
  1.077478e+00   2.626027e+01   6.551517e-01
  1.082166e+00   2.582360e+01   6.486714e-01
  1.086854e+00   2.587630e+01   6.484026e-01
  1.091542e+00   2.513966e+01   6.381423e-01
  1.096230e+00   2.555214e+01   6.420451e-01
  1.100919e+00   2.537911e+01   6.389762e-01
  1.105607e+00   2.583982e+01   6.438894e-01
  1.110295e+00   2.530272e+01   6.361648e-01
  1.114983e+00   2.545969e+01   6.370805e-01
  1.119672e+00   2.613205e+01   6.445213e-01
  1.124360e+00   2.577144e+01   6.389867e-01
  1.129048e+00   2.606127e+01   6.416044e-01
  1.133736e+00   2.523194e+01   6.301489e-01
  1.138425e+00   2.637657e+01   6.433164e-01
  1.143113e+00   2.609780e+01   6.389602e-01
  1.147801e+00   2.656999e+01   6.439059e-01
  1.152489e+00   2.597604e+01   6.355118e-01
  1.157177e+00   2.679098e+01   6.443049e-01
  1.161866e+00   2.602649e+01   6.342720e-01
  1.166554e+00   2.573302e+01   6.297671e-01
  1.171242e+00   2.557536e+01   6.267844e-01
  1.175930e+00   2.594248e+01   6.302708e-01
  1.180619e+00   2.512729e+01   6.194000e-01
  1.185307e+00   2.528792e+01   6.204761e-01
  1.189995e+00   2.560980e+01   6.236215e-01
  1.194683e+00   2.590019e+01   6.259274e-01
  1.199372e+00   2.679587e+01   6.357846e-01
  1.204060e+00   2.622202e+01   6.282547e-01
  1.208748e+00   2.577970e+01   6.224238e-01
  1.213436e+00   2.560266e+01   6.188540e-01
  1.218124e+00   2.514558e+01   6.122711e-01
  1.222813e+00   2.589725e+01   6.204768e-01
  1.227501e+00   2.604280e+01   6.214817e-01
  1.232189e+00   2.615130e+01   6.217299e-01
  1.236877e+00   2.621306e+01   6.214173e-01
  1.241566e+00   2.598293e+01   6.179456e-01
  1.246254e+00   2.513549e+01   6.070037e-01
  1.250942e+00   2.570593e+01   6.273091e-01
  1.255630e+00   2.547583e+01   6.413975e-01
  1.260318e+00   2.677711e+01   6.685568e-01
  1.265007e+00   2.631180e+01   6.714975e-01
  1.269695e+00   2.683563e+01   6.859009e-01
  1.274383e+00   2.719200e+01   6.974435e-01
  1.279071e+00   2.704895e+01   7.023157e-01
  1.283760e+00   2.571396e+01   6.908040e-01
  1.288448e+00   2.566336e+01   6.958838e-01
  1.293136e+00   2.572286e+01   7.021968e-01
  1.297824e+00   2.590543e+01   7.099720e-01
  1.302513e+00   2.582659e+01   7.131107e-01
  1.307201e+00   2.637228e+01   7.226794e-01
  1.311889e+00   2.597021e+01   7.178038e-01
  1.316577e+00   2.738151e+01   7.087231e-01
  1.321265e+00   2.623859e+01   6.765673e-01
  1.325954e+00   2.560672e+01   6.576031e-01
  1.330642e+00   2.650856e+01   6.605707e-01
  1.335330e+00   2.668117e+01   6.554804e-01
  1.340018e+00   2.474746e+01   6.254150e-01
  1.344707e+00   2.520627e+01   6.258991e-01
  1.349395e+00   2.523211e+01   6.215750e-01
  1.354083e+00   2.513214e+01   6.156389e-01
  1.358771e+00   2.622731e+01   6.247358e-01
  1.363460e+00   2.684319e+01   6.285744e-01
  1.368148e+00   2.517706e+01   6.070378e-01
  1.372836e+00   2.578714e+01   6.126829e-01
  1.377524e+00   2.695894e+01   6.250198e-01
  1.382212e+00   2.684836e+01   6.225055e-01
  1.386901e+00   2.629342e+01   6.147512e-01
  1.391589e+00   2.565198e+01   6.058609e-01
  1.396277e+00   2.580759e+01   6.064160e-01
  1.400965e+00   2.603490e+01   6.079589e-01
  1.405654e+00   2.565694e+01   6.024313e-01
  1.410342e+00   2.584040e+01   6.034617e-01
  1.415030e+00   2.618792e+01   6.061721e-01
  1.419718e+00   2.630224e+01   6.064739e-01
  1.424406e+00   2.535035e+01   5.944796e-01
  1.429095e+00   2.590142e+01   5.998504e-01
  1.433783e+00   2.572726e+01   5.965649e-01
  1.438471e+00   2.571407e+01   5.954897e-01
  1.443159e+00   2.603481e+01   5.982755e-01
  1.447848e+00   2.643414e+01   6.018593e-01
  1.452536e+00   2.630074e+01   5.992092e-01
  1.457224e+00   2.601056e+01   5.949399e-01
  1.461912e+00   2.653393e+01   6.000157e-01
  1.466601e+00   2.633393e+01   5.968412e-01
  1.471289e+00   2.627810e+01   5.951943e-01
  1.475977e+00   2.467284e+01   5.760599e-01
  1.480665e+00   2.502681e+01   5.790581e-01
  1.485353e+00   2.483138e+01   5.850075e-01
  1.490042e+00   2.598924e+01   6.168585e-01
  1.494730e+00   2.629365e+01   6.314107e-01
  1.499418e+00   2.593333e+01   6.351348e-01
  1.504106e+00   2.567128e+01   6.392244e-01
  1.508795e+00   2.528846e+01   6.411742e-01
  1.513483e+00   2.651836e+01   6.399426e-01
  1.518171e+00   2.568356e+01   6.157188e-01
  1.522859e+00   2.579742e+01   6.086081e-01
  1.527548e+00   2.566763e+01   6.005855e-01
  1.532236e+00   2.500642e+01   5.871215e-01
  1.536924e+00   2.527752e+01   5.856020e-01
  1.541612e+00   2.572058e+01   5.875935e-01
  1.546300e+00   2.550519e+01   5.837150e-01
  1.550989e+00   2.586506e+01   5.857247e-01
  1.555677e+00   2.477357e+01   5.703080e-01
  1.560365e+00   2.552941e+01   5.762371e-01
  1.565053e+00   2.541109e+01   5.722521e-01
  1.569742e+00   2.642737e+01   5.812210e-01
  1.574430e+00   2.542748e+01   5.689209e-01
  1.579118e+00   2.499360e+01   5.644673e-01
  1.583806e+00   2.624016e+01   5.790336e-01
  1.588495e+00   2.622283e+01   5.795216e-01
  1.593183e+00   2.564168e+01   5.733349e-01
  1.597871e+00   2.546201e+01   5.709699e-01
  1.602559e+00   2.613278e+01   5.775947e-01
  1.607247e+00   2.588636e+01   5.739550e-01
  1.611936e+00   2.516797e+01   5.648525e-01
  1.616624e+00   2.537394e+01   5.663614e-01
  1.621312e+00   2.565173e+01   5.686308e-01
  1.626000e+00   2.618642e+01   5.736570e-01
  1.630689e+00   2.571497e+01   5.675569e-01
  1.635377e+00   2.571152e+01   5.666786e-01
  1.640065e+00   2.555002e+01   5.640725e-01
  1.644753e+00   2.584945e+01   5.665944e-01
  1.649441e+00   2.634809e+01   5.712219e-01
  1.654130e+00   2.604195e+01   5.669864e-01
  1.658818e+00   2.588591e+01   5.644907e-01
  1.663506e+00   2.583348e+01   5.631809e-01
  1.668194e+00   2.585337e+01   5.626905e-01
  1.672883e+00   2.607247e+01   5.640925e-01
  1.677571e+00   2.527494e+01   5.546731e-01
  1.682259e+00   2.590017e+01   5.608188e-01
  1.686947e+00   2.639113e+01   5.653912e-01
  1.691636e+00   2.594400e+01   5.596656e-01
  1.696324e+00   2.586531e+01   5.580682e-01
  1.701012e+00   2.583512e+01   5.570648e-01
  1.705700e+00   2.636452e+01   5.620789e-01
  1.710388e+00   2.561223e+01   5.531803e-01
  1.715077e+00   2.558059e+01   5.520645e-01
  1.719765e+00   2.545612e+01   5.500380e-01
  1.724453e+00   2.586098e+01   5.537643e-01
  1.729141e+00   2.584033e+01   5.528110e-01
  1.733830e+00   2.624889e+01   5.563083e-01
  1.738518e+00   2.612972e+01   5.544162e-01
  1.743206e+00   2.577009e+01   5.499266e-01
  1.747894e+00   2.529667e+01   5.442755e-01
  1.752583e+00   2.500089e+01   5.405004e-01
  1.757271e+00   2.534418e+01   5.433618e-01
  1.761959e+00   2.457366e+01   5.343248e-01
  1.766647e+00   2.580437e+01   5.468585e-01
  1.771335e+00   2.603060e+01   5.485032e-01
  1.776024e+00   2.554390e+01   5.426663e-01
  1.780712e+00   2.538736e+01   5.403573e-01
  1.785400e+00   2.549506e+01   5.409070e-01
  1.790088e+00   2.579888e+01   5.434520e-01
  1.794777e+00   2.597177e+01   5.445067e-01
  1.799465e+00   2.620780e+01   5.463029e-01
  1.804153e+00   2.579189e+01   5.414419e-01
  1.808841e+00   2.510974e+01   5.335934e-01
  1.813530e+00   2.578063e+01   5.398465e-01
  1.818218e+00   2.564540e+01   5.378502e-01
  1.822906e+00   2.531074e+01   5.338045e-01
  1.827594e+00   2.600565e+01   5.404735e-01
  1.832282e+00   2.590423e+01   5.385324e-01
  1.836971e+00   2.591878e+01   5.381813e-01
  1.841659e+00   2.627868e+01   5.413556e-01
  1.846347e+00   2.534390e+01   5.310177e-01
  1.851035e+00   2.616353e+01   5.387494e-01
  1.855724e+00   2.554996e+01   5.318532e-01
  1.860412e+00   2.520408e+01   5.276965e-01
  1.865100e+00   2.551096e+01   5.302865e-01
  1.869788e+00   2.530570e+01   5.274380e-01
  1.874476e+00   2.557276e+01   5.296202e-01
  1.879165e+00   2.491515e+01   5.222460e-01
  1.883853e+00   2.460578e+01   5.183938e-01
  1.888541e+00   2.520194e+01   5.240124e-01
  1.893229e+00   2.530020e+01   5.246664e-01
  1.897918e+00   2.509049e+01   5.218765e-01
  1.902606e+00   2.597825e+01   5.302415e-01
  1.907294e+00   2.626710e+01   5.326526e-01
  1.911982e+00   2.573302e+01   5.264539e-01
  1.916671e+00   2.522470e+01   5.207092e-01
  1.921359e+00   2.501986e+01   5.180597e-01
  1.926047e+00   2.529540e+01   5.203787e-01
  1.930735e+00   2.581672e+01   5.249825e-01
  1.935423e+00   2.606819e+01   5.269943e-01
  1.940112e+00   2.534737e+01   5.190235e-01
  1.944800e+00   2.605040e+01   5.249947e-01
  1.949488e+00   2.608491e+01   5.239947e-01
  1.954176e+00   2.600868e+01   5.220720e-01
  1.958865e+00   2.615195e+01   5.223507e-01
  1.963553e+00   2.570335e+01   5.169423e-01
  1.968241e+00   2.560066e+01   5.153878e-01
  1.972929e+00   2.573209e+01   5.160614e-01
  1.977618e+00   2.538278e+01   5.121349e-01
  1.982306e+00   2.567634e+01   5.148022e-01
  1.986994e+00   2.561459e+01   5.141063e-01
  1.991682e+00   2.524484e+01   5.104221e-01
  1.996370e+00   2.514851e+01   5.095856e-01
  2.001059e+00   2.518143e+01   5.100753e-01
  2.005747e+00   2.597506e+01   5.178857e-01
  2.010435e+00   2.540298e+01   5.113230e-01
  2.015123e+00   2.580561e+01   5.148122e-01
  2.019812e+00   2.575179e+01   5.137710e-01
  2.024500e+00   2.579948e+01   5.137954e-01
  2.029188e+00   2.496249e+01   5.047715e-01
  2.033876e+00   2.512954e+01   5.058944e-01
  2.038565e+00   2.567865e+01   5.108546e-01
  2.043253e+00   2.537191e+01   5.074141e-01
  2.047941e+00   2.653457e+01   5.183126e-01
  2.052629e+00   2.591442e+01   5.134608e-01
  2.057317e+00   2.488465e+01   5.178591e-01
  2.062006e+00   2.553305e+01   5.340877e-01
  2.066694e+00   2.517476e+01   5.373777e-01
  2.071382e+00   2.521394e+01   5.435696e-01
  2.076070e+00   2.556220e+01   5.526485e-01
  2.080759e+00   2.576575e+01   5.597805e-01
  2.085447e+00   2.575522e+01   5.639688e-01
  2.090135e+00   2.593936e+01   5.681144e-01
  2.094823e+00   2.530162e+01   5.626917e-01
  2.099511e+00   2.484143e+01   5.591224e-01
  2.104200e+00   2.550030e+01   5.679584e-01
  2.108888e+00   2.560558e+01   5.703961e-01
  2.113576e+00   2.584562e+01   5.743280e-01
  2.118264e+00   2.511717e+01   5.606571e-01
  2.122953e+00   2.531123e+01   5.449975e-01
  2.127641e+00   2.506743e+01   5.333889e-01
  2.132329e+00   2.513713e+01   5.276420e-01
  2.137017e+00   2.577897e+01   5.292934e-01
  2.141706e+00   2.524616e+01   5.194579e-01
  2.146394e+00   2.603188e+01   5.236208e-01
  2.151082e+00   2.520416e+01   5.123928e-01
  2.155770e+00   2.560617e+01   5.153375e-01
  2.160458e+00   2.551120e+01   5.131890e-01
  2.165147e+00   2.543134e+01   5.113151e-01
  2.169835e+00   2.589296e+01   5.147307e-01
  2.174523e+00   2.501637e+01   5.050604e-01
  2.179211e+00   2.487273e+01   5.027130e-01
  2.183900e+00   2.529309e+01   5.060502e-01
  2.188588e+00   2.575945e+01   5.097595e-01
  2.193276e+00   2.577555e+01   5.090675e-01
  2.197964e+00   2.478646e+01   4.984753e-01
  2.202653e+00   2.517613e+01   5.015833e-01
  2.207341e+00   2.568439e+01   5.058246e-01
  2.212029e+00   2.556488e+01   5.038657e-01
  2.216717e+00   2.572054e+01   5.047355e-01
  2.221405e+00   2.515941e+01   4.984631e-01
  2.226094e+00   2.523305e+01   4.985071e-01
  2.230782e+00   2.601443e+01   5.054432e-01
  2.235470e+00   2.592831e+01   5.039364e-01
  2.240158e+00   2.632875e+01   5.071536e-01
  2.244847e+00   2.531054e+01   4.966650e-01
  2.249535e+00   2.523101e+01   4.951416e-01
  2.254223e+00   2.578077e+01   4.998591e-01
  2.258911e+00   2.500669e+01   4.917507e-01
  2.263600e+00   2.545409e+01   4.955540e-01
  2.268288e+00   2.587175e+01   4.989113e-01
  2.272976e+00   2.498821e+01   4.896784e-01
  2.277664e+00   2.516861e+01   4.909239e-01
  2.282352e+00   2.592315e+01   4.976831e-01
  2.287041e+00   2.550612e+01   4.930534e-01
  2.291729e+00   2.547829e+01   4.920967e-01
  2.296417e+00   2.438243e+01   4.809476e-01
  2.301105e+00   2.487654e+01   4.852569e-01
  2.305794e+00   2.566925e+01   4.923677e-01
  2.310482e+00   2.506826e+01   4.858987e-01
  2.315170e+00   2.493772e+01   4.841844e-01
  2.319858e+00   2.485361e+01   4.828646e-01
  2.324546e+00   2.525746e+01   4.862261e-01
  2.329235e+00   2.604929e+01   4.931284e-01
  2.333923e+00   2.589383e+01   4.911969e-01
  2.338611e+00   2.588869e+01   4.906479e-01
  2.343299e+00   2.533670e+01   4.848904e-01
  2.347988e+00   2.475889e+01   4.786904e-01
  2.352676e+00   2.499666e+01   4.805418e-01
  2.357364e+00   2.561575e+01   4.859690e-01
  2.362052e+00   2.504969e+01   4.800640e-01
  2.366741e+00   2.518600e+01   4.808223e-01
  2.371429e+00   2.521721e+01   4.806021e-01
  2.376117e+00   2.587503e+01   4.863879e-01
  2.380805e+00   2.446807e+01   4.724800e-01
  2.385493e+00   2.488936e+01   4.760226e-01
  2.390182e+00   2.485937e+01   4.752446e-01
  2.394870e+00   2.566205e+01   4.823348e-01
  2.399558e+00   2.513314e+01   4.769402e-01
  2.404246e+00   2.559780e+01   4.808166e-01
  2.408935e+00   2.525037e+01   4.770179e-01
  2.413623e+00   2.508288e+01   4.749580e-01
  2.418311e+00   2.531773e+01   4.767321e-01
  2.422999e+00   2.549525e+01   4.780074e-01
  2.427688e+00   2.474734e+01   4.703268e-01
  2.432376e+00   2.499521e+01   4.722727e-01
  2.437064e+00   2.546060e+01   4.761545e-01
  2.441752e+00   2.507178e+01   4.721813e-01
  2.446440e+00   2.568963e+01   4.773379e-01
  2.451129e+00   2.557321e+01   4.758313e-01
  2.455817e+00   2.546846e+01   4.744990e-01
  2.460505e+00   2.521042e+01   4.716968e-01
  2.465193e+00   2.534689e+01   4.723594e-01
  2.469882e+00   2.548074e+01   4.731161e-01
  2.474570e+00   2.544580e+01   4.723754e-01
  2.479258e+00   2.526711e+01   4.703326e-01
  2.483946e+00   2.530345e+01   4.702050e-01
  2.488634e+00   2.550930e+01   4.715756e-01
  2.493323e+00   2.584350e+01   4.742655e-01
  2.498011e+00   2.504774e+01   4.665201e-01
  2.502699e+00   2.541156e+01   4.694379e-01
  2.507387e+00   2.544461e+01   4.692356e-01
  2.512076e+00   2.512657e+01   4.658774e-01
  2.516764e+00   2.493422e+01   4.637229e-01
  2.521452e+00   2.507682e+01   4.646147e-01
  2.526140e+00   2.578615e+01   4.706404e-01
  2.530829e+00   2.546284e+01   4.672459e-01
  2.535517e+00   2.500194e+01   4.623762e-01
  2.540205e+00   2.477176e+01   4.593481e-01
  2.544893e+00   2.564926e+01   4.663984e-01
  2.549581e+00   2.516826e+01   4.611873e-01
  2.554270e+00   2.493815e+01   4.586384e-01
  2.558958e+00   2.473563e+01   4.563774e-01
  2.563646e+00   2.477315e+01   4.563218e-01
  2.568334e+00   2.489967e+01   4.570167e-01
  2.573023e+00   2.496697e+01   4.572596e-01
  2.577711e+00   2.576164e+01   4.640901e-01
  2.582399e+00   2.470856e+01   4.541316e-01
  2.587087e+00   2.562337e+01   4.621496e-01
  2.591776e+00   2.578359e+01   4.636572e-01
  2.596464e+00   2.545357e+01   4.608532e-01
  2.601152e+00   2.516588e+01   4.583042e-01
  2.605840e+00   2.556082e+01   4.614662e-01
  2.610528e+00   2.487982e+01   4.548754e-01
  2.615217e+00   2.486745e+01   4.544016e-01
  2.619905e+00   2.465527e+01   4.521435e-01
  2.624593e+00   2.540088e+01   4.584041e-01
  2.629281e+00   2.489732e+01   4.534689e-01
  2.633970e+00   2.449542e+01   4.494080e-01
  2.638658e+00   2.501480e+01   4.538343e-01
  2.643346e+00   2.510125e+01   4.541621e-01
  2.648034e+00   2.492144e+01   4.521843e-01
  2.652723e+00   2.531789e+01   4.553886e-01
  2.657411e+00   2.484029e+01   4.506691e-01
  2.662099e+00   2.558512e+01   4.569680e-01
  2.666787e+00   2.571700e+01   4.576714e-01
  2.671475e+00   2.519818e+01   4.526662e-01
  2.676164e+00   2.517404e+01   4.521654e-01
  2.680852e+00   2.542505e+01   4.540970e-01
  2.685540e+00   2.456674e+01   4.458507e-01
  2.690228e+00   2.537892e+01   4.527369e-01
  2.694917e+00   2.471073e+01   4.465225e-01
  2.699605e+00   2.458312e+01   4.450018e-01
  2.704293e+00   2.546019e+01   4.523177e-01
  2.708981e+00   2.516794e+01   4.493481e-01
  2.713669e+00   2.481388e+01   4.458753e-01
  2.718358e+00   2.520712e+01   4.490164e-01
  2.723046e+00   2.543796e+01   4.506355e-01
  2.727734e+00   2.444452e+01   4.413567e-01
  2.732422e+00   2.541249e+01   4.497079e-01
  2.737111e+00   2.570204e+01   4.519011e-01
  2.741799e+00   2.504361e+01   4.456663e-01
  2.746487e+00   2.468028e+01   4.420143e-01
  2.751175e+00   2.499405e+01   4.445048e-01
  2.755864e+00   2.564727e+01   4.499318e-01
  2.760552e+00   2.524827e+01   4.460279e-01
  2.765240e+00   2.470176e+01   4.407598e-01
  2.769928e+00   2.513777e+01   4.442961e-01
  2.774616e+00   2.564275e+01   4.484442e-01
  2.779305e+00   2.543761e+01   4.462449e-01
  2.783993e+00   2.559781e+01   4.472344e-01
  2.788681e+00   2.448296e+01   4.370737e-01
  2.793369e+00   2.470197e+01   4.388016e-01
  2.798058e+00   2.490895e+01   4.401745e-01
  2.802746e+00   2.537562e+01   4.440748e-01
  2.807434e+00   2.527035e+01   4.429024e-01
  2.812122e+00   2.432069e+01   4.339123e-01
  2.816811e+00   2.413063e+01   4.319241e-01
  2.821499e+00   2.477182e+01   4.371971e-01
  2.826187e+00   2.553047e+01   4.434418e-01
  2.830875e+00   2.485656e+01   4.372228e-01
  2.835563e+00   2.522097e+01   4.401144e-01
  2.840252e+00   2.547353e+01   4.418613e-01
  2.844940e+00   2.520544e+01   4.392199e-01
  2.849628e+00   2.512066e+01   4.381413e-01
  2.854316e+00   2.528613e+01   4.392659e-01
  2.859005e+00   2.598719e+01   4.528068e-01
  2.863693e+00   2.488119e+01   4.527843e-01
  2.868381e+00   2.543097e+01   4.638022e-01
  2.873069e+00   2.470491e+01   4.620897e-01
  2.877758e+00   2.516884e+01   4.704753e-01
  2.882446e+00   2.484951e+01   4.703957e-01
  2.887134e+00   2.522393e+01   4.754990e-01
  2.891822e+00   2.435697e+01   4.686198e-01
  2.896510e+00   2.550892e+01   4.809028e-01
  2.901199e+00   2.543234e+01   4.813049e-01
  2.905887e+00   2.469210e+01   4.754354e-01
  2.910575e+00   2.495212e+01   4.789864e-01
  2.915263e+00   2.420751e+01   4.727522e-01
  2.919952e+00   2.477878e+01   4.788368e-01
  2.924640e+00   2.575281e+01   4.749631e-01
  2.929328e+00   2.533955e+01   4.628092e-01
  2.934016e+00   2.587084e+01   4.622859e-01
  2.938704e+00   2.480713e+01   4.485949e-01
  2.943393e+00   2.470391e+01   4.444329e-01
  2.948081e+00   2.460364e+01   4.418021e-01
  2.952769e+00   2.486039e+01   4.429953e-01
  2.957457e+00   2.455389e+01   4.393667e-01
  2.962146e+00   2.508477e+01   4.431428e-01
  2.966834e+00   2.478795e+01   4.398309e-01
  2.971522e+00   2.458704e+01   4.371863e-01
  2.976210e+00   2.513730e+01   4.413636e-01
  2.980899e+00   2.536673e+01   4.426321e-01
  2.985587e+00   2.541221e+01   4.423573e-01
  2.990275e+00   2.469335e+01   4.354258e-01
  2.994963e+00   2.426686e+01   4.311287e-01
  2.999651e+00   2.498906e+01   4.368683e-01
  3.004340e+00   2.513014e+01   4.375094e-01
  3.009028e+00   2.528796e+01   4.383302e-01
  3.013716e+00   2.435643e+01   4.297079e-01
  3.018404e+00   2.485479e+01   4.335552e-01
  3.023093e+00   2.477799e+01   4.323363e-01
  3.027781e+00   2.484594e+01   4.324236e-01
  3.032469e+00   2.512635e+01   4.344173e-01
  3.037157e+00   2.518066e+01   4.344452e-01
  3.041846e+00   2.475283e+01   4.301933e-01
  3.046534e+00   2.502380e+01   4.320665e-01
  3.051222e+00   2.495058e+01   4.311193e-01
  3.055910e+00   2.460994e+01   4.277616e-01
  3.060598e+00   2.507732e+01   4.311742e-01
  3.065287e+00   2.485145e+01   4.288316e-01
  3.069975e+00   2.553367e+01   4.342655e-01
  3.074663e+00   2.478418e+01   4.274891e-01
  3.079351e+00   2.422409e+01   4.221529e-01
  3.084040e+00   2.458616e+01   4.248407e-01
  3.088728e+00   2.483659e+01   4.266415e-01
  3.093416e+00   2.505827e+01   4.283122e-01
  3.098104e+00   2.470058e+01   4.247823e-01
  3.102793e+00   2.514799e+01   4.281621e-01
  3.107481e+00   2.463983e+01   4.234489e-01
  3.112169e+00   2.493607e+01   4.255723e-01
  3.116857e+00   2.407359e+01   4.177283e-01
  3.121545e+00   2.476051e+01   4.232158e-01
  3.126234e+00   2.453265e+01   4.209149e-01
  3.130922e+00   2.468280e+01   4.218996e-01
  3.135610e+00   2.492093e+01   4.235427e-01
  3.140298e+00   2.480098e+01   4.223219e-01
  3.144987e+00   2.487872e+01   4.226373e-01
  3.149675e+00   2.487615e+01   4.220426e-01
  3.154363e+00   2.503685e+01   4.230796e-01
  3.159051e+00   2.521682e+01   4.241377e-01
  3.163739e+00   2.452511e+01   4.179266e-01
  3.168428e+00   2.486715e+01   4.205579e-01
  3.173116e+00   2.520471e+01   4.231195e-01
  3.177804e+00   2.564549e+01   4.263366e-01
  3.182492e+00   2.566475e+01   4.261305e-01
  3.187181e+00   2.494016e+01   4.197547e-01
  3.191869e+00   2.459256e+01   4.164885e-01
  3.196557e+00   2.496725e+01   4.192580e-01
  3.201245e+00   2.512290e+01   4.202122e-01
  3.205934e+00   2.549030e+01   4.229509e-01
  3.210622e+00   2.472559e+01   4.162904e-01
  3.215310e+00   2.485115e+01   4.169317e-01
  3.219998e+00   2.533521e+01   4.204819e-01
  3.224686e+00   2.524955e+01   4.190882e-01
  3.229375e+00   2.495312e+01   4.158413e-01
  3.234063e+00   2.529657e+01   4.181756e-01
  3.238751e+00   2.506597e+01   4.159075e-01
  3.243439e+00   2.491142e+01   4.142962e-01
  3.248128e+00   2.480350e+01   4.131235e-01
  3.252816e+00   2.448520e+01   4.101502e-01
  3.257504e+00   2.463563e+01   4.110187e-01
  3.262192e+00   2.437846e+01   4.085946e-01
  3.266881e+00   2.431354e+01   4.077470e-01
  3.271569e+00   2.424157e+01   4.068515e-01
  3.276257e+00   2.482976e+01   4.114567e-01
  3.280945e+00   2.492201e+01   4.122863e-01
  3.285633e+00   2.485230e+01   4.118522e-01
  3.290322e+00   2.455607e+01   4.093504e-01
  3.295010e+00   2.522124e+01   4.145103e-01
  3.299698e+00   2.481833e+01   4.108764e-01
  3.304386e+00   2.479394e+01   4.103546e-01
  3.309075e+00   2.545478e+01   4.155330e-01
  3.313763e+00   2.478058e+01   4.096546e-01
  3.318451e+00   2.430843e+01   4.053949e-01
  3.323139e+00   2.460506e+01   4.075994e-01
  3.327828e+00   2.504270e+01   4.108837e-01
  3.332516e+00   2.474395e+01   4.081741e-01
  3.337204e+00   2.414552e+01   4.028296e-01
  3.341892e+00   2.471515e+01   4.073547e-01
  3.346580e+00   2.558243e+01   4.141353e-01
  3.351269e+00   2.501327e+01   4.091610e-01
  3.355957e+00   2.499018e+01   4.094507e-01
  3.360645e+00   2.512867e+01   4.206341e-01
  3.365333e+00   2.464365e+01   4.231484e-01
  3.370022e+00   2.454567e+01   4.269371e-01
  3.374710e+00   2.497812e+01   4.328043e-01
  3.379398e+00   2.483343e+01   4.331596e-01
  3.384086e+00   2.478056e+01   4.341002e-01
  3.388774e+00   2.495749e+01   4.361379e-01
  3.393463e+00   2.447808e+01   4.315657e-01
  3.398151e+00   2.479629e+01   4.347848e-01
  3.402839e+00   2.515198e+01   4.388621e-01
  3.407527e+00   2.420562e+01   4.314819e-01
  3.412216e+00   2.466983e+01   4.364281e-01
  3.416904e+00   2.437420e+01   4.346165e-01
  3.421592e+00   2.379586e+01   4.302537e-01
  3.426280e+00   2.399412e+01   4.327553e-01
  3.430969e+00   2.401952e+01   4.337500e-01
  3.435657e+00   2.392866e+01   4.336538e-01
  3.440345e+00   2.467261e+01   4.409075e-01
  3.445033e+00   2.493122e+01   4.438925e-01
  3.449721e+00   2.518395e+01   4.468686e-01
  3.454410e+00   2.465895e+01   4.426860e-01
  3.459098e+00   2.522112e+01   4.482855e-01
  3.463786e+00   2.502186e+01   4.470792e-01
  3.468474e+00   2.470184e+01   4.447859e-01
  3.473163e+00   2.478780e+01   4.460363e-01
  3.477851e+00   2.503482e+01   4.488155e-01
  3.482539e+00   2.455413e+01   4.451796e-01
  3.487227e+00   2.428064e+01   4.429703e-01
  3.491916e+00   2.445871e+01   4.451192e-01
  3.496604e+00   2.465756e+01   4.473785e-01
  3.501292e+00   2.438515e+01   4.453532e-01
  3.505980e+00   2.437370e+01   4.457199e-01
  3.510668e+00   2.432899e+01   4.457530e-01
  3.515357e+00   2.489193e+01   4.512632e-01
  3.520045e+00   2.437539e+01   4.470527e-01
  3.524733e+00   2.486753e+01   4.519235e-01
  3.529421e+00   2.496525e+01   4.531906e-01
  3.534110e+00   2.485589e+01   4.526518e-01
  3.538798e+00   2.460779e+01   4.507368e-01
  3.543486e+00   2.490409e+01   4.538412e-01
  3.548174e+00   2.499673e+01   4.550867e-01
  3.552863e+00   2.515296e+01   4.568589e-01
  3.557551e+00   2.503649e+01   4.561445e-01
  3.562239e+00   2.466494e+01   4.531543e-01
  3.566927e+00   2.492114e+01   4.558510e-01
  3.571615e+00   2.535237e+01   4.601021e-01
  3.576304e+00   2.480490e+01   4.554317e-01
  3.580992e+00   2.485880e+01   4.562136e-01
  3.585680e+00   2.499375e+01   4.571837e-01
  3.590368e+00   2.431449e+01   4.505044e-01
  3.595057e+00   2.400963e+01   4.472724e-01
  3.599745e+00   2.464616e+01   4.527687e-01
  3.604433e+00   2.476155e+01   4.535541e-01
  3.609121e+00   2.480794e+01   4.544511e-01
  3.613809e+00   2.459358e+01   4.525470e-01
  3.618498e+00   2.518195e+01   4.581684e-01
  3.623186e+00   2.568089e+01   4.630143e-01
  3.627874e+00   2.417343e+01   4.494938e-01
  3.632562e+00   2.469586e+01   4.545640e-01
  3.637251e+00   2.443891e+01   4.525006e-01
  3.641939e+00   2.426648e+01   4.511583e-01
  3.646627e+00   2.482420e+01   4.566240e-01
  3.651315e+00   2.440861e+01   4.530065e-01
  3.656004e+00   2.444569e+01   4.538083e-01
  3.660692e+00   2.483830e+01   4.645033e-01
  3.665380e+00   2.505132e+01   4.831788e-01
  3.670068e+00   2.502609e+01   4.912814e-01
  3.674756e+00   2.423539e+01   4.910684e-01
  3.679445e+00   2.451982e+01   4.998492e-01
  3.684133e+00   2.454277e+01   5.034993e-01
  3.688821e+00   2.463828e+01   5.075933e-01
  3.693509e+00   2.509077e+01   5.152653e-01
  3.698198e+00   2.468910e+01   5.139192e-01
  3.702886e+00   2.556209e+01   5.257826e-01
  3.707574e+00   2.483540e+01   5.208492e-01
  3.712262e+00   2.464243e+01   5.214525e-01
  3.716951e+00   2.511589e+01   5.289393e-01
  3.721639e+00   2.563760e+01   5.369503e-01
  3.726327e+00   2.503628e+01   5.330048e-01
  3.731015e+00   2.387172e+01   5.228521e-01
  3.735703e+00   2.429480e+01   5.297549e-01
  3.740392e+00   2.461229e+01   5.355657e-01
  3.745080e+00   2.499747e+01   5.419844e-01
  3.749768e+00   2.514260e+01   5.458695e-01
  3.754456e+00   2.501869e+01   5.467561e-01
  3.759145e+00   2.539429e+01   5.531248e-01
  3.763833e+00   2.482457e+01   5.490671e-01
  3.768521e+00   2.496881e+01   5.528823e-01
  3.773209e+00   2.505025e+01   5.559430e-01
  3.777897e+00   2.502225e+01   5.578324e-01
  3.782586e+00   2.521249e+01   5.621009e-01
  3.787274e+00   2.554453e+01   5.679815e-01
  3.791962e+00   2.447606e+01   5.581042e-01
  3.796650e+00   2.456488e+01   5.612332e-01
  3.801339e+00   2.440610e+01   5.615191e-01
  3.806027e+00   2.483145e+01   5.685090e-01
  3.810715e+00   2.505145e+01   5.731494e-01
  3.815403e+00   2.558619e+01   5.813682e-01
  3.820092e+00   2.517724e+01   5.788304e-01
  3.824780e+00   2.454935e+01   5.736639e-01
  3.829468e+00   2.399130e+01   5.692010e-01
  3.834156e+00   2.435259e+01   5.755138e-01
  3.838844e+00   2.398879e+01   5.732891e-01
  3.843533e+00   2.468725e+01   5.836484e-01
  3.848221e+00   2.476621e+01   5.866615e-01
  3.852909e+00   2.490824e+01   5.904673e-01
  3.857597e+00   2.427254e+01   5.849682e-01
  3.862286e+00   2.471148e+01   5.923366e-01
  3.866974e+00   2.489378e+01   5.966129e-01
  3.871662e+00   2.444897e+01   5.934803e-01
  3.876350e+00   2.453826e+01   5.967565e-01
  3.881039e+00   2.432087e+01   5.960118e-01
  3.885727e+00   2.526966e+01   6.096635e-01
  3.890415e+00   2.496847e+01   6.080933e-01
  3.895103e+00   2.401926e+01   5.985821e-01
  3.899791e+00   2.466135e+01   6.085936e-01
  3.904480e+00   2.450371e+01   6.088106e-01
  3.909168e+00   2.453068e+01   6.112413e-01
  3.913856e+00   2.597462e+01   6.312621e-01
  3.918544e+00   2.460180e+01   6.163982e-01
  3.923233e+00   2.434727e+01   6.154124e-01
  3.927921e+00   2.426820e+01   6.164832e-01
  3.932609e+00   2.518346e+01   6.301268e-01
  3.937297e+00   2.503071e+01   6.293422e-01
  3.941986e+00   2.467725e+01   6.256687e-01
  3.946674e+00   2.452423e+01   6.243618e-01
  3.951362e+00   2.434919e+01   6.217703e-01
  3.956050e+00   2.451041e+01   6.227741e-01
  3.960738e+00   2.412433e+01   6.176884e-01
  3.965427e+00   2.449806e+01   6.231985e-01
  3.970115e+00   2.467615e+01   6.273932e-01
  3.974803e+00   2.486302e+01   6.317818e-01
  3.979491e+00   2.466858e+01   6.310683e-01
  3.984180e+00   2.449516e+01   6.309645e-01
  3.988868e+00   2.399925e+01   6.266241e-01
  3.993556e+00   2.473166e+01   6.382437e-01
  3.998244e+00   2.427042e+01   6.344227e-01
  4.002932e+00   2.449151e+01   6.394812e-01
  4.007621e+00   2.476403e+01   6.451557e-01
  4.012309e+00   2.465169e+01   6.458642e-01
  4.016997e+00   2.473458e+01   6.491469e-01
  4.021685e+00   2.457851e+01   6.493233e-01
  4.026374e+00   2.440165e+01   6.491732e-01
  4.031062e+00   2.450166e+01   6.526999e-01
  4.035750e+00   2.590062e+01   6.733481e-01
  4.040438e+00   2.437430e+01   6.554655e-01
  4.045127e+00   2.411907e+01   6.542584e-01
  4.049815e+00   2.490793e+01   6.671434e-01
  4.054503e+00   2.440230e+01   6.625885e-01
  4.059191e+00   2.432105e+01   6.637954e-01
  4.063879e+00   2.476458e+01   6.721436e-01
  4.068568e+00   2.522022e+01   6.806308e-01
  4.073256e+00   2.567847e+01   6.891478e-01
  4.077944e+00   2.495797e+01   6.818012e-01
  4.082632e+00   2.416776e+01   6.732529e-01
  4.087321e+00   2.463959e+01   6.821820e-01
  4.092009e+00   2.520660e+01   6.923993e-01
  4.096697e+00   2.542969e+01   6.979033e-01
  4.101385e+00   2.505153e+01   6.951027e-01
  4.106074e+00   2.476360e+01   6.935818e-01
  4.110762e+00   2.483273e+01   6.970367e-01
  4.115450e+00   2.441405e+01   6.935825e-01
  4.120138e+00   2.474516e+01   7.007127e-01
  4.124826e+00   2.544698e+01   7.131429e-01
  4.129515e+00   2.511749e+01   7.111009e-01
  4.134203e+00   2.555306e+01   7.197843e-01
  4.138891e+00   2.470553e+01   7.103221e-01
  4.143579e+00   2.468340e+01   7.125782e-01
  4.148268e+00   2.496537e+01   7.192921e-01
  4.152956e+00   2.535765e+01   7.275540e-01
  4.157644e+00   2.423299e+01   7.137640e-01
  4.162332e+00   2.419861e+01   7.159864e-01
  4.167021e+00   2.538924e+01   7.360961e-01
  4.171709e+00   2.574159e+01   7.438602e-01
  4.176397e+00   2.492850e+01   7.347938e-01
  4.181085e+00   2.541877e+01   7.447538e-01
  4.185773e+00   2.439824e+01   7.324561e-01
  4.190462e+00   2.506155e+01   7.452106e-01
  4.195150e+00   2.544947e+01   7.546949e-01
  4.199838e+00   2.415286e+01   7.372985e-01
  4.204526e+00   2.446702e+01   7.446451e-01
  4.209215e+00   2.453657e+01   7.485834e-01
  4.213903e+00   2.543487e+01   7.650971e-01
  4.218591e+00   2.579804e+01   7.735149e-01
  4.223279e+00   2.514893e+01   7.667343e-01
  4.227967e+00   2.560209e+01   7.765926e-01
  4.232656e+00   2.445450e+01   7.619851e-01
  4.237344e+00   2.438321e+01   7.639189e-01
  4.242032e+00   2.500832e+01   7.766904e-01
  4.246720e+00   2.392758e+01   7.626922e-01
  4.251409e+00   2.440470e+01   7.734882e-01
  4.256097e+00   2.438363e+01   7.761844e-01
  4.260785e+00   2.521517e+01   7.924939e-01
  4.265473e+00   2.530384e+01   7.979076e-01
  4.270162e+00   2.539874e+01   8.034220e-01
  4.274850e+00   2.391669e+01   7.852165e-01
  4.279538e+00   2.328756e+01   7.783006e-01
  4.284226e+00   2.471990e+01   8.017668e-01
  4.288914e+00   2.515576e+01   8.113508e-01
  4.293603e+00   2.518569e+01   8.152956e-01
  4.298291e+00   2.471161e+01   8.111386e-01
  4.302979e+00   2.470644e+01   8.143475e-01
  4.307667e+00   2.439498e+01   8.127171e-01
  4.312356e+00   2.393558e+01   8.086002e-01
  4.317044e+00   2.379262e+01   8.095438e-01
  4.321732e+00   2.438744e+01   8.232306e-01
  4.326420e+00   2.466355e+01   8.315936e-01
  4.331109e+00   2.541975e+01   8.478599e-01
  4.335797e+00   2.588688e+01   8.594649e-01
  4.340485e+00   2.488721e+01   8.473047e-01
  4.345173e+00   2.506128e+01   8.535109e-01
  4.349861e+00   2.513223e+01   8.583535e-01
  4.354550e+00   2.481520e+01   8.568807e-01
  4.359238e+00   2.533028e+01   8.696740e-01
  4.363926e+00   2.452995e+01   8.597721e-01
  4.368614e+00   2.426722e+01   8.591357e-01
  4.373303e+00   2.405972e+01   8.595535e-01
  4.377991e+00   2.396496e+01   8.618695e-01
  4.382679e+00   2.417040e+01   8.696591e-01
  4.387367e+00   2.504652e+01   8.896418e-01
  4.392056e+00   2.546666e+01   9.013520e-01
  4.396744e+00   2.485834e+01   8.948220e-01
  4.401432e+00   2.438768e+01   8.916087e-01
  4.406120e+00   2.521908e+01   9.092385e-01
  4.410808e+00   2.499923e+01   9.058961e-01
  4.415497e+00   2.449801e+01   8.973662e-01
  4.420185e+00   2.495900e+01   9.063302e-01
  4.424873e+00   2.464254e+01   9.012511e-01
  4.429561e+00   2.570408e+01   9.210871e-01
  4.434250e+00   2.494233e+01   9.079655e-01
  4.438938e+00   2.544555e+01   9.177717e-01
  4.443626e+00   2.437173e+01   8.987042e-01
  4.448314e+00   2.394526e+01   8.929371e-01
  4.453002e+00   2.511958e+01   9.189700e-01
  4.457691e+00   2.482811e+01   9.182706e-01
  4.462379e+00   2.501145e+01   9.263082e-01
  4.467067e+00   2.405996e+01   9.131482e-01
  4.471755e+00   2.551600e+01   9.452034e-01
  4.476444e+00   2.502647e+01   9.410080e-01
  4.481132e+00   2.471840e+01   9.401013e-01
  4.485820e+00   2.418215e+01   9.348360e-01
  4.490508e+00   2.480489e+01   9.518288e-01
  4.495197e+00   2.522186e+01   9.649501e-01
  4.499885e+00   2.490611e+01   9.640813e-01
  4.504573e+00   2.460027e+01   9.633767e-01
  4.509261e+00   2.489580e+01   9.745304e-01
  4.513949e+00   2.384526e+01   9.591253e-01
  4.518638e+00   2.370892e+01   9.617827e-01
  4.523326e+00   2.439782e+01   9.812390e-01
  4.528014e+00   2.365227e+01   9.716691e-01
  4.532702e+00   2.558418e+01   1.016423e+00
  4.537391e+00   2.490588e+01   1.008717e+00
  4.542079e+00   2.501817e+01   1.017044e+00
  4.546767e+00   2.314169e+01   9.840379e-01
  4.551455e+00   2.443671e+01   1.017287e+00
  4.556144e+00   2.509765e+01   1.037239e+00
  4.560832e+00   2.565862e+01   1.055221e+00
  4.565520e+00   2.576158e+01   1.063912e+00
  4.570208e+00   2.565797e+01   1.068579e+00
  4.574896e+00   2.443521e+01   1.049533e+00
  4.579585e+00   2.607625e+01   1.091173e+00
  4.584273e+00   2.598011e+01   1.096242e+00
  4.588961e+00   2.561692e+01   1.095718e+00
  4.593649e+00   2.606972e+01   1.112721e+00
  4.598338e+00   2.573207e+01   1.113122e+00
  4.603026e+00   2.522496e+01   1.109624e+00
  4.607714e+00   2.563042e+01   1.126227e+00
  4.612402e+00   2.676489e+01   1.158923e+00
  4.617091e+00   2.666635e+01   1.164968e+00
  4.621779e+00   2.606753e+01   1.160231e+00
  4.626467e+00   2.388913e+01   1.118832e+00
  4.631155e+00   2.518848e+01   1.157309e+00
  4.635843e+00   2.509986e+01   1.163880e+00
  4.640532e+00   2.430130e+01   1.153867e+00
  4.645220e+00   2.512294e+01   1.182382e+00
  4.649908e+00   2.521422e+01   1.193829e+00
  4.654596e+00   2.539812e+01   1.207610e+00
  4.659285e+00   2.452582e+01   1.196181e+00
  4.663973e+00   2.570284e+01   1.234478e+00
  4.668661e+00   2.496536e+01   1.226947e+00
  4.673349e+00   2.440391e+01   1.223250e+00
  4.678037e+00   2.408296e+01   1.225501e+00
  4.682726e+00   2.656949e+01   1.298306e+00
  4.687414e+00   2.475833e+01   1.264382e+00
  4.692102e+00   2.496357e+01   1.281182e+00
  4.696790e+00   2.520818e+01   1.299108e+00
  4.701479e+00   2.426726e+01   1.286376e+00
  4.706167e+00   2.331321e+01   1.272653e+00
  4.710855e+00   2.658133e+01   1.372298e+00
  4.715543e+00   2.748422e+01   1.409027e+00
  4.720232e+00   2.676186e+01   1.404138e+00
  4.724920e+00   2.468057e+01   1.362014e+00
  4.729608e+00   2.540731e+01   1.396440e+00
  4.734296e+00   2.686075e+01   1.451086e+00
  4.738984e+00   2.655410e+01   1.458188e+00
  4.743673e+00   2.539100e+01   1.441443e+00
  4.748361e+00   2.397380e+01   1.416520e+00
  4.753049e+00   2.411639e+01   1.437209e+00
  4.757737e+00   2.366184e+01   1.440150e+00
  4.762426e+00   2.344772e+01   1.450656e+00
  4.767114e+00   2.534336e+01   1.526886e+00
  4.771802e+00   2.499801e+01   1.535853e+00
  4.776490e+00   2.437295e+01   1.535888e+00
  4.781179e+00   2.336685e+01   1.523512e+00
  4.785867e+00   2.562230e+01   1.617220e+00
  4.790555e+00   2.658468e+01   1.670434e+00
  4.795243e+00   2.403054e+01   1.610624e+00
  4.799931e+00   2.237349e+01   1.576695e+00
  4.804620e+00   2.440742e+01   1.672179e+00
  4.809308e+00   2.569145e+01   1.742358e+00
  4.813996e+00   2.639842e+01   1.794214e+00
  4.818684e+00   2.479935e+01   1.767491e+00
  4.823373e+00   2.625032e+01   1.850551e+00
  4.828061e+00   2.454508e+01   1.821202e+00
  4.832749e+00   2.245976e+01   1.773745e+00
  4.837437e+00   2.401666e+01   1.869131e+00
  4.842125e+00   2.582078e+01   1.977061e+00
  4.846814e+00   2.519954e+01   1.992771e+00
  4.851502e+00   2.698153e+01   2.105569e+00
  4.856190e+00   2.539466e+01   2.089214e+00
  4.860878e+00   2.595958e+01   2.161656e+00
  4.865567e+00   2.422330e+01   2.138502e+00
  4.870255e+00   2.505593e+01   2.231139e+00
  4.874943e+00   2.802845e+01   2.425714e+00
  4.879631e+00   2.742916e+01   2.467320e+00
  4.884320e+00   2.725680e+01   2.533012e+00
  4.889008e+00   2.893053e+01   2.695483e+00
  4.893696e+00   2.603248e+01   2.644722e+00
  4.898384e+00   2.416395e+01   2.640660e+00
  4.903072e+00   2.603474e+01   2.850204e+00
  4.907761e+00   2.623925e+01   3.023800e+00
  4.912449e+00   2.576002e+01   4.139728e+00
  4.917137e+00   2.797107e+01   1.185884e+01
