# Sample description: GI
# Parent(s): ../20151214/GI_no_protection/1d/GI_np_030_00086.dat
# No protection
3.200246e-02	3.303800e+00	1.875028e+01
3.669069e-02	6.456740e+01	1.607361e+01
4.137892e-02	1.646791e+02	1.483858e+01
4.606715e-02	2.088181e+02	1.190011e+01
5.075538e-02	2.192793e+02	9.489844e+00
5.544361e-02	1.913148e+02	7.724083e+00
6.013183e-02	1.854198e+02	6.750342e+00
6.482006e-02	1.819212e+02	6.057338e+00
6.950829e-02	1.783958e+02	5.498545e+00
7.419652e-02	1.735861e+02	5.030568e+00
7.888475e-02	1.660374e+02	4.662162e+00
8.357298e-02	1.643017e+02	4.397623e+00
8.826121e-02	1.558178e+02	4.114472e+00
9.294944e-02	1.591906e+02	3.962217e+00
9.763767e-02	1.594639e+02	3.804299e+00
1.023259e-01	1.588625e+02	3.667022e+00
1.070141e-01	1.517799e+02	3.492723e+00
1.117024e-01	1.508941e+02	3.381310e+00
1.163906e-01	1.524913e+02	3.294002e+00
1.210788e-01	1.513314e+02	3.203452e+00
1.257670e-01	1.463960e+02	3.086161e+00
1.304553e-01	1.465880e+02	3.020585e+00
1.351435e-01	1.492866e+02	2.974050e+00
1.398317e-01	1.465591e+02	2.891545e+00
1.445200e-01	1.461458e+02	2.829865e+00
1.492082e-01	1.455158e+02	2.773535e+00
1.538964e-01	1.442647e+02	2.710399e+00
1.585846e-01	1.399308e+02	2.628015e+00
1.632729e-01	1.383844e+02	2.573330e+00
1.679611e-01	1.351028e+02	2.508992e+00
1.726493e-01	1.361534e+02	2.476126e+00
1.773376e-01	1.340263e+02	2.419520e+00
1.820258e-01	1.331730e+02	2.379300e+00
1.867140e-01	1.364215e+02	2.370937e+00
1.914022e-01	1.380407e+02	2.350233e+00
1.960905e-01	1.315288e+02	2.269878e+00
2.007787e-01	1.317113e+02	2.245151e+00
2.054669e-01	1.291811e+02	2.200680e+00
2.101552e-01	1.298927e+02	2.179462e+00
2.148434e-01	1.287715e+02	2.143457e+00
2.195316e-01	1.285386e+02	2.116413e+00
2.242199e-01	1.256220e+02	2.073173e+00
2.289081e-01	1.234238e+02	2.036638e+00
2.335963e-01	1.233619e+02	2.013588e+00
2.382845e-01	1.238054e+02	1.994044e+00
2.429728e-01	1.213710e+02	1.957762e+00
2.476610e-01	1.186318e+02	1.921031e+00
2.523492e-01	1.175551e+02	1.894447e+00
2.570375e-01	1.162312e+02	1.865559e+00
2.617257e-01	1.122693e+02	1.822598e+00
2.664139e-01	1.148556e+02	1.822567e+00
2.711021e-01	1.165799e+02	1.817258e+00
2.757904e-01	1.135563e+02	1.780845e+00
2.804786e-01	1.097188e+02	1.742397e+00
2.851668e-01	1.098224e+02	1.728416e+00
2.898551e-01	1.080149e+02	1.701807e+00
2.945433e-01	1.095054e+02	1.697237e+00
2.992315e-01	1.062537e+02	1.700934e+00
3.039197e-01	1.057751e+02	1.710442e+00
3.086080e-01	1.049264e+02	1.710781e+00
3.132962e-01	1.008419e+02	1.683433e+00
3.179844e-01	1.000700e+02	1.677821e+00
3.226727e-01	1.003331e+02	1.679878e+00
3.273609e-01	9.806904e+01	1.662380e+00
3.320491e-01	9.916587e+01	1.665998e+00
3.367374e-01	9.550307e+01	1.638138e+00
3.414256e-01	9.384560e+01	1.623212e+00
3.461138e-01	9.315113e+01	1.615590e+00
3.508020e-01	8.980939e+01	1.588371e+00
3.554903e-01	9.140322e+01	1.592996e+00
3.601785e-01	9.159853e+01	1.591288e+00
3.648667e-01	8.847006e+01	1.581733e+00
3.695550e-01	8.583514e+01	1.598541e+00
3.742432e-01	8.395453e+01	1.603675e+00
3.789314e-01	8.542957e+01	1.628894e+00
3.836196e-01	8.279504e+01	1.619058e+00
3.883079e-01	8.081247e+01	1.614009e+00
3.929961e-01	8.236230e+01	1.640475e+00
3.976843e-01	7.617920e+01	1.613806e+00
4.023726e-01	7.557147e+01	1.625748e+00
4.070608e-01	7.527492e+01	1.629977e+00
4.117490e-01	7.460074e+01	1.627904e+00
4.164372e-01	7.518796e+01	1.634248e+00
4.211255e-01	7.292667e+01	1.619559e+00
4.258137e-01	7.121797e+01	1.606740e+00
4.305019e-01	7.035139e+01	1.598850e+00
4.351902e-01	6.754772e+01	1.572100e+00
4.398784e-01	6.604499e+01	1.557281e+00
4.445666e-01	6.763295e+01	1.590483e+00
4.492548e-01	6.639651e+01	1.632702e+00
4.539431e-01	6.536214e+01	1.653402e+00
4.586313e-01	6.357604e+01	1.660649e+00
4.633195e-01	6.316790e+01	1.680107e+00
4.680078e-01	6.276998e+01	1.694506e+00
4.726960e-01	6.165301e+01	1.703593e+00
4.773842e-01	5.872845e+01	1.690983e+00
4.820725e-01	5.700766e+01	1.691059e+00
4.867607e-01	5.847454e+01	1.722989e+00
4.914489e-01	5.473042e+01	1.696443e+00
4.961371e-01	5.376205e+01	1.703092e+00
5.008254e-01	5.266266e+01	1.703811e+00
5.055136e-01	5.399559e+01	1.733546e+00
5.102018e-01	5.339245e+01	1.688652e+00
5.148901e-01	5.292375e+01	1.623709e+00
5.195783e-01	4.986398e+01	1.566158e+00
5.242665e-01	5.097610e+01	1.557983e+00
5.289547e-01	4.802281e+01	1.513889e+00
5.336430e-01	4.727434e+01	1.492425e+00
5.383312e-01	4.750011e+01	1.481370e+00
5.430194e-01	4.633644e+01	1.463102e+00
5.477077e-01	4.446297e+01	1.435535e+00
5.523959e-01	4.443754e+01	1.426455e+00
5.570841e-01	4.362161e+01	1.411448e+00
5.617723e-01	4.235217e+01	1.392984e+00
5.664606e-01	4.066561e+01	1.369328e+00
5.711488e-01	4.117260e+01	1.369111e+00
5.758370e-01	3.705324e+01	1.319093e+00
5.805253e-01	3.754151e+01	1.316936e+00
5.852135e-01	3.691926e+01	1.299113e+00
5.899017e-01	3.632363e+01	1.285648e+00
5.945900e-01	3.663784e+01	1.280138e+00
5.992782e-01	3.524927e+01	1.256179e+00
6.039664e-01	3.424287e+01	1.239550e+00
6.086546e-01	3.393534e+01	1.228542e+00
6.133429e-01	3.322257e+01	1.212720e+00
6.180311e-01	3.289826e+01	1.204120e+00
6.227193e-01	3.258232e+01	1.192347e+00
6.274076e-01	2.990104e+01	1.161157e+00
6.320958e-01	2.860295e+01	1.143472e+00
6.367840e-01	2.989695e+01	1.153985e+00
6.414722e-01	2.865090e+01	1.137553e+00
6.461605e-01	2.704986e+01	1.118380e+00
6.508487e-01	2.680250e+01	1.114816e+00
6.555369e-01	2.499390e+01	1.090479e+00
6.602252e-01	2.589419e+01	1.098736e+00
6.649134e-01	2.497617e+01	1.086577e+00
6.696016e-01	2.562715e+01	1.090115e+00
6.742898e-01	2.513088e+01	1.081564e+00
6.789781e-01	2.291643e+01	1.057836e+00
6.836663e-01	2.263380e+01	1.052457e+00
6.883545e-01	2.179887e+01	1.040299e+00
6.930428e-01	2.148772e+01	1.034778e+00
6.977310e-01	2.152624e+01	1.032481e+00
7.024192e-01	2.050144e+01	1.019008e+00
7.071074e-01	2.004563e+01	1.012116e+00
7.117957e-01	2.032845e+01	1.013378e+00
7.164839e-01	1.980920e+01	1.004834e+00
7.211721e-01	1.816544e+01	9.848586e-01
7.258604e-01	1.919330e+01	9.933544e-01
7.305486e-01	1.912494e+01	9.912292e-01
7.352368e-01	1.668944e+01	9.622547e-01
7.399251e-01	1.651201e+01	9.572964e-01
7.446133e-01	1.648862e+01	9.554127e-01
7.493015e-01	1.739226e+01	9.653384e-01
7.539897e-01	1.578021e+01	9.427185e-01
7.586780e-01	1.654931e+01	9.501224e-01
7.633662e-01	1.612298e+01	9.444267e-01
7.680544e-01	1.591603e+01	9.397111e-01
7.727427e-01	1.478479e+01	9.239098e-01
7.774309e-01	1.423705e+01	9.171079e-01
7.821191e-01	1.353012e+01	9.074029e-01
7.868073e-01	1.413445e+01	9.108505e-01
7.914956e-01	1.375839e+01	9.056786e-01
7.961838e-01	1.299950e+01	8.948861e-01
8.008720e-01	1.323200e+01	8.964862e-01
8.055603e-01	1.218296e+01	8.829753e-01
8.102485e-01	1.063609e+01	8.647482e-01
8.149367e-01	1.107155e+01	8.662091e-01
8.196249e-01	1.197883e+01	8.741055e-01
8.243132e-01	1.174663e+01	8.696324e-01
8.290014e-01	1.055908e+01	8.548168e-01
8.336896e-01	1.125172e+01	8.617999e-01
8.383779e-01	1.054339e+01	8.510621e-01
8.430661e-01	9.983455e+00	8.437095e-01
8.477543e-01	1.057864e+01	8.506706e-01
8.524425e-01	1.017603e+01	8.435105e-01
8.571308e-01	1.011532e+01	8.423094e-01
8.618190e-01	9.415410e+00	8.300009e-01
8.665072e-01	9.106800e+00	8.240598e-01
8.711955e-01	9.256600e+00	8.241634e-01
8.758837e-01	8.784715e+00	8.179543e-01
8.805719e-01	7.824100e+00	8.055645e-01
8.852602e-01	8.882000e+00	8.176050e-01
8.899484e-01	9.128130e+00	8.175899e-01
8.946366e-01	8.412065e+00	8.077471e-01
8.993248e-01	7.579005e+00	7.965978e-01
9.040131e-01	7.254155e+00	7.919492e-01
9.087013e-01	7.987185e+00	7.989573e-01
9.133895e-01	7.538340e+00	7.911090e-01
9.180778e-01	6.882885e+00	7.802116e-01
9.227660e-01	7.083460e+00	7.810179e-01
9.274542e-01	7.566870e+00	7.872126e-01
9.321424e-01	6.639340e+00	7.730914e-01
9.368307e-01	6.101735e+00	7.669608e-01
9.415189e-01	6.782875e+00	7.735545e-01
9.462071e-01	6.227560e+00	7.667804e-01
9.508954e-01	6.206965e+00	7.627614e-01
9.555836e-01	5.248755e+00	7.506507e-01
9.602718e-01	5.710360e+00	7.570519e-01
9.649600e-01	6.652635e+00	7.652544e-01
9.696483e-01	6.441205e+00	7.608993e-01
9.743365e-01	5.081755e+00	7.448613e-01
9.790247e-01	4.839175e+00	7.391642e-01
9.837130e-01	4.696715e+00	7.367552e-01
9.884012e-01	5.751435e+00	7.473692e-01
9.930894e-01	5.019140e+00	7.377095e-01
9.977777e-01	3.917385e+00	7.228633e-01
1.002466e+00	5.389835e+00	7.404508e-01
1.007154e+00	4.454100e+00	7.264260e-01
1.011842e+00	5.422535e+00	7.364743e-01
1.016531e+00	4.019620e+00	7.203487e-01
1.021219e+00	4.009360e+00	7.183706e-01
1.025907e+00	4.255135e+00	7.199387e-01
1.030595e+00	4.246800e+00	7.187704e-01
1.035283e+00	3.275100e+00	7.058596e-01
1.039972e+00	3.507960e+00	7.082972e-01
1.044660e+00	3.969195e+00	7.135501e-01
1.049348e+00	4.751860e+00	7.201878e-01
1.054036e+00	4.638055e+00	7.173752e-01
1.058725e+00	4.861755e+00	7.179633e-01
1.063413e+00	3.322160e+00	6.998078e-01
1.068101e+00	4.659710e+00	7.146081e-01
1.072789e+00	3.900455e+00	7.040570e-01
1.077478e+00	3.793235e+00	7.016155e-01
1.082166e+00	3.752465e+00	7.000673e-01
1.086854e+00	3.559700e+00	6.970361e-01
1.091542e+00	2.849145e+00	6.859828e-01
1.096230e+00	3.885885e+00	6.969335e-01
1.100919e+00	2.673345e+00	6.822678e-01
1.105607e+00	2.819125e+00	6.835403e-01
1.110295e+00	3.280340e+00	6.875755e-01
1.114983e+00	2.688900e+00	6.792560e-01
1.119672e+00	3.676135e+00	6.900706e-01
1.124360e+00	3.064035e+00	6.821797e-01
1.129048e+00	3.420240e+00	6.844020e-01
1.133736e+00	3.794500e+00	6.869340e-01
1.138425e+00	3.654105e+00	6.854711e-01
1.143113e+00	3.521775e+00	6.815935e-01
1.147801e+00	3.552265e+00	6.823316e-01
1.152489e+00	2.927605e+00	6.729794e-01
1.157177e+00	3.294105e+00	6.754373e-01
1.161866e+00	2.549100e+00	6.669093e-01
1.166554e+00	2.811170e+00	6.681381e-01
1.171242e+00	3.265315e+00	6.733895e-01
1.175930e+00	3.100650e+00	6.697955e-01
1.180619e+00	3.432020e+00	6.725626e-01
1.185307e+00	3.467130e+00	6.721407e-01
1.189995e+00	3.010760e+00	6.664640e-01
1.194683e+00	2.627490e+00	6.605560e-01
1.199372e+00	2.587830e+00	6.594585e-01
1.204060e+00	2.533915e+00	6.581329e-01
1.208748e+00	2.965985e+00	6.635994e-01
1.213436e+00	1.916170e+00	6.490276e-01
1.218124e+00	1.616235e+00	6.437787e-01
1.222813e+00	2.049090e+00	6.488018e-01
1.227501e+00	2.360775e+00	6.514012e-01
1.232189e+00	2.219355e+00	6.492452e-01
1.236877e+00	2.797205e+00	6.534307e-01
1.241566e+00	3.231805e+00	6.571545e-01
1.246254e+00	2.834735e+00	6.539892e-01
1.250942e+00	2.729790e+00	6.670657e-01
1.255630e+00	2.307590e+00	6.804577e-01
1.260318e+00	2.274090e+00	6.907229e-01
1.265007e+00	3.085580e+00	7.087236e-01
1.269695e+00	2.496360e+00	7.095025e-01
1.274383e+00	2.715545e+00	7.197793e-01
1.279071e+00	1.371755e+00	7.110257e-01
1.283760e+00	1.313725e+00	7.152263e-01
1.288448e+00	3.171775e+00	7.449138e-01
1.293136e+00	3.578965e+00	7.553086e-01
1.297824e+00	3.049440e+00	7.543406e-01
1.302513e+00	1.903480e+00	7.447094e-01
1.307201e+00	1.325330e+00	7.390428e-01
1.311889e+00	1.828605e+00	7.443798e-01
1.316577e+00	2.676385e+00	7.311740e-01
1.321265e+00	1.059060e+00	6.920630e-01
1.325954e+00	1.603885e+00	6.866312e-01
1.330642e+00	2.910250e+00	6.932839e-01
1.335330e+00	1.845595e+00	6.714276e-01
1.340018e+00	2.633545e+00	6.753537e-01
1.344707e+00	1.788195e+00	6.607557e-01
1.349395e+00	9.701600e-01	6.453229e-01
1.354083e+00	1.547270e+00	6.466847e-01
1.358771e+00	1.944570e+00	6.471186e-01
1.363460e+00	2.217910e+00	6.475620e-01
1.368148e+00	1.006390e+00	6.313449e-01
1.372836e+00	2.593310e+00	6.462990e-01
1.377524e+00	2.095770e+00	6.397498e-01
1.382212e+00	1.865495e+00	6.362651e-01
1.386901e+00	1.817360e+00	6.342439e-01
1.391589e+00	1.695780e+00	6.312130e-01
1.396277e+00	1.821055e+00	6.319026e-01
1.400965e+00	1.297195e+00	6.248848e-01
1.405654e+00	2.603690e+00	6.386864e-01
1.410342e+00	2.471625e+00	6.357068e-01
1.415030e+00	2.524935e+00	6.352018e-01
1.419718e+00	2.906490e+00	6.389839e-01
1.424406e+00	1.361935e+00	6.191272e-01
1.429095e+00	1.467245e+00	6.187002e-01
1.433783e+00	1.930815e+00	6.235594e-01
1.438471e+00	1.676760e+00	6.200759e-01
1.443159e+00	2.127840e+00	6.233038e-01
1.447848e+00	1.594275e+00	6.159958e-01
1.452536e+00	1.604700e+00	6.156858e-01
1.457224e+00	2.227160e+00	6.211141e-01
1.461912e+00	1.583155e+00	6.139713e-01
1.466601e+00	2.027470e+00	6.165611e-01
1.471289e+00	2.025030e+00	6.158248e-01
1.475977e+00	1.525835e+00	6.101638e-01
1.480665e+00	1.404560e+00	6.075709e-01
1.485353e+00	1.947965e+00	6.237953e-01
1.490042e+00	2.227635e+00	6.458519e-01
1.494730e+00	1.323935e+00	6.460175e-01
1.499418e+00	5.645250e-01	6.435990e-01
1.504106e+00	2.197950e+00	6.712205e-01
1.508795e+00	1.438300e+00	6.685591e-01
1.513483e+00	1.519940e+00	6.560266e-01
1.518171e+00	1.453155e+00	6.400824e-01
1.522859e+00	3.261020e+00	6.489207e-01
1.527548e+00	1.207185e+00	6.200629e-01
1.532236e+00	1.144280e+00	6.138695e-01
1.536924e+00	1.228845e+00	6.100853e-01
1.541612e+00	1.368570e+00	6.075663e-01
1.546300e+00	1.347725e+00	6.065794e-01
1.550989e+00	8.423100e-01	5.990718e-01
1.555677e+00	1.044315e+00	5.982934e-01
1.560365e+00	1.644045e+00	6.004243e-01
1.565053e+00	1.730750e+00	5.997593e-01
1.569742e+00	1.553095e+00	5.947511e-01
1.574430e+00	1.229025e+00	5.897331e-01
1.579118e+00	1.641670e+00	5.947960e-01
1.583806e+00	8.618650e-01	5.869973e-01
1.588495e+00	1.533715e+00	5.955181e-01
1.593183e+00	9.955800e-01	5.899833e-01
1.597871e+00	1.625900e+00	5.956025e-01
1.602559e+00	1.101460e+00	5.894018e-01
1.607247e+00	9.724550e-01	5.870812e-01
1.611936e+00	1.045235e+00	5.869871e-01
1.616624e+00	1.715820e+00	5.919260e-01
1.621312e+00	5.874850e-01	5.797323e-01
1.626000e+00	1.782980e+00	5.914710e-01
1.630689e+00	6.743950e-01	5.799048e-01
1.635377e+00	1.780160e+00	5.895142e-01
1.640065e+00	1.794945e+00	5.884559e-01
1.644753e+00	1.265395e+00	5.832851e-01
1.649441e+00	3.156600e-01	5.724810e-01
1.654130e+00	7.028550e-01	5.752308e-01
1.658818e+00	1.213695e+00	5.805420e-01
1.663506e+00	1.070265e+00	5.774797e-01
1.668194e+00	1.410615e+00	5.799513e-01
1.672883e+00	1.862060e+00	5.843517e-01
1.677571e+00	1.214055e+00	5.759573e-01
1.682259e+00	4.379000e-01	5.682442e-01
1.686947e+00	8.741250e-01	5.701167e-01
1.691636e+00	3.430500e-01	5.642619e-01
1.696324e+00	4.966650e-01	5.653605e-01
1.701012e+00	1.521725e+00	5.741221e-01
1.705700e+00	7.743150e-01	5.672838e-01
1.710388e+00	7.775900e-01	5.662025e-01
1.715077e+00	6.618050e-01	5.637891e-01
1.719765e+00	1.103950e+00	5.676745e-01
1.724453e+00	5.574450e-01	5.619563e-01
1.729141e+00	6.695200e-01	5.623266e-01
1.733830e+00	1.553010e+00	5.691736e-01
1.738518e+00	2.984400e-01	5.557898e-01
1.743206e+00	5.739000e-02	5.531062e-01
1.747894e+00	5.730950e-01	5.581335e-01
1.752583e+00	6.329050e-01	5.582663e-01
1.757271e+00	7.668250e-01	5.581317e-01
1.761959e+00	3.856450e-01	5.544439e-01
1.766647e+00	6.626800e-01	5.562126e-01
1.771335e+00	7.541850e-01	5.561731e-01
1.776024e+00	5.809950e-01	5.539286e-01
1.780712e+00	1.804550e-01	5.501289e-01
1.785400e+00	1.335435e+00	5.597948e-01
1.790088e+00	7.972200e-01	5.528341e-01
1.794777e+00	7.074500e-01	5.531970e-01
1.799465e+00	6.293500e-01	5.508041e-01
1.804153e+00	1.668975e+00	5.604242e-01
1.808841e+00	1.219625e+00	5.552812e-01
1.813530e+00	6.864650e-01	5.488449e-01
1.818218e+00	1.188290e+00	5.533095e-01
1.822906e+00	6.662550e-01	5.482858e-01
1.827594e+00	4.070200e-01	5.446209e-01
1.832282e+00	1.673120e+00	5.554080e-01
1.836971e+00	9.548200e-01	5.490592e-01
1.841659e+00	4.718250e-01	5.429294e-01
1.846347e+00	5.894050e-01	5.438837e-01
1.851035e+00	3.708000e-02	5.362478e-01
1.855724e+00	8.249250e-01	5.446739e-01
1.860412e+00	1.200165e+00	5.482324e-01
1.865100e+00	6.564400e-01	5.416569e-01
1.869788e+00	6.583150e-01	5.408053e-01
1.874476e+00	3.368150e-01	5.381059e-01
1.879165e+00	1.199040e+00	5.451842e-01
1.883853e+00	7.223400e-01	5.393040e-01
1.888541e+00	-1.721600e-01	5.291701e-01
1.893229e+00	-1.425050e-01	5.298924e-01
1.897918e+00	4.846100e-01	5.358406e-01
1.902606e+00	1.051205e+00	5.406889e-01
1.907294e+00	7.603600e-01	5.372172e-01
1.911982e+00	9.898850e-01	5.382275e-01
1.916671e+00	9.078550e-01	5.370112e-01
1.921359e+00	4.473850e-01	5.317823e-01
1.926047e+00	1.089235e+00	5.384098e-01
1.930735e+00	7.162500e-02	5.266560e-01
1.935423e+00	2.259850e-01	5.272293e-01
1.940112e+00	3.936150e-01	5.273781e-01
1.944800e+00	1.106570e+00	5.346049e-01
1.949488e+00	4.342400e-01	5.265978e-01
1.954176e+00	6.210300e-01	5.279580e-01
1.958865e+00	6.323150e-01	5.252180e-01
1.963553e+00	9.701100e-01	5.289416e-01
1.968241e+00	5.121100e-01	5.230279e-01
1.972929e+00	5.926800e-01	5.237728e-01
1.977618e+00	3.559950e-01	5.206396e-01
1.982306e+00	2.999800e-01	5.192217e-01
1.986994e+00	-4.107800e-01	5.119942e-01
1.991682e+00	3.553550e-01	5.201038e-01
1.996370e+00	9.149450e-01	5.245432e-01
2.001059e+00	1.379035e+00	5.313879e-01
2.005747e+00	4.872850e-01	5.214571e-01
2.010435e+00	8.665750e-01	5.244999e-01
2.015123e+00	7.063750e-01	5.225863e-01
2.019812e+00	1.159650e-01	5.163236e-01
2.024500e+00	3.348100e-01	5.179712e-01
2.029188e+00	4.543600e-01	5.183613e-01
2.033876e+00	1.134120e+00	5.241683e-01
2.038565e+00	4.840200e-01	5.161959e-01
2.043253e+00	9.050250e-01	5.209260e-01
2.047941e+00	3.350450e-01	5.158169e-01
2.052629e+00	1.233300e+00	5.269325e-01
2.057317e+00	7.385950e-01	5.365573e-01
2.062006e+00	1.235980e+00	5.507220e-01
2.066694e+00	1.197310e+00	5.574993e-01
2.071382e+00	4.434750e-01	5.546485e-01
2.076070e+00	7.518000e-01	5.639759e-01
2.080759e+00	3.910800e-01	5.650591e-01
2.085447e+00	2.496300e-01	5.666323e-01
2.090135e+00	8.973100e-01	5.762883e-01
2.094823e+00	3.745450e-01	5.720902e-01
2.099511e+00	1.868300e-01	5.721178e-01
2.104200e+00	1.195980e+00	5.842163e-01
2.108888e+00	6.044800e-01	5.786584e-01
2.113576e+00	-3.270100e-01	5.697276e-01
2.118264e+00	3.750000e-01	5.718201e-01
2.122953e+00	1.403540e+00	5.670015e-01
2.127641e+00	1.024170e+00	5.520250e-01
2.132329e+00	1.050185e+00	5.470669e-01
2.137017e+00	1.352575e+00	5.440711e-01
2.141706e+00	1.448415e+00	5.400673e-01
2.146394e+00	1.047455e+00	5.323190e-01
2.151082e+00	6.455650e-01	5.251119e-01
2.155770e+00	1.168940e+00	5.280708e-01
2.160458e+00	5.951050e-01	5.218909e-01
2.165147e+00	3.729200e-01	5.186126e-01
2.169835e+00	-1.886000e-02	5.130324e-01
2.174523e+00	6.422000e-01	5.186616e-01
2.179211e+00	-4.447500e-02	5.111286e-01
2.183900e+00	8.039500e-02	5.115665e-01
2.188588e+00	5.672200e-01	5.153118e-01
2.193276e+00	3.740000e-01	5.125186e-01
2.197964e+00	3.980450e-01	5.114096e-01
2.202653e+00	2.082150e-01	5.093379e-01
2.207341e+00	5.516950e-01	5.120578e-01
2.212029e+00	-8.748000e-02	5.047404e-01
2.216717e+00	-1.223000e-02	5.045288e-01
2.221405e+00	8.574700e-01	5.130377e-01
2.226094e+00	1.515510e+00	5.181137e-01
2.230782e+00	6.275450e-01	5.082534e-01
2.235470e+00	7.430700e-01	5.090301e-01
2.240158e+00	7.755600e-01	5.090952e-01
2.244847e+00	8.027100e-01	5.085371e-01
2.249535e+00	1.146800e-01	5.007571e-01
2.254223e+00	4.212350e-01	5.027770e-01
2.258911e+00	5.165750e-01	5.027537e-01
2.263600e+00	2.104200e-01	5.001167e-01
2.268288e+00	-5.241000e-02	4.972091e-01
2.272976e+00	6.865050e-01	5.035485e-01
2.277664e+00	5.051350e-01	5.011973e-01
2.282352e+00	6.877400e-01	5.015021e-01
2.287041e+00	5.106500e-01	5.001089e-01
2.291729e+00	1.728250e-01	4.958191e-01
2.296417e+00	5.243600e-01	4.982514e-01
2.301105e+00	5.736800e-01	4.983596e-01
2.305794e+00	-9.355000e-03	4.918008e-01
2.310482e+00	7.146750e-01	4.979697e-01
2.315170e+00	3.548350e-01	4.948582e-01
2.319858e+00	2.334300e-01	4.925517e-01
2.324546e+00	-2.720000e-03	4.900096e-01
2.329235e+00	6.283150e-01	4.943844e-01
2.333923e+00	3.161900e-01	4.919759e-01
2.338611e+00	1.661100e-01	4.899688e-01
2.343299e+00	2.412650e-01	4.905441e-01
2.347988e+00	1.225140e+00	4.974630e-01
2.352676e+00	1.076005e+00	4.963028e-01
2.357364e+00	5.648850e-01	4.911467e-01
2.362052e+00	1.082745e+00	4.955361e-01
2.366741e+00	8.173800e-01	4.936979e-01
2.371429e+00	5.642650e-01	4.900367e-01
2.376117e+00	1.276630e+00	4.961673e-01
2.380805e+00	8.584350e-01	4.917763e-01
2.385493e+00	3.461000e-01	4.862338e-01
2.390182e+00	2.361150e-01	4.850363e-01
2.394870e+00	7.974500e-01	4.899857e-01
2.399558e+00	-2.098750e-01	4.794564e-01
2.404246e+00	1.374100e-01	4.817030e-01
2.408935e+00	4.539150e-01	4.845883e-01
2.413623e+00	6.614450e-01	4.865997e-01
2.418311e+00	4.638950e-01	4.836314e-01
2.422999e+00	5.133500e-01	4.837755e-01
2.427688e+00	-1.167400e-01	4.769404e-01
2.432376e+00	1.101430e+00	4.882917e-01
2.437064e+00	-8.006500e-02	4.774817e-01
2.441752e+00	1.899800e-01	4.782494e-01
2.446440e+00	7.176600e-01	4.826175e-01
2.451129e+00	9.412400e-01	4.841921e-01
2.455817e+00	1.345670e+00	4.877452e-01
2.460505e+00	6.881100e-01	4.809239e-01
2.465193e+00	3.153600e-01	4.773445e-01
2.469882e+00	2.605150e-01	4.756758e-01
2.474570e+00	5.155850e-01	4.778931e-01
2.479258e+00	6.457300e-01	4.788489e-01
2.483946e+00	1.122050e-01	4.734981e-01
2.488634e+00	4.041600e-01	4.755214e-01
2.493323e+00	6.905050e-01	4.778453e-01
2.498011e+00	7.979100e-01	4.790671e-01
2.502699e+00	6.486250e-01	4.763406e-01
2.507387e+00	6.192800e-01	4.763049e-01
2.512076e+00	6.548100e-01	4.761616e-01
2.516764e+00	-1.731100e-01	4.677139e-01
2.521452e+00	1.168800e-01	4.698391e-01
2.526140e+00	3.682700e-01	4.715943e-01
2.530829e+00	7.128150e-01	4.742800e-01
2.535517e+00	1.060545e+00	4.765310e-01
2.540205e+00	7.980000e-02	4.661958e-01
2.544893e+00	-3.544550e-01	4.621500e-01
2.549581e+00	-6.650000e-03	4.639393e-01
2.554270e+00	8.507000e-01	4.711752e-01
2.558958e+00	9.200800e-01	4.717350e-01
2.563646e+00	6.932100e-01	4.690242e-01
2.568334e+00	5.177300e-01	4.672048e-01
2.573023e+00	-7.361000e-02	4.613367e-01
2.577711e+00	-1.737800e-01	4.591583e-01
2.582399e+00	4.389350e-01	4.645766e-01
2.587087e+00	3.599300e-01	4.637324e-01
2.591776e+00	1.571150e-01	4.622902e-01
2.596464e+00	1.551500e-01	4.622733e-01
2.601152e+00	4.303100e-01	4.640795e-01
2.605840e+00	-2.805350e-01	4.582999e-01
2.610528e+00	4.936400e-01	4.643108e-01
2.615217e+00	9.989800e-01	4.688883e-01
2.619905e+00	2.168650e-01	4.616915e-01
2.624593e+00	7.133000e-01	4.647304e-01
2.629281e+00	1.009550e+00	4.679558e-01
2.633970e+00	4.390500e-01	4.615098e-01
2.638658e+00	4.490100e-01	4.615183e-01
2.643346e+00	5.935400e-01	4.627724e-01
2.648034e+00	1.127500e+00	4.672680e-01
2.652723e+00	4.627150e-01	4.612216e-01
2.657411e+00	6.113150e-01	4.615068e-01
2.662099e+00	2.779650e-01	4.581070e-01
2.666787e+00	4.990550e-01	4.590734e-01
2.671475e+00	6.163300e-01	4.603836e-01
2.676164e+00	-1.064500e-01	4.535669e-01
2.680852e+00	-6.585300e-01	4.487172e-01
2.685540e+00	6.905800e-01	4.601213e-01
2.690228e+00	4.248750e-01	4.575461e-01
2.694917e+00	2.192850e-01	4.550665e-01
2.699605e+00	2.843400e-01	4.552020e-01
2.704293e+00	2.998200e-01	4.549734e-01
2.708981e+00	7.969850e-01	4.584054e-01
2.713669e+00	4.494050e-01	4.555345e-01
2.718358e+00	2.865550e-01	4.532580e-01
2.723046e+00	1.270500e-02	4.506651e-01
2.727734e+00	-8.102500e-02	4.494467e-01
2.732422e+00	2.633900e-01	4.517899e-01
2.737111e+00	3.780050e-01	4.521632e-01
2.741799e+00	7.523650e-01	4.559557e-01
2.746487e+00	1.735250e-01	4.499810e-01
2.751175e+00	2.869250e-01	4.506651e-01
2.755864e+00	6.225650e-01	4.526629e-01
2.760552e+00	3.826500e-02	4.474389e-01
2.765240e+00	3.294500e-01	4.498101e-01
2.769928e+00	6.519700e-01	4.527350e-01
2.774616e+00	5.365650e-01	4.512458e-01
2.779305e+00	1.389950e-01	4.470992e-01
2.783993e+00	4.095250e-01	4.489018e-01
2.788681e+00	5.107350e-01	4.491023e-01
2.793369e+00	5.293650e-01	4.494869e-01
2.798058e+00	2.158650e-01	4.464420e-01
2.802746e+00	6.237000e-01	4.497835e-01
2.807434e+00	2.745950e-01	4.460511e-01
2.812122e+00	8.253250e-01	4.507874e-01
2.816811e+00	3.323350e-01	4.459726e-01
2.821499e+00	6.972000e-02	4.434756e-01
2.826187e+00	5.781250e-01	4.473740e-01
2.830875e+00	3.190700e-01	4.442375e-01
2.835563e+00	7.871400e-01	4.483876e-01
2.840252e+00	4.298250e-01	4.443970e-01
2.844940e+00	6.519100e-01	4.465790e-01
2.849628e+00	7.372150e-01	4.468724e-01
2.854316e+00	5.887500e-01	4.457114e-01
2.859005e+00	4.591700e-01	4.520762e-01
2.863693e+00	5.054750e-01	4.627246e-01
2.868381e+00	3.645000e-01	4.673292e-01
2.873069e+00	5.435150e-01	4.741249e-01
2.877758e+00	-2.107500e-02	4.728821e-01
2.882446e+00	1.548750e-01	4.765515e-01
2.887134e+00	-5.095500e-02	4.758199e-01
2.891822e+00	-1.007790e+00	4.686789e-01
2.896510e+00	3.970050e-01	4.840154e-01
2.901199e+00	7.068250e-01	4.880418e-01
2.905887e+00	5.547550e-01	4.877004e-01
2.910575e+00	6.679350e-01	4.893176e-01
2.915263e+00	7.318800e-01	4.912041e-01
2.919952e+00	1.864700e-01	4.864360e-01
2.924640e+00	5.403800e-01	4.770239e-01
2.929328e+00	-6.216650e-01	4.578702e-01
2.934016e+00	-6.076050e-01	4.516402e-01
2.938704e+00	-2.297300e-01	4.521836e-01
2.943393e+00	-2.342000e-01	4.489489e-01
2.948081e+00	1.331750e-01	4.497150e-01
2.952769e+00	6.862700e-01	4.537571e-01
2.957457e+00	1.477000e-01	4.480533e-01
2.962146e+00	1.243300e-01	4.460348e-01
2.966834e+00	2.607050e-01	4.463625e-01
2.971522e+00	-3.316000e-01	4.405249e-01
2.976210e+00	-4.086450e-01	4.408006e-01
2.980899e+00	-1.649000e-01	4.421710e-01
2.985587e+00	3.019750e-01	4.444118e-01
2.990275e+00	6.037050e-01	4.457749e-01
2.994963e+00	1.689000e-02	4.406005e-01
2.999651e+00	1.369350e-01	4.410051e-01
3.004340e+00	-1.928500e-01	4.383102e-01
3.009028e+00	9.391500e-01	4.472802e-01
3.013716e+00	8.900750e-01	4.460242e-01
3.018404e+00	2.812750e-01	4.402523e-01
3.023093e+00	3.381350e-01	4.400772e-01
3.027781e+00	7.268700e-01	4.424756e-01
3.032469e+00	7.590300e-01	4.430805e-01
3.037157e+00	1.299595e+00	4.467355e-01
3.041846e+00	8.204900e-01	4.427204e-01
3.046534e+00	2.936450e-01	4.371290e-01
3.051222e+00	3.815200e-01	4.375359e-01
3.055910e+00	2.077400e-01	4.352110e-01
3.060598e+00	-6.564000e-02	4.334653e-01
3.065287e+00	2.807250e-01	4.352230e-01
3.069975e+00	-1.847900e-01	4.306211e-01
3.074663e+00	3.778050e-01	4.353040e-01
3.079351e+00	9.804100e-01	4.397988e-01
3.084040e+00	5.626050e-01	4.356170e-01
3.088728e+00	9.378000e-02	4.312437e-01
3.093416e+00	7.197000e-01	4.364170e-01
3.098104e+00	1.005330e+00	4.381243e-01
3.102793e+00	4.014900e-01	4.330944e-01
3.107481e+00	2.152150e-01	4.312759e-01
3.112169e+00	4.243100e-01	4.321499e-01
3.116857e+00	2.755450e-01	4.305979e-01
3.121545e+00	3.817950e-01	4.306432e-01
3.126234e+00	-2.242450e-01	4.260833e-01
3.130922e+00	-3.215300e-01	4.245379e-01
3.135610e+00	-3.611450e-01	4.236981e-01
3.140298e+00	6.873200e-01	4.319034e-01
3.144987e+00	3.688450e-01	4.293056e-01
3.149675e+00	2.834050e-01	4.278926e-01
3.154363e+00	5.569100e-01	4.293244e-01
3.159051e+00	7.042350e-01	4.306109e-01
3.163739e+00	4.610500e-02	4.246371e-01
3.168428e+00	1.408450e-01	4.252506e-01
3.173116e+00	1.013665e+00	4.320083e-01
3.177804e+00	2.843950e-01	4.255333e-01
3.182492e+00	-3.310550e-01	4.205613e-01
3.187181e+00	-1.438300e-01	4.214167e-01
3.191869e+00	1.206950e-01	4.229250e-01
3.196557e+00	6.775000e-02	4.220405e-01
3.201245e+00	-4.335500e-02	4.214441e-01
3.205934e+00	1.587250e-01	4.225937e-01
3.210622e+00	5.422300e-01	4.255743e-01
3.215310e+00	-1.350250e-01	4.196360e-01
3.219998e+00	-3.915650e-01	4.165652e-01
3.224686e+00	-2.249750e-01	4.174534e-01
3.229375e+00	2.420500e-02	4.180884e-01
3.234063e+00	3.622200e-01	4.205679e-01
3.238751e+00	4.663750e-01	4.215162e-01
3.243439e+00	3.057750e-01	4.193138e-01
3.248128e+00	-1.012100e-01	4.155705e-01
3.252816e+00	1.514600e-01	4.181154e-01
3.257504e+00	5.730000e-02	4.161597e-01
3.262192e+00	-1.423550e-01	4.146032e-01
3.266881e+00	4.760600e-01	4.187039e-01
3.271569e+00	4.319150e-01	4.180993e-01
3.276257e+00	8.194250e-01	4.215449e-01
3.280945e+00	-2.606000e-02	4.145984e-01
3.285633e+00	-6.372500e-02	4.147185e-01
3.290322e+00	3.450150e-01	4.181018e-01
3.295010e+00	3.773550e-01	4.179216e-01
3.299698e+00	1.072305e+00	4.230577e-01
3.304386e+00	9.918850e-01	4.220677e-01
3.309075e+00	1.180550e-01	4.147260e-01
3.313763e+00	-3.550000e-03	4.130369e-01
3.318451e+00	-2.884250e-01	4.110246e-01
3.323139e+00	-8.282000e-02	4.121386e-01
3.327828e+00	1.738250e-01	4.142339e-01
3.332516e+00	2.842550e-01	4.147451e-01
3.337204e+00	2.541400e-01	4.137968e-01
3.341892e+00	-2.662800e-01	4.098612e-01
3.346580e+00	7.677400e-01	4.171918e-01
3.351269e+00	8.680600e-01	4.178245e-01
3.355957e+00	2.189650e-01	4.143616e-01
3.360645e+00	1.458600e-01	4.228438e-01
3.365333e+00	5.099000e-02	4.287736e-01
3.370022e+00	6.190550e-01	4.380943e-01
3.374710e+00	2.679150e-01	4.367599e-01
3.379398e+00	6.497100e-01	4.413983e-01
3.384086e+00	1.573535e+00	4.507858e-01
3.388774e+00	2.959050e-01	4.401728e-01
3.393463e+00	5.351750e-01	4.426894e-01
3.398151e+00	4.603600e-01	4.415381e-01
3.402839e+00	5.384450e-01	4.430335e-01
3.407527e+00	1.715000e-03	4.394915e-01
3.412216e+00	3.123250e-01	4.438094e-01
3.416904e+00	3.008050e-01	4.436234e-01
3.421592e+00	-7.215000e-02	4.409069e-01
3.426280e+00	4.680900e-01	4.466764e-01
3.430969e+00	2.483800e-01	4.456746e-01
3.435657e+00	4.762400e-01	4.482015e-01
3.440345e+00	6.199650e-01	4.501590e-01
3.445033e+00	-3.512000e-02	4.458395e-01
3.449721e+00	6.877600e-01	4.517494e-01
3.454410e+00	3.501550e-01	4.494411e-01
3.459098e+00	1.016300e-01	4.481339e-01
3.463786e+00	2.494300e-01	4.496739e-01
3.468474e+00	-4.128050e-01	4.445271e-01
3.473163e+00	2.811050e-01	4.515379e-01
3.477851e+00	4.320200e-01	4.527962e-01
3.482539e+00	7.275200e-01	4.564096e-01
3.487227e+00	7.635450e-01	4.566174e-01
3.491916e+00	1.126470e+00	4.616035e-01
3.496604e+00	3.711100e-01	4.550855e-01
3.501292e+00	8.548150e-01	4.591591e-01
3.505980e+00	8.543050e-01	4.596942e-01
3.510668e+00	4.257000e-02	4.533713e-01
3.515357e+00	3.890250e-01	4.569318e-01
3.520045e+00	-2.469950e-01	4.511642e-01
3.524733e+00	1.031000e-02	4.540192e-01
3.529421e+00	2.755950e-01	4.566426e-01
3.534110e+00	-3.586000e-02	4.539338e-01
3.538798e+00	4.210150e-01	4.589411e-01
3.543486e+00	-9.690500e-02	4.546383e-01
3.548174e+00	8.234500e-02	4.574530e-01
3.552863e+00	5.731600e-01	4.623657e-01
3.557551e+00	9.875300e-01	4.668246e-01
3.562239e+00	7.286750e-01	4.642090e-01
3.566927e+00	4.616650e-01	4.617096e-01
3.571615e+00	3.720600e-01	4.610773e-01
3.576304e+00	9.879000e-02	4.593023e-01
3.580992e+00	1.430300e-01	4.599481e-01
3.585680e+00	6.401700e-01	4.634783e-01
3.590368e+00	4.193700e-01	4.612901e-01
3.595057e+00	6.072200e-01	4.632061e-01
3.599745e+00	2.104000e-01	4.586370e-01
3.604433e+00	-2.382100e-01	4.546286e-01
3.609121e+00	-1.760000e-02	4.569761e-01
3.613809e+00	-1.121600e-01	4.558163e-01
3.618498e+00	9.369500e-02	4.575478e-01
3.623186e+00	7.502600e-01	4.636276e-01
3.627874e+00	4.914050e-01	4.619601e-01
3.632562e+00	-3.034500e-02	4.577260e-01
3.637251e+00	5.118300e-01	4.636275e-01
3.641939e+00	7.313350e-01	4.655000e-01
3.646627e+00	4.466950e-01	4.625657e-01
3.651315e+00	9.503400e-01	4.675297e-01
3.656004e+00	4.096150e-01	4.642909e-01
3.660692e+00	1.258150e-01	4.706392e-01
3.665380e+00	2.692900e-01	4.875060e-01
3.670068e+00	9.391750e-01	5.017361e-01
3.674756e+00	1.125060e+00	5.110532e-01
3.679445e+00	-3.220500e-02	5.055323e-01
3.684133e+00	-1.104750e-01	5.079971e-01
3.688821e+00	-3.737000e-02	5.120596e-01
3.693509e+00	2.761050e-01	5.179282e-01
3.698198e+00	1.571100e-01	5.190696e-01
3.702886e+00	4.933000e-02	5.213498e-01
3.707574e+00	-6.807050e-01	5.162866e-01
3.712262e+00	-3.462000e-02	5.263227e-01
3.716951e+00	-1.121650e-01	5.279565e-01
3.721639e+00	-1.643200e-01	5.295988e-01
3.726327e+00	3.814400e-01	5.371298e-01
3.731015e+00	2.388900e-01	5.376117e-01
3.735703e+00	3.285500e-01	5.415822e-01
3.740392e+00	5.250300e-01	5.459997e-01
3.745080e+00	9.525550e-01	5.532615e-01
3.749768e+00	1.056470e+00	5.563984e-01
3.754456e+00	7.520300e-01	5.556331e-01
3.759145e+00	1.014155e+00	5.607859e-01
3.763833e+00	4.409650e-01	5.564810e-01
3.768521e+00	4.356500e-01	5.578437e-01
3.773209e+00	1.391000e-01	5.575805e-01
3.777897e+00	1.220140e+00	5.715531e-01
3.782586e+00	8.452800e-01	5.702609e-01
3.787274e+00	7.416600e-01	5.714506e-01
3.791962e+00	5.304400e-01	5.697012e-01
3.796650e+00	1.150150e-01	5.679898e-01
3.801339e+00	3.533500e-01	5.731306e-01
3.806027e+00	1.242555e+00	5.859279e-01
3.810715e+00	7.418400e-01	5.816286e-01
3.815403e+00	2.632400e-01	5.790891e-01
3.820092e+00	2.530050e-01	5.817601e-01
3.824780e+00	5.311450e-01	5.850654e-01
3.829468e+00	-5.061100e-01	5.765246e-01
3.834156e+00	3.493250e-01	5.873412e-01
3.838844e+00	1.447565e+00	6.026805e-01
3.843533e+00	4.898750e-01	5.940201e-01
3.848221e+00	4.540000e-03	5.905915e-01
3.852909e+00	-1.460300e-01	5.900850e-01
3.857597e+00	2.200600e-01	5.971709e-01
3.862286e+00	3.409050e-01	6.015397e-01
3.866974e+00	2.377700e-01	6.022151e-01
3.871662e+00	1.191280e+00	6.141317e-01
3.876350e+00	3.373050e-01	6.060573e-01
3.881039e+00	2.765700e-01	6.080235e-01
3.885727e+00	-3.212750e-01	6.029155e-01
3.890415e+00	1.044000e+00	6.211846e-01
3.895103e+00	1.593035e+00	6.304758e-01
3.899791e+00	1.450695e+00	6.302518e-01
3.904480e+00	8.602900e-01	6.268473e-01
3.909168e+00	8.750750e-01	6.283287e-01
3.913856e+00	7.938250e-01	6.306536e-01
3.918544e+00	1.145350e-01	6.248292e-01
3.923233e+00	-2.213900e-01	6.224894e-01
3.927921e+00	-5.758800e-01	6.190655e-01
3.932609e+00	3.687500e-01	6.334744e-01
3.937297e+00	6.854100e-01	6.384977e-01
3.941986e+00	6.510600e-01	6.373864e-01
3.946674e+00	9.023200e-01	6.409215e-01
3.951362e+00	3.588800e-01	6.356557e-01
3.956050e+00	7.378150e-01	6.385665e-01
3.960738e+00	2.558050e-01	6.327471e-01
3.965427e+00	1.915750e-01	6.333296e-01
3.970115e+00	7.195200e-01	6.409049e-01
3.974803e+00	8.071500e-02	6.360861e-01
3.979491e+00	4.450600e-01	6.423701e-01
3.984180e+00	-3.235000e-02	6.376884e-01
3.988868e+00	-6.100300e-01	6.346757e-01
3.993556e+00	-3.565500e-01	6.389749e-01
3.998244e+00	7.522000e-02	6.450732e-01
4.002932e+00	8.560000e-03	6.470440e-01
4.007621e+00	4.191000e-01	6.556062e-01
4.012309e+00	9.159050e-01	6.624149e-01
4.016997e+00	7.715300e-01	6.623672e-01
4.021685e+00	4.006000e-01	6.599526e-01
4.026374e+00	1.001800e-01	6.597628e-01
4.031062e+00	2.024300e-01	6.623833e-01
4.035750e+00	1.990000e-03	6.638536e-01
4.040438e+00	8.663950e-01	6.776172e-01
4.045127e+00	1.309040e+00	6.842705e-01
4.049815e+00	2.594050e-01	6.736420e-01
4.054503e+00	-3.280450e-01	6.678760e-01
4.059191e+00	6.666450e-01	6.821127e-01
4.063879e+00	3.695000e-01	6.809279e-01
4.068568e+00	3.492500e-02	6.792488e-01
4.073256e+00	-4.519200e-01	6.751163e-01
4.077944e+00	8.272750e-01	6.932397e-01
4.082632e+00	7.476200e-01	6.941919e-01
4.087321e+00	6.356800e-01	6.966659e-01
4.092009e+00	1.618150e-01	6.934590e-01
4.096697e+00	1.143650e+00	7.099962e-01
4.101385e+00	9.800050e-01	7.075496e-01
4.106074e+00	3.437450e-01	7.029049e-01
4.110762e+00	-1.797900e-01	6.970621e-01
4.115450e+00	4.826600e-01	7.095351e-01
4.120138e+00	1.236945e+00	7.240257e-01
4.124826e+00	-1.268850e-01	7.071014e-01
4.129515e+00	2.050500e-01	7.158851e-01
4.134203e+00	6.660500e-01	7.226653e-01
4.138891e+00	9.166200e-01	7.296226e-01
4.143579e+00	-3.066050e-01	7.141983e-01
4.148268e+00	7.222000e-02	7.236194e-01
4.152956e+00	1.619550e-01	7.272652e-01
4.157644e+00	9.740050e-01	7.388454e-01
4.162332e+00	1.219065e+00	7.471156e-01
4.167021e+00	8.870300e-01	7.455128e-01
4.171709e+00	-6.136650e-01	7.244665e-01
4.176397e+00	-1.975400e-01	7.343710e-01
4.181085e+00	5.808450e-01	7.477218e-01
4.185773e+00	8.627400e-01	7.544948e-01
4.190462e+00	8.282950e-01	7.585950e-01
4.195150e+00	2.892300e-01	7.545642e-01
4.199838e+00	3.823500e-02	7.519272e-01
4.204526e+00	1.052000e-01	7.548720e-01
4.209215e+00	-3.507000e-01	7.524576e-01
4.213903e+00	-1.624430e+00	7.351008e-01
4.218591e+00	-1.672250e-01	7.603669e-01
4.223279e+00	7.146750e-01	7.784382e-01
4.227967e+00	1.650250e-01	7.715815e-01
4.232656e+00	4.570400e-01	7.803283e-01
4.237344e+00	3.276350e-01	7.806204e-01
4.242032e+00	-5.176900e-01	7.697534e-01
4.246720e+00	-8.726650e-01	7.667267e-01
4.251409e+00	-1.942050e-01	7.820941e-01
4.256097e+00	-1.125195e+00	7.738363e-01
4.260785e+00	6.011200e-01	8.022318e-01
4.265473e+00	3.077050e-01	7.996238e-01
4.270162e+00	1.258750e-01	8.006514e-01
4.274850e+00	-3.485000e-02	8.051163e-01
4.279538e+00	-5.252800e-01	8.014044e-01
4.284226e+00	-1.813000e-01	8.067115e-01
4.288914e+00	6.317950e-01	8.232617e-01
4.293603e+00	1.416225e+00	8.368610e-01
4.298291e+00	8.829300e-01	8.321098e-01
4.302979e+00	3.949750e-01	8.265197e-01
4.307667e+00	-2.119000e-02	8.249749e-01
4.312356e+00	4.389350e-01	8.342722e-01
4.317044e+00	1.305165e+00	8.540261e-01
4.321732e+00	5.218100e-01	8.425542e-01
4.326420e+00	3.738150e-01	8.464916e-01
4.331109e+00	6.115600e-01	8.550510e-01
4.335797e+00	1.396760e+00	8.686875e-01
4.340485e+00	8.557600e-01	8.665515e-01
4.345173e+00	8.530100e-01	8.687717e-01
4.349861e+00	9.854100e-01	8.770367e-01
4.354550e+00	-1.211500e-01	8.622467e-01
4.359238e+00	-2.948450e-01	8.609406e-01
4.363926e+00	-4.363150e-01	8.631990e-01
4.368614e+00	-4.882350e-01	8.679734e-01
4.373303e+00	-1.231225e+00	8.574197e-01
4.377991e+00	3.941150e-01	8.910978e-01
4.382679e+00	2.663350e-01	8.907478e-01
4.387367e+00	4.600000e-04	8.897305e-01
4.392056e+00	3.108650e-01	9.012240e-01
4.396744e+00	-3.184700e-01	8.948444e-01
4.401432e+00	-3.841000e-02	9.044553e-01
4.406120e+00	2.576355e+00	9.526417e-01
4.410808e+00	4.151500e-01	9.168529e-01
4.415497e+00	-3.561050e-01	9.026903e-01
4.420185e+00	1.485250e+00	9.347729e-01
4.424873e+00	4.060300e-01	9.156220e-01
4.429561e+00	4.820900e-01	9.198970e-01
4.434250e+00	2.069095e+00	9.499912e-01
4.438938e+00	7.060350e-01	9.250168e-01
4.443626e+00	1.370955e+00	9.387313e-01
4.448314e+00	9.661700e-01	9.332951e-01
4.453002e+00	-1.474850e-01	9.174159e-01
4.457691e+00	-3.610650e-01	9.189772e-01
4.462379e+00	-5.413350e-01	9.210535e-01
4.467067e+00	1.111850e-01	9.354462e-01
4.471755e+00	-2.599500e-02	9.392142e-01
4.476444e+00	6.015450e-01	9.562051e-01
4.481132e+00	-1.894550e-01	9.474678e-01
4.485820e+00	-2.151000e-02	9.559309e-01
4.490508e+00	7.811800e-01	9.745495e-01
4.495197e+00	5.330350e-01	9.731062e-01
4.499885e+00	4.643850e-01	9.796554e-01
4.504573e+00	-7.277650e-01	9.601004e-01
4.509261e+00	-2.865000e-01	9.748490e-01
4.513949e+00	2.352550e-01	9.916956e-01
4.518638e+00	-1.558550e-01	9.892188e-01
4.523326e+00	1.178850e+00	1.019767e+00
4.528014e+00	2.062660e+00	1.039814e+00
4.532702e+00	7.340050e-01	1.026369e+00
4.537391e+00	-7.902150e-01	1.000033e+00
4.542079e+00	-5.832850e-01	1.010973e+00
4.546767e+00	-1.376715e+00	9.969581e-01
4.551455e+00	-8.852750e-01	1.017270e+00
4.556144e+00	5.475850e-01	1.053670e+00
4.560832e+00	-5.790750e-01	1.033862e+00
4.565520e+00	-3.582350e-01	1.046609e+00
4.570208e+00	3.760500e-01	1.069791e+00
4.574896e+00	-1.026950e-01	1.064014e+00
4.579585e+00	-4.904250e-01	1.065336e+00
4.584273e+00	4.587500e-01	1.094749e+00
4.588961e+00	4.501150e-01	1.103191e+00
4.593649e+00	5.378450e-01	1.107979e+00
4.598338e+00	3.915350e-01	1.112248e+00
4.603026e+00	-1.144415e+00	1.087156e+00
4.607714e+00	-2.881600e-01	1.116976e+00
4.612402e+00	2.448550e-01	1.133460e+00
4.617091e+00	-5.518200e-01	1.121485e+00
4.621779e+00	6.403600e-01	1.156145e+00
4.626467e+00	9.666600e-01	1.175059e+00
4.631155e+00	5.395450e-01	1.174187e+00
4.635843e+00	5.143600e-01	1.176706e+00
4.640532e+00	1.357665e+00	1.208879e+00
4.645220e+00	1.149735e+00	1.216431e+00
4.649908e+00	5.395950e-01	1.213101e+00
4.654596e+00	4.068550e-01	1.217702e+00
4.659285e+00	1.355845e+00	1.250185e+00
4.663973e+00	2.017360e+00	1.274835e+00
4.668661e+00	1.685800e-01	1.241497e+00
4.673349e+00	5.123000e-02	1.248910e+00
4.678037e+00	2.820150e-01	1.267070e+00
4.682726e+00	5.389000e-01	1.281135e+00
4.687414e+00	5.573850e-01	1.294161e+00
4.692102e+00	-9.071550e-01	1.266097e+00
4.696790e+00	-2.253915e+00	1.245485e+00
4.701479e+00	-2.236250e-01	1.312057e+00
4.706167e+00	1.015130e+00	1.355470e+00
4.710855e+00	1.999130e+00	1.388986e+00
4.715543e+00	-2.605500e-02	1.351269e+00
4.720232e+00	-5.691600e-01	1.353077e+00
4.724920e+00	1.688410e+00	1.425854e+00
4.729608e+00	-8.155100e-01	1.373464e+00
4.734296e+00	-1.056635e+00	1.377859e+00
4.738984e+00	9.906350e-01	1.451677e+00
4.743673e+00	2.145290e+00	1.501766e+00
4.748361e+00	1.128960e+00	1.486752e+00
4.753049e+00	1.509905e+00	1.509847e+00
4.757737e+00	6.222000e-01	1.513211e+00
4.762426e+00	3.498725e+00	1.611806e+00
4.767114e+00	2.140150e+00	1.594190e+00
4.771802e+00	7.447650e-01	1.570112e+00
4.776490e+00	-1.878100e+00	1.497997e+00
4.781179e+00	-1.240275e+00	1.550923e+00
4.785867e+00	-4.129450e-01	1.598856e+00
4.790555e+00	6.621200e-01	1.655252e+00
4.795243e+00	-2.754100e-01	1.645394e+00
4.799931e+00	1.680100e-01	1.689988e+00
4.804620e+00	2.107290e+00	1.771416e+00
4.809308e+00	-7.625300e-01	1.708906e+00
4.813996e+00	4.002200e-01	1.778730e+00
4.818684e+00	-1.036990e+00	1.754159e+00
4.823373e+00	1.080140e+00	1.854664e+00
4.828061e+00	-8.165000e-02	1.843847e+00
4.832749e+00	1.045660e+00	1.928412e+00
4.837437e+00	-1.290705e+00	1.884583e+00
4.842125e+00	-2.564165e+00	1.868017e+00
4.846814e+00	9.354350e-01	2.042674e+00
4.851502e+00	2.694540e+00	2.159404e+00
4.856190e+00	3.635970e+00	2.232382e+00
4.860878e+00	3.971790e+00	2.296944e+00
4.865567e+00	3.273685e+00	2.333884e+00
4.870255e+00	9.391250e-01	2.283736e+00
4.874943e+00	1.736410e+00	2.385603e+00
4.879631e+00	7.837100e-01	2.409507e+00
4.884320e+00	6.879350e-01	2.483956e+00
4.889008e+00	-2.134195e+00	2.417483e+00
4.893696e+00	-2.185405e+00	2.505801e+00
4.898384e+00	-6.201200e-01	2.697302e+00
4.903072e+00	3.382070e+00	3.022019e+00
4.907761e+00	4.999625e+00	3.255226e+00
4.912449e+00	2.038350e+00	4.320215e+00
4.917137e+00	-4.356095e+00	1.105071e+01
