# Sample description: GI
# Parent(s): ../20151214/GI_no_protection/1d/GI_np_030_00003.dat
# No protection
3.200246e-02	2.804520e+01	2.016042e+01
3.669069e-02	9.356950e+01	1.646125e+01
4.137892e-02	2.170085e+02	1.526285e+01
4.606715e-02	2.758229e+02	1.236995e+01
5.075538e-02	2.671928e+02	9.836705e+00
5.544361e-02	2.608434e+02	8.255777e+00
6.013183e-02	2.405018e+02	7.191030e+00
6.482006e-02	2.444810e+02	6.569281e+00
6.950829e-02	2.394837e+02	6.004626e+00
7.419652e-02	2.370925e+02	5.558495e+00
7.888475e-02	2.210849e+02	5.124398e+00
8.357298e-02	2.273131e+02	4.922259e+00
8.826121e-02	2.205798e+02	4.656234e+00
9.294944e-02	2.213058e+02	4.471229e+00
9.763767e-02	2.202098e+02	4.294482e+00
1.023259e-01	2.187029e+02	4.144199e+00
1.070141e-01	2.165023e+02	4.006835e+00
1.117024e-01	2.112089e+02	3.855274e+00
1.163906e-01	2.043601e+02	3.695045e+00
1.210788e-01	2.056397e+02	3.617325e+00
1.257670e-01	2.083284e+02	3.553537e+00
1.304553e-01	2.112378e+02	3.500282e+00
1.351435e-01	2.086941e+02	3.406133e+00
1.398317e-01	2.058096e+02	3.319184e+00
1.445200e-01	2.062427e+02	3.257981e+00
1.492082e-01	2.013968e+02	3.168193e+00
1.538964e-01	2.026627e+02	3.116544e+00
1.585846e-01	2.020290e+02	3.057163e+00
1.632729e-01	2.016926e+02	3.006400e+00
1.679611e-01	1.982412e+02	2.939060e+00
1.726493e-01	1.984338e+02	2.893790e+00
1.773376e-01	1.971594e+02	2.839157e+00
1.820258e-01	1.926035e+02	2.772053e+00
1.867140e-01	1.978200e+02	2.767594e+00
1.914022e-01	1.939766e+02	2.707750e+00
1.960905e-01	1.938200e+02	2.667125e+00
2.007787e-01	1.949138e+02	2.643609e+00
2.054669e-01	1.931140e+02	2.601785e+00
2.101552e-01	1.881205e+02	2.542386e+00
2.148434e-01	1.879127e+02	2.508201e+00
2.195316e-01	1.878047e+02	2.478429e+00
2.242199e-01	1.834792e+02	2.426592e+00
2.289081e-01	1.823182e+02	2.394618e+00
2.335963e-01	1.836512e+02	2.375408e+00
2.382845e-01	1.824921e+02	2.342909e+00
2.429728e-01	1.794545e+02	2.302594e+00
2.476610e-01	1.785483e+02	2.275547e+00
2.523492e-01	1.751556e+02	2.233994e+00
2.570375e-01	1.768173e+02	2.219349e+00
2.617257e-01	1.752295e+02	2.190469e+00
2.664139e-01	1.713624e+02	2.149941e+00
2.711021e-01	1.704749e+02	2.126208e+00
2.757904e-01	1.663355e+02	2.083684e+00
2.804786e-01	1.659529e+02	2.065025e+00
2.851668e-01	1.640766e+02	2.037897e+00
2.898551e-01	1.612796e+02	2.005183e+00
2.945433e-01	1.614418e+02	1.989774e+00
2.992315e-01	1.605516e+02	2.013506e+00
3.039197e-01	1.592756e+02	2.021788e+00
3.086080e-01	1.569158e+02	2.015507e+00
3.132962e-01	1.548156e+02	2.003694e+00
3.179844e-01	1.503545e+02	1.978415e+00
3.226727e-01	1.501332e+02	1.977438e+00
3.273609e-01	1.492046e+02	1.969503e+00
3.320491e-01	1.512188e+02	1.976619e+00
3.367374e-01	1.479648e+02	1.954030e+00
3.414256e-01	1.462803e+02	1.940233e+00
3.461138e-01	1.417030e+02	1.910816e+00
3.508020e-01	1.404390e+02	1.898431e+00
3.554903e-01	1.387563e+02	1.881628e+00
3.601785e-01	1.392502e+02	1.880852e+00
3.648667e-01	1.373706e+02	1.883894e+00
3.695550e-01	1.339439e+02	1.905997e+00
3.742432e-01	1.331806e+02	1.923469e+00
3.789314e-01	1.311633e+02	1.928807e+00
3.836196e-01	1.251381e+02	1.903008e+00
3.883079e-01	1.242553e+02	1.908585e+00
3.929961e-01	1.247554e+02	1.929238e+00
3.976843e-01	1.239907e+02	1.949525e+00
4.023726e-01	1.222324e+02	1.957967e+00
4.070608e-01	1.182776e+02	1.939658e+00
4.117490e-01	1.153304e+02	1.923732e+00
4.164372e-01	1.161462e+02	1.931553e+00
4.211255e-01	1.139608e+02	1.920822e+00
4.258137e-01	1.132123e+02	1.917134e+00
4.305019e-01	1.105660e+02	1.897753e+00
4.351902e-01	1.090059e+02	1.882844e+00
4.398784e-01	1.089050e+02	1.879576e+00
4.445666e-01	1.042406e+02	1.869758e+00
4.492548e-01	1.045093e+02	1.934491e+00
4.539431e-01	1.005047e+02	1.940176e+00
4.586313e-01	9.866287e+01	1.954005e+00
4.633195e-01	9.728882e+01	1.970142e+00
4.680078e-01	9.473352e+01	1.971308e+00
4.726960e-01	9.711853e+01	2.013362e+00
4.773842e-01	9.572210e+01	2.021212e+00
4.820725e-01	9.184148e+01	2.008940e+00
4.867607e-01	8.974206e+01	2.010815e+00
4.914489e-01	9.039060e+01	2.031551e+00
4.961371e-01	8.469451e+01	2.000189e+00
5.008254e-01	8.097943e+01	1.981421e+00
5.055136e-01	8.237467e+01	2.011856e+00
5.102018e-01	8.164929e+01	1.960203e+00
5.148901e-01	8.161322e+01	1.890398e+00
5.195783e-01	7.904700e+01	1.837089e+00
5.242665e-01	7.797213e+01	1.805432e+00
5.289547e-01	7.512910e+01	1.764111e+00
5.336430e-01	7.416313e+01	1.739816e+00
5.383312e-01	7.129917e+01	1.700296e+00
5.430194e-01	7.068865e+01	1.686753e+00
5.477077e-01	6.937555e+01	1.665488e+00
5.523959e-01	6.773334e+01	1.641250e+00
5.570841e-01	6.292697e+01	1.590937e+00
5.617723e-01	6.222309e+01	1.578209e+00
5.664606e-01	6.509089e+01	1.596070e+00
5.711488e-01	6.552139e+01	1.593545e+00
5.758370e-01	5.933456e+01	1.530206e+00
5.805253e-01	5.653917e+01	1.496623e+00
5.852135e-01	5.699221e+01	1.488457e+00
5.899017e-01	5.673951e+01	1.477315e+00
5.945900e-01	5.761044e+01	1.474512e+00
5.992782e-01	5.482326e+01	1.439113e+00
6.039664e-01	5.209036e+01	1.407254e+00
6.086546e-01	5.087495e+01	1.387573e+00
6.133429e-01	5.084825e+01	1.377791e+00
6.180311e-01	4.964408e+01	1.360566e+00
6.227193e-01	4.670249e+01	1.324954e+00
6.274076e-01	4.562618e+01	1.310637e+00
6.320958e-01	4.639137e+01	1.312993e+00
6.367840e-01	4.310811e+01	1.279769e+00
6.414722e-01	4.312398e+01	1.276182e+00
6.461605e-01	4.238441e+01	1.266527e+00
6.508487e-01	4.061391e+01	1.248689e+00
6.555369e-01	3.774912e+01	1.216320e+00
6.602252e-01	3.762427e+01	1.213510e+00
6.649134e-01	3.683237e+01	1.203289e+00
6.696016e-01	3.600357e+01	1.191923e+00
6.742898e-01	3.459495e+01	1.174800e+00
6.789781e-01	3.526784e+01	1.180627e+00
6.836663e-01	3.393480e+01	1.165233e+00
6.883545e-01	3.042837e+01	1.127651e+00
6.930428e-01	3.148598e+01	1.135626e+00
6.977310e-01	2.943894e+01	1.112485e+00
7.024192e-01	2.804279e+01	1.095981e+00
7.071074e-01	2.675704e+01	1.080888e+00
7.117957e-01	2.712727e+01	1.082639e+00
7.164839e-01	2.636424e+01	1.071842e+00
7.211721e-01	2.570338e+01	1.063042e+00
7.258604e-01	2.496399e+01	1.052570e+00
7.305486e-01	2.384485e+01	1.039531e+00
7.352368e-01	2.240725e+01	1.022248e+00
7.399251e-01	2.248967e+01	1.020129e+00
7.446133e-01	2.258622e+01	1.019397e+00
7.493015e-01	2.229446e+01	1.016112e+00
7.539897e-01	2.139748e+01	1.001986e+00
7.586780e-01	2.075430e+01	9.938153e-01
7.633662e-01	2.008884e+01	9.856825e-01
7.680544e-01	1.815679e+01	9.625332e-01
7.727427e-01	1.953250e+01	9.741359e-01
7.774309e-01	1.797331e+01	9.566179e-01
7.821191e-01	1.683649e+01	9.425286e-01
7.868073e-01	1.731954e+01	9.443912e-01
7.914956e-01	1.597658e+01	9.287040e-01
7.961838e-01	1.575650e+01	9.240557e-01
8.008720e-01	1.499194e+01	9.145133e-01
8.055603e-01	1.463851e+01	9.090021e-01
8.102485e-01	1.319926e+01	8.924950e-01
8.149367e-01	1.282288e+01	8.846246e-01
8.196249e-01	1.173944e+01	8.697356e-01
8.243132e-01	1.282424e+01	8.802562e-01
8.290014e-01	1.155615e+01	8.647105e-01
8.336896e-01	1.061042e+01	8.528155e-01
8.383779e-01	9.230025e+00	8.341626e-01
8.430661e-01	9.979955e+00	8.420946e-01
8.477543e-01	9.308030e+00	8.343731e-01
8.524425e-01	8.574215e+00	8.232620e-01
8.571308e-01	9.036445e+00	8.282285e-01
8.618190e-01	9.135350e+00	8.251884e-01
8.665072e-01	7.677300e+00	8.056688e-01
8.711955e-01	8.120050e+00	8.093044e-01
8.758837e-01	6.998075e+00	7.953212e-01
8.805719e-01	7.145620e+00	7.960163e-01
8.852602e-01	6.023600e+00	7.822551e-01
8.899484e-01	6.837960e+00	7.891685e-01
8.946366e-01	5.705855e+00	7.741221e-01
8.993248e-01	5.410015e+00	7.691805e-01
9.040131e-01	5.662135e+00	7.714797e-01
9.087013e-01	5.419555e+00	7.669800e-01
9.133895e-01	5.957570e+00	7.709002e-01
9.180778e-01	3.111695e+00	7.327706e-01
9.227660e-01	3.256780e+00	7.331081e-01
9.274542e-01	3.917610e+00	7.420123e-01
9.321424e-01	5.057450e+00	7.527220e-01
9.368307e-01	3.608115e+00	7.353564e-01
9.415189e-01	4.040995e+00	7.392657e-01
9.462071e-01	3.131720e+00	7.279276e-01
9.508954e-01	3.033405e+00	7.228871e-01
9.555836e-01	2.680065e+00	7.178949e-01
9.602718e-01	3.047060e+00	7.234963e-01
9.649600e-01	2.960015e+00	7.195289e-01
9.696483e-01	3.608605e+00	7.256414e-01
9.743365e-01	2.670005e+00	7.142565e-01
9.790247e-01	1.859675e+00	7.013307e-01
9.837130e-01	1.951285e+00	7.018595e-01
9.884012e-01	2.823555e+00	7.108128e-01
9.930894e-01	2.378130e+00	7.043893e-01
9.977777e-01	2.194095e+00	7.004718e-01
1.002466e+00	1.285115e+00	6.893193e-01
1.007154e+00	9.199900e-01	6.817208e-01
1.011842e+00	6.940750e-01	6.775293e-01
1.016531e+00	3.485800e-01	6.738561e-01
1.021219e+00	1.550260e+00	6.871252e-01
1.025907e+00	1.500535e+00	6.851806e-01
1.030595e+00	1.309640e+00	6.817973e-01
1.035283e+00	2.631580e+00	6.967837e-01
1.039972e+00	1.012210e+00	6.765749e-01
1.044660e+00	8.105850e-01	6.739233e-01
1.049348e+00	7.262700e-01	6.703106e-01
1.054036e+00	8.036950e-01	6.698768e-01
1.058725e+00	3.770550e-01	6.625319e-01
1.063413e+00	1.921440e+00	6.816747e-01
1.068101e+00	4.528000e-01	6.627217e-01
1.072789e+00	8.666550e-01	6.662385e-01
1.077478e+00	2.773750e-01	6.578012e-01
1.082166e+00	-2.947150e-01	6.496329e-01
1.086854e+00	1.192450e+00	6.673927e-01
1.091542e+00	1.402595e+00	6.672943e-01
1.096230e+00	1.441695e+00	6.665559e-01
1.100919e+00	7.771150e-01	6.581120e-01
1.105607e+00	3.139750e-01	6.520046e-01
1.110295e+00	8.289400e-01	6.569720e-01
1.114983e+00	7.871900e-01	6.551461e-01
1.119672e+00	8.395250e-01	6.550774e-01
1.124360e+00	3.778050e-01	6.487556e-01
1.129048e+00	2.586400e-01	6.453639e-01
1.133736e+00	9.031000e-01	6.514677e-01
1.138425e+00	3.276650e-01	6.447404e-01
1.143113e+00	8.079150e-01	6.482215e-01
1.147801e+00	-2.382750e-01	6.359427e-01
1.152489e+00	1.545850e-01	6.386733e-01
1.157177e+00	2.126950e-01	6.376147e-01
1.161866e+00	5.025600e-01	6.413532e-01
1.166554e+00	1.263850e+00	6.486832e-01
1.171242e+00	9.235150e-01	6.446930e-01
1.175930e+00	7.453200e-01	6.408787e-01
1.180619e+00	6.438200e-01	6.386629e-01
1.185307e+00	1.094930e+00	6.432816e-01
1.189995e+00	1.107140e+00	6.430248e-01
1.194683e+00	6.425500e-01	6.360405e-01
1.199372e+00	9.956400e-01	6.396394e-01
1.204060e+00	1.586275e+00	6.459082e-01
1.208748e+00	1.142175e+00	6.412425e-01
1.213436e+00	1.219210e+00	6.396843e-01
1.218124e+00	3.187500e-02	6.238437e-01
1.222813e+00	5.428700e-01	6.299866e-01
1.227501e+00	8.514350e-01	6.326587e-01
1.232189e+00	-5.398350e-01	6.156136e-01
1.236877e+00	-1.665150e-01	6.176753e-01
1.241566e+00	6.358150e-01	6.260341e-01
1.246254e+00	4.270350e-01	6.250238e-01
1.250942e+00	1.622820e+00	6.529142e-01
1.255630e+00	1.879420e+00	6.740576e-01
1.260318e+00	1.359480e+00	6.782224e-01
1.265007e+00	5.276400e-01	6.755617e-01
1.269695e+00	1.143000e+00	6.911481e-01
1.274383e+00	2.356750e-01	6.867238e-01
1.279071e+00	6.810500e-02	6.926725e-01
1.283760e+00	1.375675e+00	7.147028e-01
1.288448e+00	7.616050e-01	7.121408e-01
1.293136e+00	1.663495e+00	7.290281e-01
1.297824e+00	1.113680e+00	7.273749e-01
1.302513e+00	5.523200e-01	7.251223e-01
1.307201e+00	6.943600e-01	7.291085e-01
1.311889e+00	1.657295e+00	7.406922e-01
1.316577e+00	1.738785e+00	7.178770e-01
1.321265e+00	1.570620e+00	6.972332e-01
1.325954e+00	9.294050e-01	6.769531e-01
1.330642e+00	1.026790e+00	6.691103e-01
1.335330e+00	6.346050e-01	6.553989e-01
1.340018e+00	9.821550e-01	6.543583e-01
1.344707e+00	5.927150e-01	6.452198e-01
1.349395e+00	1.247930e+00	6.474294e-01
1.354083e+00	1.599850e+00	6.460971e-01
1.358771e+00	1.135630e+00	6.364832e-01
1.363460e+00	1.288600e+00	6.356374e-01
1.368148e+00	1.013000e+00	6.302463e-01
1.372836e+00	1.269360e+00	6.299105e-01
1.377524e+00	8.010900e-01	6.236267e-01
1.382212e+00	-6.432500e-02	6.126547e-01
1.386901e+00	7.631100e-01	6.209235e-01
1.391589e+00	1.911010e+00	6.324879e-01
1.396277e+00	3.791450e-01	6.141456e-01
1.400965e+00	8.445950e-01	6.185250e-01
1.405654e+00	5.581900e-01	6.142767e-01
1.410342e+00	6.459350e-01	6.138177e-01
1.415030e+00	1.166565e+00	6.187353e-01
1.419718e+00	1.800320e+00	6.254925e-01
1.424406e+00	1.692905e+00	6.217132e-01
1.429095e+00	1.331575e+00	6.160131e-01
1.433783e+00	2.381315e+00	6.274069e-01
1.438471e+00	2.009010e+00	6.226283e-01
1.443159e+00	2.115750e+00	6.220086e-01
1.447848e+00	1.862265e+00	6.178414e-01
1.452536e+00	2.396600e-01	5.991144e-01
1.457224e+00	1.115770e+00	6.075805e-01
1.461912e+00	1.542975e+00	6.123808e-01
1.466601e+00	1.303610e+00	6.073687e-01
1.471289e+00	1.392750e+00	6.076726e-01
1.475977e+00	7.995950e-01	6.009178e-01
1.480665e+00	2.783700e-01	5.938107e-01
1.485353e+00	1.213745e+00	6.144160e-01
1.490042e+00	9.554750e-01	6.299693e-01
1.494730e+00	1.614595e+00	6.482382e-01
1.499418e+00	7.577050e-01	6.447459e-01
1.504106e+00	-3.157600e-01	6.392707e-01
1.508795e+00	2.213500e-01	6.522532e-01
1.513483e+00	1.080330e+00	6.495764e-01
1.518171e+00	8.641850e-01	6.320187e-01
1.522859e+00	9.067500e-01	6.209453e-01
1.527548e+00	1.313205e+00	6.201160e-01
1.532236e+00	1.175690e+00	6.130813e-01
1.536924e+00	1.388035e+00	6.107280e-01
1.541612e+00	9.286600e-01	6.015240e-01
1.546300e+00	1.036255e+00	6.019879e-01
1.550989e+00	1.145240e+00	6.013220e-01
1.555677e+00	6.322050e-01	5.926109e-01
1.560365e+00	8.768250e-01	5.908834e-01
1.565053e+00	7.832800e-01	5.883084e-01
1.569742e+00	2.284050e-01	5.791389e-01
1.574430e+00	4.990850e-01	5.806522e-01
1.579118e+00	2.951900e-01	5.789839e-01
1.583806e+00	7.594050e-01	5.847810e-01
1.588495e+00	9.538250e-01	5.880998e-01
1.593183e+00	2.187300e-01	5.803282e-01
1.597871e+00	5.406700e-01	5.826353e-01
1.602559e+00	2.981200e-01	5.794823e-01
1.607247e+00	1.086915e+00	5.872351e-01
1.611936e+00	9.699250e-01	5.850751e-01
1.616624e+00	1.111500e+00	5.842928e-01
1.621312e+00	1.942450e-01	5.743342e-01
1.626000e+00	4.977900e-01	5.764646e-01
1.630689e+00	4.312350e-01	5.761759e-01
1.635377e+00	1.295300e-01	5.705471e-01
1.640065e+00	-3.261450e-01	5.643198e-01
1.644753e+00	-2.994500e-02	5.681505e-01
1.649441e+00	-6.482200e-01	5.608246e-01
1.654130e+00	3.431650e-01	5.702623e-01
1.658818e+00	-1.691250e-01	5.645132e-01
1.663506e+00	3.871250e-01	5.690486e-01
1.668194e+00	-2.913150e-01	5.604941e-01
1.672883e+00	4.969300e-01	5.687349e-01
1.677571e+00	-7.168550e-01	5.539684e-01
1.682259e+00	3.256900e-01	5.659784e-01
1.686947e+00	7.752250e-01	5.679969e-01
1.691636e+00	-1.912000e-02	5.592984e-01
1.696324e+00	1.866350e-01	5.609753e-01
1.701012e+00	5.311650e-01	5.625276e-01
1.705700e+00	-3.255450e-01	5.544128e-01
1.710388e+00	-5.400000e-04	5.568242e-01
1.715077e+00	2.136650e-01	5.579533e-01
1.719765e+00	6.126400e-01	5.614175e-01
1.724453e+00	1.694550e-01	5.567748e-01
1.729141e+00	5.411700e-01	5.599196e-01
1.733830e+00	4.651900e-01	5.566588e-01
1.738518e+00	6.836400e-01	5.588427e-01
1.743206e+00	3.720000e-02	5.518611e-01
1.747894e+00	-2.170150e-01	5.486886e-01
1.752583e+00	-5.859500e-02	5.498951e-01
1.757271e+00	8.746350e-01	5.582237e-01
1.761959e+00	7.571250e-01	5.573151e-01
1.766647e+00	2.260800e-01	5.505802e-01
1.771335e+00	7.831500e-02	5.480241e-01
1.776024e+00	-7.286500e-02	5.460062e-01
1.780712e+00	2.273150e-01	5.495976e-01
1.785400e+00	5.782550e-01	5.508859e-01
1.790088e+00	1.108770e+00	5.550417e-01
1.794777e+00	5.512500e-01	5.505426e-01
1.799465e+00	7.335000e-02	5.439632e-01
1.804153e+00	-5.259850e-01	5.365110e-01
1.808841e+00	1.292450e-01	5.429268e-01
1.813530e+00	6.387500e-02	5.413316e-01
1.818218e+00	-2.439300e-01	5.373853e-01
1.822906e+00	-6.472350e-01	5.335205e-01
1.827594e+00	-6.735800e-01	5.322735e-01
1.832282e+00	1.532200e-01	5.387356e-01
1.836971e+00	-4.363900e-01	5.335979e-01
1.841659e+00	-2.823450e-01	5.340661e-01
1.846347e+00	-7.185350e-01	5.292356e-01
1.851035e+00	-4.689800e-01	5.299552e-01
1.855724e+00	2.077250e-01	5.373095e-01
1.860412e+00	-2.491350e-01	5.323110e-01
1.865100e+00	-5.923700e-01	5.277049e-01
1.869788e+00	-2.924150e-01	5.299840e-01
1.874476e+00	2.631650e-01	5.363479e-01
1.879165e+00	-1.329800e-01	5.305393e-01
1.883853e+00	-2.123700e-01	5.286886e-01
1.888541e+00	-7.088100e-01	5.225951e-01
1.893229e+00	-9.861500e-02	5.293596e-01
1.897918e+00	5.595000e-01	5.356060e-01
1.902606e+00	-5.260250e-01	5.235541e-01
1.907294e+00	-1.253100e-01	5.271797e-01
1.911982e+00	1.816250e-01	5.290237e-01
1.916671e+00	7.052550e-01	5.339667e-01
1.921359e+00	1.899950e-01	5.281731e-01
1.926047e+00	5.401500e-02	5.269474e-01
1.930735e+00	-1.176850e-01	5.237410e-01
1.935423e+00	-6.612450e-01	5.171473e-01
1.940112e+00	-4.911850e-01	5.173458e-01
1.944800e+00	2.823700e-01	5.253369e-01
1.949488e+00	3.071200e-01	5.243373e-01
1.954176e+00	2.916500e-01	5.236745e-01
1.958865e+00	4.946050e-01	5.228618e-01
1.963553e+00	-3.691200e-01	5.145399e-01
1.968241e+00	1.265000e-02	5.170440e-01
1.972929e+00	-1.376700e-01	5.154842e-01
1.977618e+00	-1.850550e-01	5.142383e-01
1.982306e+00	-5.288000e-02	5.147132e-01
1.986994e+00	-3.451700e-01	5.117063e-01
1.991682e+00	-8.750750e-01	5.067006e-01
1.996370e+00	2.669950e-01	5.171080e-01
2.001059e+00	-5.633500e-02	5.161630e-01
2.005747e+00	2.967250e-01	5.185840e-01
2.010435e+00	2.279250e-01	5.171784e-01
2.015123e+00	4.300650e-01	5.188734e-01
2.019812e+00	1.010850e-01	5.152138e-01
2.024500e+00	-6.924000e-02	5.129746e-01
2.029188e+00	-2.511200e-01	5.103578e-01
2.033876e+00	-1.391400e-01	5.105914e-01
2.038565e+00	5.735000e-02	5.109901e-01
2.043253e+00	2.816650e-01	5.138090e-01
2.047941e+00	1.379750e-01	5.129063e-01
2.052629e+00	-6.821600e-01	5.069998e-01
2.057317e+00	1.146750e-01	5.292144e-01
2.062006e+00	9.939000e-02	5.379690e-01
2.066694e+00	4.249800e-01	5.484061e-01
2.071382e+00	-3.074500e-02	5.485509e-01
2.076070e+00	1.631900e-01	5.566154e-01
2.080759e+00	-1.480500e-01	5.581375e-01
2.085447e+00	-3.371100e-01	5.591056e-01
2.090135e+00	-3.230000e-01	5.618001e-01
2.094823e+00	1.905650e-01	5.689963e-01
2.099511e+00	-1.776500e-01	5.670041e-01
2.104200e+00	-6.572900e-01	5.625726e-01
2.108888e+00	-9.632900e-01	5.599895e-01
2.113576e+00	-3.463000e-02	5.719534e-01
2.118264e+00	-1.233800e-01	5.652400e-01
2.122953e+00	6.090200e-01	5.576093e-01
2.127641e+00	-6.779000e-02	5.395812e-01
2.132329e+00	4.004650e-01	5.393883e-01
2.137017e+00	5.269650e-01	5.346950e-01
2.141706e+00	-1.350350e-01	5.230543e-01
2.146394e+00	-4.250550e-01	5.164583e-01
2.151082e+00	3.668350e-01	5.213443e-01
2.155770e+00	3.356700e-01	5.187864e-01
2.160458e+00	2.223950e-01	5.171960e-01
2.165147e+00	3.287000e-02	5.142438e-01
2.169835e+00	-2.749800e-01	5.095004e-01
2.174523e+00	9.607700e-01	5.208380e-01
2.179211e+00	3.103650e-01	5.137144e-01
2.183900e+00	-1.529750e-01	5.082847e-01
2.188588e+00	-2.096100e-01	5.066421e-01
2.193276e+00	-3.121400e-01	5.047456e-01
2.197964e+00	5.052500e-02	5.070180e-01
2.202653e+00	2.027050e-01	5.083353e-01
2.207341e+00	-2.042350e-01	5.036497e-01
2.212029e+00	-2.512000e-01	5.021772e-01
2.216717e+00	-5.365000e-02	5.031802e-01
2.221405e+00	-5.762200e-01	4.980013e-01
2.226094e+00	-3.126600e-01	4.993554e-01
2.230782e+00	-5.691150e-01	4.955353e-01
2.235470e+00	2.127300e-01	5.029212e-01
2.240158e+00	2.804200e-01	5.033434e-01
2.244847e+00	3.847000e-01	5.035427e-01
2.249535e+00	-2.894500e-01	4.958631e-01
2.254223e+00	2.940850e-01	5.006060e-01
2.258911e+00	1.803250e-01	4.985525e-01
2.263600e+00	-1.445300e-01	4.957281e-01
2.268288e+00	3.114200e-01	4.998137e-01
2.272976e+00	2.240150e-01	4.981562e-01
2.277664e+00	-3.296750e-01	4.921724e-01
2.282352e+00	-2.649400e-01	4.913497e-01
2.287041e+00	3.912100e-01	4.980310e-01
2.291729e+00	7.921750e-01	5.008348e-01
2.296417e+00	1.148700e+00	5.032703e-01
2.301105e+00	-5.042000e-02	4.914305e-01
2.305794e+00	-3.468650e-01	4.876128e-01
2.310482e+00	1.871850e-01	4.919965e-01
2.315170e+00	-8.030150e-01	4.827414e-01
2.319858e+00	-3.607400e-01	4.859066e-01
2.324546e+00	2.406600e-01	4.914314e-01
2.329235e+00	6.181450e-01	4.933673e-01
2.333923e+00	2.694500e-01	4.906142e-01
2.338611e+00	2.926100e-01	4.902633e-01
2.343299e+00	-1.723250e-01	4.856778e-01
2.347988e+00	-3.845300e-01	4.812307e-01
2.352676e+00	-5.214500e-02	4.846963e-01
2.357364e+00	-6.465150e-01	4.786526e-01
2.362052e+00	-4.558050e-01	4.800237e-01
2.366741e+00	-2.138700e-01	4.830335e-01
2.371429e+00	2.838050e-01	4.864791e-01
2.376117e+00	-6.756000e-02	4.826180e-01
2.380805e+00	-4.829350e-01	4.781738e-01
2.385493e+00	3.319700e-01	4.851956e-01
2.390182e+00	4.056450e-01	4.857287e-01
2.394870e+00	2.272000e-02	4.818061e-01
2.399558e+00	1.739750e-01	4.821964e-01
2.404246e+00	4.238400e-01	4.835011e-01
2.408935e+00	2.217350e-01	4.815084e-01
2.413623e+00	5.186950e-01	4.843642e-01
2.418311e+00	1.184250e-01	4.794933e-01
2.422999e+00	-7.891600e-01	4.705758e-01
2.427688e+00	-1.567900e-01	4.756748e-01
2.432376e+00	-6.486000e-02	4.765363e-01
2.437064e+00	2.197150e-01	4.793980e-01
2.441752e+00	5.922100e-01	4.811081e-01
2.446440e+00	7.657300e-01	4.821633e-01
2.451129e+00	2.416300e-01	4.768096e-01
2.455817e+00	3.507000e-01	4.776757e-01
2.460505e+00	4.305400e-01	4.776440e-01
2.465193e+00	6.071800e-01	4.791562e-01
2.469882e+00	-3.952050e-01	4.686569e-01
2.474570e+00	-5.084850e-01	4.674515e-01
2.479258e+00	4.938000e-02	4.724388e-01
2.483946e+00	-4.480750e-01	4.673849e-01
2.488634e+00	1.665800e-01	4.724392e-01
2.493323e+00	3.193150e-01	4.735411e-01
2.498011e+00	3.274400e-01	4.738617e-01
2.502699e+00	-6.021500e-02	4.689147e-01
2.507387e+00	2.626000e-01	4.721461e-01
2.512076e+00	-2.554200e-01	4.668919e-01
2.516764e+00	-4.082100e-01	4.646567e-01
2.521452e+00	4.268000e-02	4.682799e-01
2.526140e+00	-4.197100e-01	4.634373e-01
2.530829e+00	-1.641950e-01	4.653504e-01
2.535517e+00	9.538500e-02	4.668469e-01
2.540205e+00	2.841200e-01	4.672028e-01
2.544893e+00	-3.838150e-01	4.610185e-01
2.549581e+00	1.897000e-01	4.648720e-01
2.554270e+00	-4.150100e-01	4.587542e-01
2.558958e+00	-7.942300e-01	4.551980e-01
2.563646e+00	-4.801300e-01	4.574469e-01
2.568334e+00	-1.826200e-01	4.599638e-01
2.573023e+00	-2.846000e-01	4.585465e-01
2.577711e+00	3.199000e-01	4.628049e-01
2.582399e+00	-4.146050e-01	4.559296e-01
2.587087e+00	6.100000e-02	4.601572e-01
2.591776e+00	2.265950e-01	4.620598e-01
2.596464e+00	4.466000e-02	4.604082e-01
2.601152e+00	-1.807800e-01	4.576515e-01
2.605840e+00	-1.378550e-01	4.587502e-01
2.610528e+00	-1.022800e-01	4.580437e-01
2.615217e+00	-1.513400e-01	4.576497e-01
2.619905e+00	8.618500e-02	4.596494e-01
2.624593e+00	-1.409400e-01	4.561488e-01
2.629281e+00	4.447900e-01	4.620411e-01
2.633970e+00	4.624700e-01	4.608610e-01
2.638658e+00	3.819300e-01	4.600565e-01
2.643346e+00	4.746100e-01	4.608469e-01
2.648034e+00	-5.200000e-04	4.563220e-01
2.652723e+00	-4.658650e-01	4.519882e-01
2.657411e+00	-1.654150e-01	4.536700e-01
2.662099e+00	1.909450e-01	4.564732e-01
2.666787e+00	6.548250e-01	4.596074e-01
2.671475e+00	3.772200e-01	4.573962e-01
2.676164e+00	-6.820000e-02	4.530671e-01
2.680852e+00	-2.965600e-01	4.511622e-01
2.685540e+00	1.905900e-01	4.548185e-01
2.690228e+00	-3.071250e-01	4.501451e-01
2.694917e+00	5.350000e-04	4.522632e-01
2.699605e+00	-1.894900e-01	4.501154e-01
2.704293e+00	-3.542100e-01	4.482758e-01
2.708981e+00	2.727950e-01	4.529117e-01
2.713669e+00	-7.667500e-02	4.500062e-01
2.718358e+00	-2.576850e-01	4.475553e-01
2.723046e+00	5.354750e-01	4.544621e-01
2.727734e+00	-2.425850e-01	4.471662e-01
2.732422e+00	1.174600e-01	4.496535e-01
2.737111e+00	2.322850e-01	4.500309e-01
2.741799e+00	1.006250e-01	4.493658e-01
2.746487e+00	2.353750e-01	4.496905e-01
2.751175e+00	-2.972550e-01	4.446397e-01
2.755864e+00	-1.678850e-01	4.448301e-01
2.760552e+00	-2.010650e-01	4.444802e-01
2.765240e+00	-1.888000e-02	4.458974e-01
2.769928e+00	-6.972000e-02	4.455485e-01
2.774616e+00	-1.208500e-02	4.455815e-01
2.779305e+00	-2.255750e-01	4.430431e-01
2.783993e+00	7.984550e-01	4.514600e-01
2.788681e+00	9.332500e-02	4.446019e-01
2.793369e+00	4.078050e-01	4.475879e-01
2.798058e+00	2.015750e-01	4.454857e-01
2.802746e+00	-2.502600e-01	4.412819e-01
2.807434e+00	6.320450e-01	4.483401e-01
2.812122e+00	3.527650e-01	4.458454e-01
2.816811e+00	3.181650e-01	4.450186e-01
2.821499e+00	1.867500e-01	4.436736e-01
2.826187e+00	1.703050e-01	4.429938e-01
2.830875e+00	1.973500e-01	4.423488e-01
2.835563e+00	-3.009600e-01	4.380736e-01
2.840252e+00	2.290250e-01	4.418235e-01
2.844940e+00	4.888300e-01	4.443389e-01
2.849628e+00	2.988050e-01	4.422516e-01
2.854316e+00	6.960000e-02	4.403862e-01
2.859005e+00	-1.829000e-02	4.470217e-01
2.863693e+00	-5.035500e-02	4.568553e-01
2.868381e+00	-1.367500e-01	4.618712e-01
2.873069e+00	-1.839850e-01	4.665206e-01
2.877758e+00	8.806500e-02	4.730222e-01
2.882446e+00	2.479850e-01	4.765390e-01
2.887134e+00	6.014500e-02	4.759862e-01
2.891822e+00	2.948300e-01	4.802513e-01
2.896510e+00	-4.896550e-01	4.746831e-01
2.901199e+00	-3.122500e-02	4.801514e-01
2.905887e+00	6.530350e-01	4.877198e-01
2.910575e+00	4.079500e-02	4.824400e-01
2.915263e+00	2.165800e-01	4.853912e-01
2.919952e+00	7.457000e-02	4.844581e-01
2.924640e+00	1.264800e-01	4.722954e-01
2.929328e+00	5.072550e-01	4.673881e-01
2.934016e+00	1.547350e-01	4.577624e-01
2.938704e+00	-5.956400e-01	4.480264e-01
2.943393e+00	3.298400e-01	4.531399e-01
2.948081e+00	2.287550e-01	4.497256e-01
2.952769e+00	2.342300e-01	4.489374e-01
2.957457e+00	9.780000e-03	4.459997e-01
2.962146e+00	7.800000e-04	4.441119e-01
2.966834e+00	-3.689850e-01	4.399563e-01
2.971522e+00	-3.916100e-01	4.391717e-01
2.976210e+00	-2.185750e-01	4.416585e-01
2.980899e+00	-1.512100e-01	4.414682e-01
2.985587e+00	-1.659650e-01	4.394853e-01
2.990275e+00	1.268050e-01	4.407921e-01
2.994963e+00	-3.230300e-01	4.367965e-01
2.999651e+00	4.586050e-01	4.429786e-01
3.004340e+00	4.348600e-01	4.429496e-01
3.009028e+00	1.883700e-01	4.399828e-01
3.013716e+00	3.414950e-01	4.404766e-01
3.018404e+00	-3.535750e-01	4.339101e-01
3.023093e+00	5.901150e-01	4.414259e-01
3.027781e+00	5.773900e-01	4.403704e-01
3.032469e+00	4.471300e-01	4.395868e-01
3.037157e+00	-1.042150e-01	4.338890e-01
3.041846e+00	-1.205800e-01	4.338248e-01
3.046534e+00	7.160500e-02	4.344041e-01
3.051222e+00	-3.352600e-01	4.305364e-01
3.055910e+00	3.022900e-01	4.352129e-01
3.060598e+00	-2.862000e-02	4.329769e-01
3.065287e+00	-1.812450e-01	4.304422e-01
3.069975e+00	-6.105500e-01	4.261289e-01
3.074663e+00	2.747500e-02	4.314971e-01
3.079351e+00	3.341000e-02	4.309346e-01
3.084040e+00	2.062450e-01	4.317733e-01
3.088728e+00	5.111000e-02	4.300759e-01
3.093416e+00	-2.960800e-01	4.269435e-01
3.098104e+00	-3.333400e-01	4.259283e-01
3.102793e+00	4.191600e-01	4.324376e-01
3.107481e+00	-2.836750e-01	4.262157e-01
3.112169e+00	4.215800e-01	4.313221e-01
3.116857e+00	3.281550e-01	4.302418e-01
3.121545e+00	-8.772500e-02	4.258542e-01
3.126234e+00	2.468150e-01	4.292891e-01
3.130922e+00	-4.345000e-02	4.261180e-01
3.135610e+00	-5.374050e-01	4.214000e-01
3.140298e+00	-4.160200e-01	4.217530e-01
3.144987e+00	-6.427500e-02	4.248456e-01
3.149675e+00	2.158850e-01	4.265271e-01
3.154363e+00	1.128100e-01	4.247873e-01
3.159051e+00	1.386950e-01	4.250682e-01
3.163739e+00	-2.145050e-01	4.216415e-01
3.168428e+00	-3.613850e-01	4.202106e-01
3.173116e+00	-8.766500e-02	4.219932e-01
3.177804e+00	2.690250e-01	4.246121e-01
3.182492e+00	-2.451550e-01	4.205050e-01
3.187181e+00	2.341200e-01	4.238087e-01
3.191869e+00	-3.656650e-01	4.180359e-01
3.196557e+00	-2.185100e-01	4.188448e-01
3.201245e+00	4.728950e-01	4.249701e-01
3.205934e+00	-6.649150e-01	4.148670e-01
3.210622e+00	-8.378200e-01	4.131864e-01
3.215310e+00	-3.813350e-01	4.167838e-01
3.219998e+00	-2.601850e-01	4.168960e-01
3.224686e+00	-5.785000e-03	4.185103e-01
3.229375e+00	-2.497650e-01	4.150188e-01
3.234063e+00	-5.634000e-02	4.163085e-01
3.238751e+00	-7.141450e-01	4.108906e-01
3.243439e+00	-7.654650e-01	4.095795e-01
3.248128e+00	-2.483700e-01	4.135688e-01
3.252816e+00	-1.871000e-02	4.159277e-01
3.257504e+00	-3.917000e-02	4.145842e-01
3.262192e+00	3.600450e-01	4.179865e-01
3.266881e+00	3.838100e-01	4.171655e-01
3.271569e+00	3.801150e-01	4.168951e-01
3.276257e+00	-2.651050e-01	4.118381e-01
3.280945e+00	-3.024400e-01	4.115323e-01
3.285633e+00	1.854850e-01	4.160053e-01
3.290322e+00	-1.911350e-01	4.128965e-01
3.295010e+00	-3.449650e-01	4.111757e-01
3.299698e+00	4.239250e-01	4.169908e-01
3.304386e+00	5.773750e-01	4.179118e-01
3.309075e+00	2.750650e-01	4.152443e-01
3.313763e+00	-3.158000e-02	4.120368e-01
3.318451e+00	2.519500e-02	4.128474e-01
3.323139e+00	1.056100e-01	4.129220e-01
3.327828e+00	-2.164550e-01	4.102540e-01
3.332516e+00	2.328250e-01	4.135527e-01
3.337204e+00	4.856200e-01	4.149139e-01
3.341892e+00	-3.372400e-01	4.085129e-01
3.346580e+00	2.776300e-01	4.124327e-01
3.351269e+00	-4.351000e-02	4.096326e-01
3.355957e+00	-3.507350e-01	4.089224e-01
3.360645e+00	6.756500e-01	4.264728e-01
3.365333e+00	3.776300e-01	4.307519e-01
3.370022e+00	-3.395500e-02	4.316725e-01
3.374710e+00	6.427050e-01	4.391732e-01
3.379398e+00	1.797200e-01	4.365094e-01
3.384086e+00	-1.550050e-01	4.350253e-01
3.388774e+00	-6.610150e-01	4.309349e-01
3.393463e+00	2.151500e-02	4.373999e-01
3.398151e+00	5.853000e-02	4.372108e-01
3.402839e+00	-5.499250e-01	4.326388e-01
3.407527e+00	-4.369650e-01	4.347929e-01
3.412216e+00	5.177550e-01	4.447780e-01
3.416904e+00	1.326550e-01	4.413169e-01
3.421592e+00	2.157200e-01	4.426347e-01
3.426280e+00	-6.464000e-01	4.359347e-01
3.430969e+00	1.046800e-01	4.435722e-01
3.435657e+00	-6.530900e-01	4.372886e-01
3.440345e+00	1.555500e-02	4.439654e-01
3.445033e+00	-1.849400e-01	4.436712e-01
3.449721e+00	-6.432700e-01	4.389942e-01
3.454410e+00	8.359500e-02	4.462261e-01
3.459098e+00	4.981100e-01	4.508332e-01
3.463786e+00	4.570400e-01	4.506888e-01
3.468474e+00	2.140350e-01	4.493469e-01
3.473163e+00	8.196850e-01	4.554892e-01
3.477851e+00	9.608200e-01	4.566574e-01
3.482539e+00	-2.810000e-03	4.490135e-01
3.487227e+00	9.833750e-01	4.577208e-01
3.491916e+00	2.071500e-01	4.525525e-01
3.496604e+00	-2.684400e-01	4.484611e-01
3.501292e+00	-3.272850e-01	4.476427e-01
3.505980e+00	-2.466650e-01	4.489072e-01
3.510668e+00	-6.302900e-01	4.463861e-01
3.515357e+00	-6.147850e-01	4.469457e-01
3.520045e+00	-5.945050e-01	4.471352e-01
3.524733e+00	-3.557000e-01	4.498299e-01
3.529421e+00	5.460500e-02	4.537847e-01
3.534110e+00	-3.775700e-01	4.499553e-01
3.538798e+00	-2.240150e-01	4.522098e-01
3.543486e+00	-3.289350e-01	4.516630e-01
3.548174e+00	8.548500e-02	4.566299e-01
3.552863e+00	2.002100e-01	4.581242e-01
3.557551e+00	-8.112800e-01	4.495520e-01
3.562239e+00	-9.895000e-03	4.566302e-01
3.566927e+00	1.097650e-01	4.576407e-01
3.571615e+00	3.018000e-02	4.570926e-01
3.576304e+00	-1.855900e-01	4.558345e-01
3.580992e+00	8.902000e-02	4.585968e-01
3.585680e+00	2.587900e-01	4.591394e-01
3.590368e+00	-5.104700e-01	4.518851e-01
3.595057e+00	-1.120840e+00	4.464274e-01
3.599745e+00	-6.050800e-01	4.502795e-01
3.604433e+00	3.739000e-01	4.593766e-01
3.609121e+00	-2.832700e-01	4.536834e-01
3.613809e+00	-6.356000e-02	4.554143e-01
3.618498e+00	6.902750e-01	4.621333e-01
3.623186e+00	3.734100e-01	4.593370e-01
3.627874e+00	-2.769250e-01	4.540509e-01
3.632562e+00	-4.265350e-01	4.532150e-01
3.637251e+00	-7.176000e-02	4.574267e-01
3.641939e+00	-3.499550e-01	4.547230e-01
3.646627e+00	-2.614650e-01	4.551878e-01
3.651315e+00	4.361000e-02	4.583804e-01
3.656004e+00	2.144350e-01	4.616411e-01
3.660692e+00	-5.488750e-01	4.634541e-01
3.665380e+00	-6.093300e-01	4.780717e-01
3.670068e+00	-1.353500e-02	4.915001e-01
3.674756e+00	-9.882000e-02	4.979660e-01
3.679445e+00	-4.299750e-01	5.005404e-01
3.684133e+00	-6.954350e-01	5.010302e-01
3.688821e+00	-2.716800e-01	5.086928e-01
3.693509e+00	-3.740750e-01	5.102358e-01
3.698198e+00	3.386600e-01	5.199826e-01
3.702886e+00	8.004000e-02	5.206997e-01
3.707574e+00	-7.075850e-01	5.150394e-01
3.712262e+00	-5.692800e-01	5.196716e-01
3.716951e+00	5.947350e-01	5.344265e-01
3.721639e+00	-1.765500e-01	5.284824e-01
3.726327e+00	-3.510700e-01	5.282850e-01
3.731015e+00	4.222000e-01	5.385723e-01
3.735703e+00	3.206000e-01	5.404886e-01
3.740392e+00	9.456200e-01	5.494820e-01
3.745080e+00	9.546650e-01	5.522538e-01
3.749768e+00	2.202900e-01	5.463262e-01
3.754456e+00	-2.257800e-01	5.439140e-01
3.759145e+00	8.091150e-01	5.575205e-01
3.763833e+00	2.710050e-01	5.535753e-01
3.768521e+00	-6.904000e-02	5.512033e-01
3.773209e+00	1.793800e-01	5.569909e-01
3.777897e+00	-3.707100e-01	5.527959e-01
3.782586e+00	4.410300e-01	5.647108e-01
3.787274e+00	2.813900e-01	5.652448e-01
3.791962e+00	7.919000e-02	5.635452e-01
3.796650e+00	1.999650e-01	5.678968e-01
3.801339e+00	5.917100e-01	5.747610e-01
3.806027e+00	5.361550e-01	5.768863e-01
3.810715e+00	-1.905300e-01	5.698695e-01
3.815403e+00	-8.314000e-02	5.740211e-01
3.820092e+00	-4.528850e-01	5.724939e-01
3.824780e+00	-2.661750e-01	5.747095e-01
3.829468e+00	-2.732100e-01	5.781903e-01
3.834156e+00	6.614500e-02	5.829385e-01
3.838844e+00	-3.955650e-01	5.800905e-01
3.843533e+00	-7.110350e-01	5.787061e-01
3.848221e+00	2.138700e-01	5.919656e-01
3.852909e+00	1.093430e+00	6.036006e-01
3.857597e+00	4.772600e-01	5.991070e-01
3.862286e+00	1.136425e+00	6.097956e-01
3.866974e+00	-1.657100e-01	5.962537e-01
3.871662e+00	1.708000e-02	5.989670e-01
3.876350e+00	-1.640950e-01	5.988565e-01
3.881039e+00	3.162300e-01	6.073707e-01
3.885727e+00	6.936500e-02	6.065699e-01
3.890415e+00	8.380900e-01	6.175528e-01
3.895103e+00	5.809500e-02	6.107526e-01
3.899791e+00	-1.158050e-01	6.100039e-01
3.904480e+00	-1.046900e-01	6.138504e-01
3.909168e+00	9.681750e-01	6.282934e-01
3.913856e+00	2.238350e-01	6.224625e-01
3.918544e+00	-4.733850e-01	6.163099e-01
3.923233e+00	4.911800e-01	6.302275e-01
3.927921e+00	1.657600e-01	6.272835e-01
3.932609e+00	-8.870400e-01	6.163660e-01
3.937297e+00	-5.858400e-01	6.212530e-01
3.941986e+00	-5.686700e-01	6.207357e-01
3.946674e+00	-1.906200e-01	6.259390e-01
3.951362e+00	-1.007000e-02	6.298179e-01
3.956050e+00	4.236950e-01	6.334484e-01
3.960738e+00	3.562550e-01	6.328313e-01
3.965427e+00	-1.168650e-01	6.282533e-01
3.970115e+00	1.676600e-01	6.327619e-01
3.974803e+00	-2.723550e-01	6.304018e-01
3.979491e+00	5.267100e-01	6.422059e-01
3.984180e+00	-4.597800e-01	6.309955e-01
3.988868e+00	-9.539000e-01	6.290179e-01
3.993556e+00	-5.297100e-01	6.355353e-01
3.998244e+00	5.654000e-01	6.501829e-01
4.002932e+00	-2.299600e-01	6.427348e-01
4.007621e+00	-8.636200e-01	6.376225e-01
4.012309e+00	7.783250e-01	6.594106e-01
4.016997e+00	-5.127000e-02	6.503971e-01
4.021685e+00	2.816900e-01	6.571668e-01
4.026374e+00	-5.004400e-01	6.505749e-01
4.031062e+00	-1.326000e-01	6.567098e-01
4.035750e+00	4.643300e-01	6.687245e-01
4.040438e+00	3.837650e-01	6.700081e-01
4.045127e+00	-3.207600e-01	6.613826e-01
4.049815e+00	-4.794500e-02	6.682725e-01
4.054503e+00	3.252250e-01	6.754303e-01
4.059191e+00	6.460500e-02	6.727481e-01
4.063879e+00	1.135500e-01	6.762007e-01
4.068568e+00	4.261750e-01	6.832878e-01
4.073256e+00	9.166900e-01	6.924702e-01
4.077944e+00	3.021050e-01	6.848118e-01
4.082632e+00	1.506300e-01	6.847350e-01
4.087321e+00	4.295500e-01	6.925507e-01
4.092009e+00	9.020250e-01	7.023100e-01
4.096697e+00	9.742500e-01	7.063707e-01
4.101385e+00	-3.314250e-01	6.880081e-01
4.106074e+00	-8.342150e-01	6.850181e-01
4.110762e+00	-6.990700e-01	6.883910e-01
4.115450e+00	-4.771600e-01	6.946715e-01
4.120138e+00	1.279850e-01	7.072185e-01
4.124826e+00	-3.560550e-01	7.025182e-01
4.129515e+00	-2.435300e-01	7.081760e-01
4.134203e+00	7.278400e-01	7.221916e-01
4.138891e+00	-4.543300e-01	7.086902e-01
4.143579e+00	-5.590950e-01	7.091998e-01
4.148268e+00	-1.710000e-02	7.209837e-01
4.152956e+00	2.527550e-01	7.272218e-01
4.157644e+00	-1.401350e-01	7.213402e-01
4.162332e+00	-9.481550e-01	7.141315e-01
4.167021e+00	-1.128520e+00	7.145002e-01
4.171709e+00	-4.551500e-02	7.315518e-01
4.176397e+00	3.336200e-01	7.408454e-01
4.181085e+00	6.751500e-02	7.387526e-01
4.185773e+00	1.557700e-01	7.426492e-01
4.190462e+00	2.536050e-01	7.486873e-01
4.195150e+00	-6.999300e-01	7.382484e-01
4.199838e+00	-6.924950e-01	7.394391e-01
4.204526e+00	-4.545100e-01	7.449628e-01
4.209215e+00	-4.998000e-02	7.556361e-01
4.213903e+00	-3.391400e-01	7.537106e-01
4.218591e+00	-6.547150e-01	7.514318e-01
4.223279e+00	-7.445350e-01	7.546160e-01
4.227967e+00	-6.250950e-01	7.579090e-01
4.232656e+00	9.233000e-01	7.859821e-01
4.237344e+00	1.094785e+00	7.909143e-01
4.242032e+00	6.405400e-01	7.863734e-01
4.246720e+00	5.257250e-01	7.872961e-01
4.251409e+00	6.952500e-02	7.847874e-01
4.256097e+00	1.166550e-01	7.920981e-01
4.260785e+00	1.341010e+00	8.122160e-01
4.265473e+00	7.361850e-01	8.048910e-01
4.270162e+00	6.054450e-01	8.067847e-01
4.274850e+00	-3.708600e-01	7.981851e-01
4.279538e+00	-3.780900e-01	8.023134e-01
4.284226e+00	-4.001200e-01	8.016524e-01
4.288914e+00	-2.376500e-02	8.111751e-01
4.293603e+00	8.533950e-01	8.263220e-01
4.298291e+00	4.862500e-01	8.241485e-01
4.302979e+00	8.159750e-01	8.318325e-01
4.307667e+00	4.301400e-01	8.308601e-01
4.312356e+00	-7.392250e-01	8.130751e-01
4.317044e+00	5.214450e-01	8.396195e-01
4.321732e+00	1.179420e+00	8.518303e-01
4.326420e+00	4.048750e-01	8.454333e-01
4.331109e+00	-6.067000e-02	8.421966e-01
4.335797e+00	4.720000e-02	8.444669e-01
4.340485e+00	3.682800e-01	8.567329e-01
4.345173e+00	-7.367700e-01	8.399605e-01
4.349861e+00	2.699400e-01	8.632850e-01
4.354550e+00	-1.454970e+00	8.372922e-01
4.359238e+00	-6.772450e-01	8.526382e-01
4.363926e+00	-4.584550e-01	8.612036e-01
4.368614e+00	-4.677050e-01	8.667196e-01
4.373303e+00	7.415000e-03	8.778639e-01
4.377991e+00	-3.076500e-02	8.819702e-01
4.382679e+00	5.662500e-02	8.853745e-01
4.387367e+00	5.116300e-01	8.971635e-01
4.392056e+00	1.468195e+00	9.199310e-01
4.396744e+00	-8.158100e-01	8.841242e-01
4.401432e+00	-1.380000e-01	9.009638e-01
4.406120e+00	-4.499650e-01	8.969331e-01
4.410808e+00	1.525400e-01	9.104021e-01
4.415497e+00	-2.375750e-01	9.031796e-01
4.420185e+00	5.209400e-01	9.157879e-01
4.424873e+00	2.657800e-01	9.113730e-01
4.429561e+00	-1.018410e+00	8.906797e-01
4.434250e+00	-1.273715e+00	8.877682e-01
4.438938e+00	-9.605500e-02	9.087355e-01
4.443626e+00	1.569950e-01	9.151633e-01
4.448314e+00	-2.777900e-01	9.089488e-01
4.453002e+00	-2.695350e-01	9.134547e-01
4.457691e+00	2.145350e-01	9.279096e-01
4.462379e+00	1.149350e-01	9.315587e-01
4.467067e+00	1.750550e-01	9.348950e-01
4.471755e+00	-6.156950e-01	9.263371e-01
4.476444e+00	7.345650e-01	9.568985e-01
4.481132e+00	-8.661350e-01	9.327656e-01
4.485820e+00	-6.851600e-01	9.414417e-01
4.490508e+00	-3.499300e-01	9.511635e-01
4.495197e+00	7.281150e-01	9.750116e-01
4.499885e+00	6.056950e-01	9.805368e-01
4.504573e+00	5.648500e-02	9.736978e-01
4.509261e+00	-4.013000e-01	9.707714e-01
4.513949e+00	-5.267550e-01	9.748182e-01
4.518638e+00	7.471500e-02	9.919432e-01
4.523326e+00	-5.110700e-01	9.844093e-01
4.528014e+00	-1.680360e+00	9.628580e-01
4.532702e+00	-2.089755e+00	9.669376e-01
4.537391e+00	1.438150e-01	1.017193e+00
4.542079e+00	-3.962050e-01	1.012934e+00
4.546767e+00	-7.480550e-01	1.008294e+00
4.551455e+00	-2.649150e-01	1.028290e+00
4.556144e+00	-4.209050e-01	1.031690e+00
4.560832e+00	6.581500e-02	1.045471e+00
4.565520e+00	-1.181105e+00	1.027131e+00
4.570208e+00	-3.822300e-01	1.051806e+00
4.574896e+00	7.379500e-02	1.065790e+00
4.579585e+00	1.717605e+00	1.109955e+00
4.584273e+00	2.897100e-01	1.089112e+00
4.588961e+00	-5.380950e-01	1.079805e+00
4.593649e+00	-1.022555e+00	1.071730e+00
4.598338e+00	-1.552385e+00	1.066988e+00
4.603026e+00	-4.241450e-01	1.101286e+00
4.607714e+00	2.055200e-01	1.125850e+00
4.612402e+00	1.851605e+00	1.166597e+00
4.617091e+00	-1.091400e-01	1.129462e+00
4.621779e+00	-1.794800e+00	1.097895e+00
4.626467e+00	-1.115320e+00	1.125181e+00
4.631155e+00	-1.298150e-01	1.156646e+00
4.635843e+00	-3.339300e-01	1.154770e+00
4.640532e+00	1.588850e-01	1.178971e+00
4.645220e+00	1.039235e+00	1.211619e+00
4.649908e+00	2.656350e-01	1.204402e+00
4.654596e+00	1.752550e-01	1.209928e+00
4.659285e+00	-5.310550e-01	1.202731e+00
4.663973e+00	-2.207700e-01	1.218954e+00
4.668661e+00	4.050900e-01	1.244954e+00
4.673349e+00	-1.175310e+00	1.215904e+00
4.678037e+00	7.244450e-01	1.275621e+00
4.682726e+00	-3.188500e-01	1.257194e+00
4.687414e+00	9.533350e-01	1.301654e+00
4.692102e+00	8.585500e-02	1.289430e+00
4.696790e+00	1.319455e+00	1.336336e+00
4.701479e+00	2.030925e+00	1.367308e+00
4.706167e+00	8.077600e-01	1.347588e+00
4.710855e+00	1.769800e-01	1.338812e+00
4.715543e+00	-8.009050e-01	1.327745e+00
4.720232e+00	6.264500e-01	1.382930e+00
4.724920e+00	5.206500e-01	1.391876e+00
4.729608e+00	-1.675300e-01	1.389009e+00
4.734296e+00	2.085250e-01	1.411052e+00
4.738984e+00	1.240325e+00	1.455888e+00
4.743673e+00	4.500900e-01	1.451742e+00
4.748361e+00	-1.644100e-01	1.446879e+00
4.753049e+00	-2.022085e+00	1.402591e+00
4.757737e+00	-1.921480e+00	1.434333e+00
4.762426e+00	3.223150e-01	1.517190e+00
4.767114e+00	-4.641800e-01	1.513708e+00
4.771802e+00	-2.459745e+00	1.467078e+00
4.776490e+00	-5.504300e-01	1.537770e+00
4.781179e+00	-5.375350e-01	1.570522e+00
4.785867e+00	-4.510550e-01	1.594656e+00
4.790555e+00	1.193780e+00	1.669049e+00
4.795243e+00	2.044650e+00	1.717220e+00
4.799931e+00	1.233310e+00	1.721727e+00
4.804620e+00	4.758400e-01	1.714199e+00
4.809308e+00	5.723300e-01	1.751558e+00
4.813996e+00	1.016130e+00	1.796541e+00
4.818684e+00	-6.636000e-02	1.785627e+00
4.823373e+00	-8.542400e-01	1.781426e+00
4.828061e+00	-1.566010e+00	1.784834e+00
4.832749e+00	-1.733260e+00	1.820408e+00
4.837437e+00	-3.250150e-01	1.918219e+00
4.842125e+00	-2.116795e+00	1.882699e+00
4.846814e+00	-3.939475e+00	1.839909e+00
4.851502e+00	-3.570840e+00	1.900390e+00
4.856190e+00	-7.200700e-01	2.052522e+00
4.860878e+00	4.136500e-01	2.147768e+00
4.865567e+00	2.513705e+00	2.298390e+00
4.870255e+00	6.650150e-01	2.267452e+00
4.874943e+00	-6.592800e-01	2.272596e+00
4.879631e+00	1.130800e-01	2.373733e+00
4.884320e+00	1.363275e+00	2.511328e+00
4.889008e+00	1.937195e+00	2.617188e+00
4.893696e+00	-1.058255e+00	2.561237e+00
4.898384e+00	-1.092910e+00	2.666707e+00
4.903072e+00	-1.940630e+00	2.725835e+00
4.907761e+00	-3.814315e+00	2.733440e+00
4.912449e+00	2.494000e+00	4.347332e+00
4.917137e+00	-6.639085e+00	1.049446e+01
