# Sample description: GI
# Parent(s): ../20151214/GI_no_protection/1d/GI_np_030_00105.dat
# No protection
3.200246e-02	9.985000e-01	1.861450e+01
3.669069e-02	6.613450e+01	1.610070e+01
4.137892e-02	1.849250e+02	1.501930e+01
4.606715e-02	2.189428e+02	1.197902e+01
5.075538e-02	2.092632e+02	9.414155e+00
5.544361e-02	2.061759e+02	7.846291e+00
6.013183e-02	2.031268e+02	6.901405e+00
6.482006e-02	1.973898e+02	6.192719e+00
6.950829e-02	1.887790e+02	5.591319e+00
7.419652e-02	1.793544e+02	5.083153e+00
7.888475e-02	1.755042e+02	4.747893e+00
8.357298e-02	1.658036e+02	4.412257e+00
8.826121e-02	1.650919e+02	4.198836e+00
9.294944e-02	1.698583e+02	4.056838e+00
9.763767e-02	1.681840e+02	3.880775e+00
1.023259e-01	1.665000e+02	3.733407e+00
1.070141e-01	1.612665e+02	3.574882e+00
1.117024e-01	1.578310e+02	3.440983e+00
1.163906e-01	1.619507e+02	3.372973e+00
1.210788e-01	1.618551e+02	3.290035e+00
1.257670e-01	1.555782e+02	3.161766e+00
1.304553e-01	1.602702e+02	3.130626e+00
1.351435e-01	1.553486e+02	3.022502e+00
1.398317e-01	1.472396e+02	2.897657e+00
1.445200e-01	1.493970e+02	2.855797e+00
1.492082e-01	1.510914e+02	2.816807e+00
1.538964e-01	1.478826e+02	2.738443e+00
1.585846e-01	1.452092e+02	2.668439e+00
1.632729e-01	1.451768e+02	2.624605e+00
1.679611e-01	1.466375e+02	2.594716e+00
1.726493e-01	1.437997e+02	2.532546e+00
1.773376e-01	1.453951e+02	2.502040e+00
1.820258e-01	1.432201e+02	2.451763e+00
1.867140e-01	1.442502e+02	2.426518e+00
1.914022e-01	1.404994e+02	2.367960e+00
1.960905e-01	1.384415e+02	2.318572e+00
2.007787e-01	1.367498e+02	2.280531e+00
2.054669e-01	1.357241e+02	2.246194e+00
2.101552e-01	1.384101e+02	2.237613e+00
2.148434e-01	1.342416e+02	2.180830e+00
2.195316e-01	1.323863e+02	2.142686e+00
2.242199e-01	1.308877e+02	2.108822e+00
2.289081e-01	1.313580e+02	2.089687e+00
2.335963e-01	1.294937e+02	2.054367e+00
2.382845e-01	1.301770e+02	2.035901e+00
2.429728e-01	1.235612e+02	1.972568e+00
2.476610e-01	1.251367e+02	1.963674e+00
2.523492e-01	1.233865e+02	1.932539e+00
2.570375e-01	1.211483e+02	1.897629e+00
2.617257e-01	1.215933e+02	1.882823e+00
2.664139e-01	1.196951e+02	1.853759e+00
2.711021e-01	1.210140e+02	1.845494e+00
2.757904e-01	1.211887e+02	1.828870e+00
2.804786e-01	1.164621e+02	1.785174e+00
2.851668e-01	1.148869e+02	1.760487e+00
2.898551e-01	1.146881e+02	1.743712e+00
2.945433e-01	1.158095e+02	1.736354e+00
2.992315e-01	1.126874e+02	1.741879e+00
3.039197e-01	1.119284e+02	1.750037e+00
3.086080e-01	1.112530e+02	1.751690e+00
3.132962e-01	1.063030e+02	1.719448e+00
3.179844e-01	1.067785e+02	1.721982e+00
3.226727e-01	1.068235e+02	1.722584e+00
3.273609e-01	1.037409e+02	1.700106e+00
3.320491e-01	1.035302e+02	1.695038e+00
3.367374e-01	1.006568e+02	1.672677e+00
3.414256e-01	9.973000e+01	1.662719e+00
3.461138e-01	9.838503e+01	1.650839e+00
3.508020e-01	9.866719e+01	1.647987e+00
3.554903e-01	9.504993e+01	1.617797e+00
3.601785e-01	9.401343e+01	1.607848e+00
3.648667e-01	9.384476e+01	1.618585e+00
3.695550e-01	9.294064e+01	1.648611e+00
3.742432e-01	9.107123e+01	1.654779e+00
3.789314e-01	8.911617e+01	1.655860e+00
3.836196e-01	8.691394e+01	1.649662e+00
3.883079e-01	8.543217e+01	1.648713e+00
3.929961e-01	8.483980e+01	1.659417e+00
3.976843e-01	8.219280e+01	1.660746e+00
4.023726e-01	8.143537e+01	1.672110e+00
4.070608e-01	8.178553e+01	1.681610e+00
4.117490e-01	8.148333e+01	1.682692e+00
4.164372e-01	7.903707e+01	1.665283e+00
4.211255e-01	7.607046e+01	1.645349e+00
4.258137e-01	7.407668e+01	1.630462e+00
4.305019e-01	7.187955e+01	1.611803e+00
4.351902e-01	7.109570e+01	1.601831e+00
4.398784e-01	6.977295e+01	1.588694e+00
4.445666e-01	7.006502e+01	1.611233e+00
4.492548e-01	6.767410e+01	1.644290e+00
4.539431e-01	6.946208e+01	1.690300e+00
4.586313e-01	6.814353e+01	1.702697e+00
4.633195e-01	6.706040e+01	1.716608e+00
4.680078e-01	6.523318e+01	1.718202e+00
4.726960e-01	6.388408e+01	1.725451e+00
4.773842e-01	6.251055e+01	1.728551e+00
4.820725e-01	6.272386e+01	1.748365e+00
4.867607e-01	6.014366e+01	1.740246e+00
4.914489e-01	6.241194e+01	1.775392e+00
4.961371e-01	5.933497e+01	1.761556e+00
5.008254e-01	5.916498e+01	1.772831e+00
5.055136e-01	5.537387e+01	1.748756e+00
5.102018e-01	5.662096e+01	1.722778e+00
5.148901e-01	5.749096e+01	1.670096e+00
5.195783e-01	5.510168e+01	1.619255e+00
5.242665e-01	5.119651e+01	1.560603e+00
5.289547e-01	5.029593e+01	1.537160e+00
5.336430e-01	5.160121e+01	1.535927e+00
5.383312e-01	5.036346e+01	1.510220e+00
5.430194e-01	4.887759e+01	1.488776e+00
5.477077e-01	4.603363e+01	1.451715e+00
5.523959e-01	4.520571e+01	1.434543e+00
5.570841e-01	4.363313e+01	1.411933e+00
5.617723e-01	4.478049e+01	1.417694e+00
5.664606e-01	4.418243e+01	1.405091e+00
5.711488e-01	4.309705e+01	1.388806e+00
5.758370e-01	4.133096e+01	1.363140e+00
5.805253e-01	4.217671e+01	1.364074e+00
5.852135e-01	4.065922e+01	1.337356e+00
5.899017e-01	3.847295e+01	1.307822e+00
5.945900e-01	3.821564e+01	1.296352e+00
5.992782e-01	3.714554e+01	1.275679e+00
6.039664e-01	3.573869e+01	1.255044e+00
6.086546e-01	3.527425e+01	1.242409e+00
6.133429e-01	3.558018e+01	1.236787e+00
6.180311e-01	3.407195e+01	1.216260e+00
6.227193e-01	3.450361e+01	1.211931e+00
6.274076e-01	3.112493e+01	1.173996e+00
6.320958e-01	3.329927e+01	1.191604e+00
6.367840e-01	3.178086e+01	1.173427e+00
6.414722e-01	3.018722e+01	1.153642e+00
6.461605e-01	3.020332e+01	1.151244e+00
6.508487e-01	3.077437e+01	1.155936e+00
6.555369e-01	2.894107e+01	1.131974e+00
6.602252e-01	2.902737e+01	1.131482e+00
6.649134e-01	2.759065e+01	1.114195e+00
6.696016e-01	2.577906e+01	1.091995e+00
6.742898e-01	2.525595e+01	1.083163e+00
6.789781e-01	2.519062e+01	1.082220e+00
6.836663e-01	2.263788e+01	1.052775e+00
6.883545e-01	2.204781e+01	1.043260e+00
6.930428e-01	2.249874e+01	1.045926e+00
6.977310e-01	2.304691e+01	1.049030e+00
7.024192e-01	2.253378e+01	1.041168e+00
7.071074e-01	2.296226e+01	1.043746e+00
7.117957e-01	2.135101e+01	1.024685e+00
7.164839e-01	2.069835e+01	1.014736e+00
7.211721e-01	2.163229e+01	1.022781e+00
7.258604e-01	2.008887e+01	1.003358e+00
7.305486e-01	1.910142e+01	9.912316e-01
7.352368e-01	1.982496e+01	9.969404e-01
7.399251e-01	1.936547e+01	9.889893e-01
7.446133e-01	1.739017e+01	9.656911e-01
7.493015e-01	1.766118e+01	9.685555e-01
7.539897e-01	1.770562e+01	9.643653e-01
7.586780e-01	1.620306e+01	9.465212e-01
7.633662e-01	1.664737e+01	9.504862e-01
7.680544e-01	1.661332e+01	9.476899e-01
7.727427e-01	1.598151e+01	9.375469e-01
7.774309e-01	1.577367e+01	9.345588e-01
7.821191e-01	1.353484e+01	9.076939e-01
7.868073e-01	1.333626e+01	9.020214e-01
7.914956e-01	1.417589e+01	9.106289e-01
7.961838e-01	1.479807e+01	9.154006e-01
8.008720e-01	1.320926e+01	8.964624e-01
8.055603e-01	1.239645e+01	8.856516e-01
8.102485e-01	1.278533e+01	8.897120e-01
8.149367e-01	1.287977e+01	8.871552e-01
8.196249e-01	1.179885e+01	8.722713e-01
8.243132e-01	1.249168e+01	8.783635e-01
8.290014e-01	1.082771e+01	8.581573e-01
8.336896e-01	1.104811e+01	8.596851e-01
8.383779e-01	1.017386e+01	8.469952e-01
8.430661e-01	9.920865e+00	8.432010e-01
8.477543e-01	9.519820e+00	8.386261e-01
8.524425e-01	9.665295e+00	8.378090e-01
8.571308e-01	9.207945e+00	8.319986e-01
8.618190e-01	8.509910e+00	8.195946e-01
8.665072e-01	9.066500e+00	8.238035e-01
8.711955e-01	8.791540e+00	8.189422e-01
8.758837e-01	8.423195e+00	8.139321e-01
8.805719e-01	1.000716e+01	8.311880e-01
8.852602e-01	8.845400e+00	8.173936e-01
8.899484e-01	9.815650e+00	8.257236e-01
8.946366e-01	8.390725e+00	8.077094e-01
8.993248e-01	7.197405e+00	7.922955e-01
9.040131e-01	6.671905e+00	7.852483e-01
9.087013e-01	7.026625e+00	7.878747e-01
9.133895e-01	7.531760e+00	7.912382e-01
9.180778e-01	7.258845e+00	7.848615e-01
9.227660e-01	7.169080e+00	7.822318e-01
9.274542e-01	7.304540e+00	7.843495e-01
9.321424e-01	6.643820e+00	7.733464e-01
9.368307e-01	6.693315e+00	7.741617e-01
9.415189e-01	6.066595e+00	7.652938e-01
9.462071e-01	5.639430e+00	7.599983e-01
9.508954e-01	5.635815e+00	7.561703e-01
9.555836e-01	5.235675e+00	7.506898e-01
9.602718e-01	5.665680e+00	7.567206e-01
9.649600e-01	5.841915e+00	7.559309e-01
9.696483e-01	5.560475e+00	7.507179e-01
9.743365e-01	6.405335e+00	7.606456e-01
9.790247e-01	6.780765e+00	7.622232e-01
9.837130e-01	5.421835e+00	7.455678e-01
9.884012e-01	4.483875e+00	7.325165e-01
9.930894e-01	5.332520e+00	7.416089e-01
9.977777e-01	6.408995e+00	7.525001e-01
1.002466e+00	5.158815e+00	7.379275e-01
1.007154e+00	5.407040e+00	7.378924e-01
1.011842e+00	4.756895e+00	7.288207e-01
1.016531e+00	3.063850e+00	7.090344e-01
1.021219e+00	4.281230e+00	7.217952e-01
1.025907e+00	4.169835e+00	7.191131e-01
1.030595e+00	4.340440e+00	7.200673e-01
1.035283e+00	3.735570e+00	7.115569e-01
1.039972e+00	3.223600e+00	7.050771e-01
1.044660e+00	3.272735e+00	7.054531e-01
1.049348e+00	3.397200e+00	7.043830e-01
1.054036e+00	4.320005e+00	7.138394e-01
1.058725e+00	4.799835e+00	7.174300e-01
1.063413e+00	4.687840e+00	7.160517e-01
1.068101e+00	3.483170e+00	7.009945e-01
1.072789e+00	4.256335e+00	7.084086e-01
1.077478e+00	4.021415e+00	7.044742e-01
1.082166e+00	3.864055e+00	7.015584e-01
1.086854e+00	3.661670e+00	6.984158e-01
1.091542e+00	3.731025e+00	6.965844e-01
1.096230e+00	3.774325e+00	6.958118e-01
1.100919e+00	3.138805e+00	6.879583e-01
1.105607e+00	4.024455e+00	6.978409e-01
1.110295e+00	2.669570e+00	6.805521e-01
1.114983e+00	3.682790e+00	6.910964e-01
1.119672e+00	2.359805e+00	6.747852e-01
1.124360e+00	2.331395e+00	6.737222e-01
1.129048e+00	3.239170e+00	6.824698e-01
1.133736e+00	3.158650e+00	6.797273e-01
1.138425e+00	3.611295e+00	6.851555e-01
1.143113e+00	3.588215e+00	6.825398e-01
1.147801e+00	2.055715e+00	6.650256e-01
1.152489e+00	3.100605e+00	6.751675e-01
1.157177e+00	2.090305e+00	6.615400e-01
1.161866e+00	2.899860e+00	6.711706e-01
1.166554e+00	3.096500e+00	6.716232e-01
1.171242e+00	3.125075e+00	6.719498e-01
1.175930e+00	2.691130e+00	6.652322e-01
1.180619e+00	2.583400e+00	6.629511e-01
1.185307e+00	2.990340e+00	6.668476e-01
1.189995e+00	3.740190e+00	6.749676e-01
1.194683e+00	2.571970e+00	6.600868e-01
1.199372e+00	2.077420e+00	6.537160e-01
1.204060e+00	1.407675e+00	6.451836e-01
1.208748e+00	2.605655e+00	6.596446e-01
1.213436e+00	2.956750e+00	6.611811e-01
1.218124e+00	3.097775e+00	6.610222e-01
1.222813e+00	3.020580e+00	6.601013e-01
1.227501e+00	2.702185e+00	6.554794e-01
1.232189e+00	2.086365e+00	6.478858e-01
1.236877e+00	1.623775e+00	6.401207e-01
1.241566e+00	2.123965e+00	6.447105e-01
1.246254e+00	1.353855e+00	6.372007e-01
1.250942e+00	1.466470e+00	6.524552e-01
1.255630e+00	2.040890e+00	6.774359e-01
1.260318e+00	1.419320e+00	6.804060e-01
1.265007e+00	2.376290e+00	7.002058e-01
1.269695e+00	2.737160e+00	7.126818e-01
1.274383e+00	2.705875e+00	7.198457e-01
1.279071e+00	3.075475e+00	7.329153e-01
1.283760e+00	2.207225e+00	7.270107e-01
1.288448e+00	1.422565e+00	7.224171e-01
1.293136e+00	1.260435e+00	7.252246e-01
1.297824e+00	1.841290e+00	7.386544e-01
1.302513e+00	1.939990e+00	7.453901e-01
1.307201e+00	2.744030e+00	7.581647e-01
1.311889e+00	2.592565e+00	7.547726e-01
1.316577e+00	2.703015e+00	7.317015e-01
1.321265e+00	1.870920e+00	7.024884e-01
1.325954e+00	2.252455e+00	6.948083e-01
1.330642e+00	2.834140e+00	6.925529e-01
1.335330e+00	1.696565e+00	6.697979e-01
1.340018e+00	1.899875e+00	6.668146e-01
1.344707e+00	1.652175e+00	6.593125e-01
1.349395e+00	1.716870e+00	6.543652e-01
1.354083e+00	2.322830e+00	6.559108e-01
1.358771e+00	2.210780e+00	6.503671e-01
1.363460e+00	1.757580e+00	6.424326e-01
1.368148e+00	2.058300e+00	6.436900e-01
1.372836e+00	2.874570e+00	6.496546e-01
1.377524e+00	1.771510e+00	6.362018e-01
1.382212e+00	2.068505e+00	6.387492e-01
1.386901e+00	1.302170e+00	6.284938e-01
1.391589e+00	2.193160e+00	6.370385e-01
1.396277e+00	2.300935e+00	6.375013e-01
1.400965e+00	2.104465e+00	6.342294e-01
1.405654e+00	1.948450e+00	6.314921e-01
1.410342e+00	1.336025e+00	6.230474e-01
1.415030e+00	9.375950e-01	6.174321e-01
1.419718e+00	9.492700e-01	6.171714e-01
1.424406e+00	2.220435e+00	6.289616e-01
1.429095e+00	1.521545e+00	6.194760e-01
1.433783e+00	1.714695e+00	6.212994e-01
1.438471e+00	1.589780e+00	6.192613e-01
1.443159e+00	1.448670e+00	6.158653e-01
1.447848e+00	1.407015e+00	6.140520e-01
1.452536e+00	1.900780e+00	6.191482e-01
1.457224e+00	2.412720e+00	6.233230e-01
1.461912e+00	1.056325e+00	6.082317e-01
1.466601e+00	5.562200e-01	6.002231e-01
1.471289e+00	1.822980e+00	6.137508e-01
1.475977e+00	2.062565e+00	6.162606e-01
1.480665e+00	1.615500e+00	6.100705e-01
1.485353e+00	1.921135e+00	6.236589e-01
1.490042e+00	1.458525e+00	6.371669e-01
1.494730e+00	1.432415e+00	6.474686e-01
1.499418e+00	1.306565e+00	6.527483e-01
1.504106e+00	1.744340e+00	6.659489e-01
1.508795e+00	1.789080e+00	6.730212e-01
1.513483e+00	1.808150e+00	6.596103e-01
1.518171e+00	1.309925e+00	6.385814e-01
1.522859e+00	1.420180e+00	6.282134e-01
1.527548e+00	2.741750e-01	6.094674e-01
1.532236e+00	2.341010e+00	6.274357e-01
1.536924e+00	1.619485e+00	6.146095e-01
1.541612e+00	8.586700e-01	6.020165e-01
1.546300e+00	1.619545e+00	6.097490e-01
1.550989e+00	7.021000e-01	5.976603e-01
1.555677e+00	6.898750e-01	5.945139e-01
1.560365e+00	6.126950e-01	5.892062e-01
1.565053e+00	7.474700e-01	5.891645e-01
1.569742e+00	9.361050e-01	5.881805e-01
1.574430e+00	1.019765e+00	5.876046e-01
1.579118e+00	1.128280e+00	5.893758e-01
1.583806e+00	6.649750e-01	5.849851e-01
1.588495e+00	6.562650e-01	5.860796e-01
1.593183e+00	1.635160e+00	5.971044e-01
1.597871e+00	8.838200e-01	5.876578e-01
1.602559e+00	2.811000e-01	5.805255e-01
1.607247e+00	9.252350e-01	5.867177e-01
1.611936e+00	1.083185e+00	5.875534e-01
1.616624e+00	1.095110e+00	5.853569e-01
1.621312e+00	1.829845e+00	5.933496e-01
1.626000e+00	1.331260e+00	5.867651e-01
1.630689e+00	1.684055e+00	5.909525e-01
1.635377e+00	9.924700e-01	5.811911e-01
1.640065e+00	1.454115e+00	5.849606e-01
1.644753e+00	4.392250e-01	5.744977e-01
1.649441e+00	9.667900e-01	5.796900e-01
1.654130e+00	8.231750e-01	5.766814e-01
1.658818e+00	1.641355e+00	5.852486e-01
1.663506e+00	6.116350e-01	5.726917e-01
1.668194e+00	3.284350e-01	5.684611e-01
1.672883e+00	4.246700e-01	5.691631e-01
1.677571e+00	7.581050e-01	5.712271e-01
1.682259e+00	1.204180e+00	5.765914e-01
1.686947e+00	1.719695e+00	5.792543e-01
1.691636e+00	1.974150e+00	5.817430e-01
1.696324e+00	1.233195e+00	5.733641e-01
1.701012e+00	1.224195e+00	5.711239e-01
1.705700e+00	1.175795e+00	5.716927e-01
1.710388e+00	1.160410e+00	5.704094e-01
1.715077e+00	1.147085e+00	5.690843e-01
1.719765e+00	5.907000e-02	5.566813e-01
1.724453e+00	1.560385e+00	5.726758e-01
1.729141e+00	8.761200e-01	5.646602e-01
1.733830e+00	1.049240e+00	5.640349e-01
1.738518e+00	1.661780e+00	5.703011e-01
1.743206e+00	1.783560e+00	5.714219e-01
1.747894e+00	7.340450e-01	5.599792e-01
1.752583e+00	1.629965e+00	5.688394e-01
1.757271e+00	1.323675e+00	5.641081e-01
1.761959e+00	1.031245e+00	5.613695e-01
1.766647e+00	8.177900e-01	5.579851e-01
1.771335e+00	1.182805e+00	5.607920e-01
1.776024e+00	9.952850e-01	5.584042e-01
1.780712e+00	9.933750e-01	5.587774e-01
1.785400e+00	9.898350e-01	5.563566e-01
1.790088e+00	1.215640e+00	5.573308e-01
1.794777e+00	8.843800e-01	5.551796e-01
1.799465e+00	1.145800e+00	5.563063e-01
1.804153e+00	5.404850e-01	5.489066e-01
1.808841e+00	1.442125e+00	5.577126e-01
1.813530e+00	1.461365e+00	5.569788e-01
1.818218e+00	9.079000e-01	5.505637e-01
1.822906e+00	8.882500e-02	5.424165e-01
1.827594e+00	1.125240e+00	5.521826e-01
1.832282e+00	4.202600e-01	5.426672e-01
1.836971e+00	6.085500e-01	5.456366e-01
1.841659e+00	7.550650e-01	5.459970e-01
1.846347e+00	4.580150e-01	5.426683e-01
1.851035e+00	5.022200e-01	5.412186e-01
1.855724e+00	1.831245e+00	5.550354e-01
1.860412e+00	7.575850e-01	5.438587e-01
1.865100e+00	9.376500e-01	5.446764e-01
1.869788e+00	6.413250e-01	5.407721e-01
1.874476e+00	3.059250e-01	5.379285e-01
1.879165e+00	4.782900e-01	5.379785e-01
1.883853e+00	4.142600e-01	5.362890e-01
1.888541e+00	4.680800e-01	5.359148e-01
1.893229e+00	5.100150e-01	5.367450e-01
1.897918e+00	7.300100e-01	5.384816e-01
1.902606e+00	9.430750e-01	5.397373e-01
1.907294e+00	-5.261900e-01	5.241498e-01
1.911982e+00	1.047450e-01	5.293600e-01
1.916671e+00	1.050250e-01	5.289851e-01
1.921359e+00	5.483650e-01	5.329472e-01
1.926047e+00	6.984250e-01	5.346169e-01
1.930735e+00	2.862550e-01	5.289828e-01
1.935423e+00	3.496550e-01	5.286257e-01
1.940112e+00	9.366650e-01	5.330061e-01
1.944800e+00	8.848500e-01	5.325267e-01
1.949488e+00	9.335000e-01	5.317441e-01
1.954176e+00	1.000980e+00	5.318853e-01
1.958865e+00	5.935850e-01	5.249669e-01
1.963553e+00	6.293900e-01	5.256914e-01
1.968241e+00	7.655400e-01	5.256936e-01
1.972929e+00	1.325940e+00	5.311661e-01
1.977618e+00	8.278250e-01	5.254765e-01
1.982306e+00	4.699600e-01	5.210582e-01
1.986994e+00	6.077100e-01	5.223767e-01
1.991682e+00	3.056350e-01	5.197416e-01
1.996370e+00	2.740150e-01	5.182782e-01
2.001059e+00	2.627150e-01	5.204652e-01
2.005747e+00	5.023450e-01	5.217435e-01
2.010435e+00	1.545885e+00	5.313165e-01
2.015123e+00	1.497165e+00	5.305022e-01
2.019812e+00	2.169650e-01	5.174685e-01
2.024500e+00	3.898900e-01	5.186546e-01
2.029188e+00	-1.902600e-01	5.120551e-01
2.033876e+00	2.116200e-01	5.151866e-01
2.038565e+00	9.306600e-01	5.207461e-01
2.043253e+00	9.354950e-01	5.213611e-01
2.047941e+00	8.302950e-01	5.208304e-01
2.052629e+00	-6.212200e-01	5.086927e-01
2.057317e+00	6.023850e-01	5.353157e-01
2.062006e+00	5.738200e-01	5.440495e-01
2.066694e+00	7.285400e-01	5.527591e-01
2.071382e+00	5.278150e-01	5.556910e-01
2.076070e+00	3.186700e-01	5.594763e-01
2.080759e+00	7.148300e-01	5.687096e-01
2.085447e+00	1.227200e+00	5.774246e-01
2.090135e+00	9.583900e-01	5.771032e-01
2.094823e+00	1.185955e+00	5.811212e-01
2.099511e+00	9.873000e-01	5.810789e-01
2.104200e+00	7.873600e-01	5.798895e-01
2.108888e+00	7.614700e-01	5.805451e-01
2.113576e+00	5.116200e-01	5.792724e-01
2.118264e+00	9.034600e-01	5.777725e-01
2.122953e+00	7.029600e-01	5.597894e-01
2.127641e+00	4.647500e-01	5.463376e-01
2.132329e+00	2.619650e-01	5.391019e-01
2.137017e+00	7.035150e-01	5.376352e-01
2.141706e+00	6.509850e-01	5.321899e-01
2.146394e+00	-1.357650e-01	5.205174e-01
2.151082e+00	-9.812500e-02	5.177554e-01
2.155770e+00	4.277700e-01	5.208155e-01
2.160458e+00	1.432115e+00	5.303110e-01
2.165147e+00	2.369000e-02	5.152447e-01
2.169835e+00	7.829400e-01	5.211686e-01
2.174523e+00	7.138400e-01	5.195067e-01
2.179211e+00	5.668450e-01	5.173540e-01
2.183900e+00	6.758550e-01	5.176091e-01
2.188588e+00	7.525700e-01	5.172728e-01
2.193276e+00	8.147200e-01	5.169939e-01
2.197964e+00	9.115650e-01	5.165944e-01
2.202653e+00	7.296450e-01	5.146040e-01
2.207341e+00	8.242650e-01	5.148584e-01
2.212029e+00	6.299400e-01	5.119409e-01
2.216717e+00	6.030900e-01	5.107159e-01
2.221405e+00	3.371800e-01	5.080956e-01
2.226094e+00	9.849100e-01	5.131371e-01
2.230782e+00	3.199950e-01	5.053802e-01
2.235470e+00	7.182700e-01	5.089223e-01
2.240158e+00	7.599600e-01	5.090771e-01
2.244847e+00	-1.535100e-01	4.993425e-01
2.249535e+00	-5.480300e-01	4.943600e-01
2.254223e+00	8.808500e-02	4.996589e-01
2.258911e+00	4.486450e-01	5.022255e-01
2.263600e+00	2.044100e-01	5.001886e-01
2.268288e+00	9.022300e-01	5.065687e-01
2.272976e+00	1.605750e-01	4.985998e-01
2.277664e+00	3.964750e-01	5.002798e-01
2.282352e+00	9.402900e-01	5.040534e-01
2.287041e+00	6.658800e-01	5.017290e-01
2.291729e+00	2.462050e-01	4.966571e-01
2.296417e+00	6.699000e-01	4.997769e-01
2.301105e+00	1.142900e+00	5.039125e-01
2.305794e+00	7.654650e-01	4.993761e-01
2.310482e+00	1.232335e+00	5.030127e-01
2.315170e+00	1.041615e+00	5.015237e-01
2.319858e+00	5.162100e-01	4.953889e-01
2.324546e+00	-1.691000e-02	4.900006e-01
2.329235e+00	5.672850e-01	4.939319e-01
2.333923e+00	1.922000e-02	4.892594e-01
2.338611e+00	3.521800e-01	4.918742e-01
2.343299e+00	1.194735e+00	4.996855e-01
2.347988e+00	7.426700e-01	4.930452e-01
2.352676e+00	-2.358150e-01	4.839614e-01
2.357364e+00	5.201550e-01	4.908512e-01
2.362052e+00	4.550950e-01	4.897534e-01
2.366741e+00	3.405000e-01	4.893347e-01
2.371429e+00	9.201850e-01	4.935079e-01
2.376117e+00	7.438000e-01	4.913203e-01
2.380805e+00	2.032450e-01	4.857358e-01
2.385493e+00	9.035700e-01	4.915965e-01
2.390182e+00	1.268095e+00	4.948152e-01
2.394870e+00	5.015100e-01	4.873442e-01
2.399558e+00	4.385050e-01	4.857145e-01
2.404246e+00	-2.421200e-01	4.782266e-01
2.408935e+00	9.562500e-02	4.813428e-01
2.413623e+00	2.122750e-01	4.825219e-01
2.418311e+00	8.799850e-01	4.876367e-01
2.422999e+00	1.731400e-01	4.807128e-01
2.427688e+00	-1.316700e-01	4.769235e-01
2.432376e+00	3.334200e-01	4.812889e-01
2.437064e+00	1.633850e-01	4.798904e-01
2.441752e+00	2.280500e-01	4.787309e-01
2.446440e+00	2.055800e-01	4.779738e-01
2.451129e+00	4.455100e-01	4.797253e-01
2.455817e+00	4.911200e-01	4.799979e-01
2.460505e+00	3.990100e-01	4.783662e-01
2.465193e+00	5.292200e-01	4.794536e-01
2.469882e+00	6.405050e-01	4.793258e-01
2.474570e+00	7.618950e-01	4.802916e-01
2.479258e+00	1.620500e-01	4.744931e-01
2.483946e+00	1.363950e-01	4.738466e-01
2.488634e+00	-5.339000e-02	4.713962e-01
2.493323e+00	-2.299450e-01	4.694390e-01
2.498011e+00	1.299000e-02	4.719578e-01
2.502699e+00	5.888350e-01	4.759156e-01
2.507387e+00	5.957900e-01	4.762138e-01
2.512076e+00	8.678500e-01	4.782307e-01
2.516764e+00	2.375400e-01	4.716389e-01
2.521452e+00	2.303900e-01	4.710093e-01
2.526140e+00	7.422600e-01	4.751402e-01
2.530829e+00	-1.872050e-01	4.661262e-01
2.535517e+00	7.949500e-02	4.676930e-01
2.540205e+00	9.428000e-01	4.742024e-01
2.544893e+00	1.080650e-01	4.665311e-01
2.549581e+00	7.621300e-01	4.710694e-01
2.554270e+00	3.051100e-01	4.663465e-01
2.558958e+00	2.805200e-01	4.660655e-01
2.563646e+00	6.970600e-01	4.691812e-01
2.568334e+00	5.064500e-01	4.672244e-01
2.573023e+00	-1.170600e-01	4.610590e-01
2.577711e+00	8.185300e-01	4.683011e-01
2.582399e+00	1.383245e+00	4.731763e-01
2.587087e+00	6.004200e-01	4.660283e-01
2.591776e+00	2.831050e-01	4.635553e-01
2.596464e+00	2.463800e-01	4.632237e-01
2.601152e+00	2.095000e-01	4.621934e-01
2.605840e+00	6.624150e-01	4.669838e-01
2.610528e+00	6.325400e-01	4.656848e-01
2.615217e+00	1.192020e+00	4.707315e-01
2.619905e+00	6.941850e-01	4.661149e-01
2.624593e+00	1.966000e-02	4.585822e-01
2.629281e+00	-7.333000e-02	4.583379e-01
2.633970e+00	5.704700e-01	4.628124e-01
2.638658e+00	4.268300e-01	4.614390e-01
2.643346e+00	8.887000e-02	4.583516e-01
2.648034e+00	2.059000e-01	4.591565e-01
2.652723e+00	8.712450e-01	4.649863e-01
2.657411e+00	4.454150e-01	4.601425e-01
2.662099e+00	6.262150e-01	4.613447e-01
2.666787e+00	3.257650e-01	4.576401e-01
2.671475e+00	7.084700e-01	4.613236e-01
2.676164e+00	2.780900e-01	4.571444e-01
2.680852e+00	1.985200e-01	4.565792e-01
2.685540e+00	8.749600e-01	4.618736e-01
2.690228e+00	3.179750e-01	4.567127e-01
2.694917e+00	4.784950e-01	4.574969e-01
2.699605e+00	5.984400e-01	4.581153e-01
2.704293e+00	2.101800e-01	4.542929e-01
2.708981e+00	4.898150e-01	4.558057e-01
2.713669e+00	4.564750e-01	4.557160e-01
2.718358e+00	-1.145350e-01	4.497926e-01
2.723046e+00	5.344650e-01	4.554196e-01
2.727734e+00	1.107225e+00	4.600660e-01
2.732422e+00	7.196400e-01	4.559428e-01
2.737111e+00	7.162050e-01	4.552682e-01
2.741799e+00	1.724250e-01	4.509588e-01
2.746487e+00	4.962650e-01	4.529525e-01
2.751175e+00	1.007095e+00	4.571090e-01
2.755864e+00	1.054205e+00	4.565609e-01
2.760552e+00	7.771050e-01	4.540697e-01
2.765240e+00	2.107100e-01	4.488792e-01
2.769928e+00	-3.483200e-01	4.440171e-01
2.774616e+00	2.699950e-01	4.490210e-01
2.779305e+00	2.843450e-01	4.484973e-01
2.783993e+00	-1.894750e-01	4.437296e-01
2.788681e+00	1.348150e-01	4.459135e-01
2.793369e+00	7.445850e-01	4.514823e-01
2.798058e+00	-1.361250e-01	4.434548e-01
2.802746e+00	3.945700e-01	4.478999e-01
2.807434e+00	9.347250e-01	4.519238e-01
2.812122e+00	7.569750e-01	4.503126e-01
2.816811e+00	3.792050e-01	4.464984e-01
2.821499e+00	4.170600e-01	4.466286e-01
2.826187e+00	1.745850e-01	4.439730e-01
2.830875e+00	-1.056100e-01	4.406299e-01
2.835563e+00	2.848900e-01	4.441449e-01
2.840252e+00	2.579850e-01	4.430156e-01
2.844940e+00	8.499700e-01	4.484040e-01
2.849628e+00	6.755150e-01	4.464564e-01
2.854316e+00	1.520700e-01	4.420412e-01
2.859005e+00	-2.000800e-01	4.463540e-01
2.863693e+00	-3.814850e-01	4.548105e-01
2.868381e+00	3.009300e-01	4.668705e-01
2.873069e+00	-9.775500e-02	4.683159e-01
2.877758e+00	5.948250e-01	4.787470e-01
2.882446e+00	6.580950e-01	4.813942e-01
2.887134e+00	-1.918950e-01	4.746030e-01
2.891822e+00	-2.829100e-01	4.757814e-01
2.896510e+00	1.712850e-01	4.820047e-01
2.901199e+00	2.761750e-01	4.840987e-01
2.905887e+00	7.114950e-01	4.893090e-01
2.910575e+00	1.140005e+00	4.938985e-01
2.915263e+00	7.212200e-01	4.912311e-01
2.919952e+00	1.239900e-01	4.859631e-01
2.924640e+00	5.075300e-01	4.768438e-01
2.929328e+00	8.604750e-01	4.715866e-01
2.934016e+00	1.100405e+00	4.672468e-01
2.938704e+00	6.368100e-01	4.600745e-01
2.943393e+00	3.295500e-01	4.541009e-01
2.948081e+00	6.075950e-01	4.540333e-01
2.952769e+00	8.116800e-01	4.549742e-01
2.957457e+00	1.118520e+00	4.566802e-01
2.962146e+00	6.001200e-01	4.503426e-01
2.966834e+00	2.041250e-01	4.459797e-01
2.971522e+00	4.352200e-01	4.474116e-01
2.976210e+00	6.796950e-01	4.504613e-01
2.980899e+00	1.291600e-01	4.448691e-01
2.985587e+00	-4.253250e-01	4.381264e-01
2.990275e+00	-1.798450e-01	4.390323e-01
2.994963e+00	2.723400e-01	4.429492e-01
2.999651e+00	1.042725e+00	4.489614e-01
3.004340e+00	-2.572500e-01	4.378597e-01
3.009028e+00	1.298400e-01	4.404093e-01
3.013716e+00	6.102650e-01	4.437356e-01
3.018404e+00	-3.558500e-02	4.376135e-01
3.023093e+00	-4.562500e-02	4.368618e-01
3.027781e+00	4.570400e-01	4.402703e-01
3.032469e+00	-3.551900e-01	4.335663e-01
3.037157e+00	-1.789350e-01	4.341612e-01
3.041846e+00	2.079700e-01	4.375880e-01
3.046534e+00	4.462650e-01	4.385545e-01
3.051222e+00	6.726700e-01	4.401427e-01
3.055910e+00	9.467000e-02	4.343491e-01
3.060598e+00	4.821400e-01	4.382774e-01
3.065287e+00	7.961050e-01	4.397333e-01
3.069975e+00	1.031360e+00	4.411270e-01
3.074663e+00	5.874500e-02	4.326835e-01
3.079351e+00	-2.472600e-01	4.294322e-01
3.084040e+00	-2.559500e-02	4.307026e-01
3.088728e+00	5.591300e-01	4.353262e-01
3.093416e+00	7.310000e-01	4.366263e-01
3.098104e+00	2.915800e-01	4.321952e-01
3.102793e+00	1.008230e+00	4.383272e-01
3.107481e+00	4.528450e-01	4.334056e-01
3.112169e+00	-1.243800e-01	4.275866e-01
3.116857e+00	-9.388500e-02	4.275626e-01
3.121545e+00	4.009450e-01	4.309176e-01
3.126234e+00	-3.094450e-01	4.254655e-01
3.130922e+00	4.155100e-01	4.309160e-01
3.135610e+00	6.835750e-01	4.326669e-01
3.140298e+00	5.197100e-01	4.306063e-01
3.144987e+00	9.505500e-02	4.271021e-01
3.149675e+00	8.251850e-01	4.325520e-01
3.154363e+00	1.446600e-01	4.259602e-01
3.159051e+00	-1.126350e-01	4.238436e-01
3.163739e+00	4.433450e-01	4.280945e-01
3.168428e+00	2.269750e-01	4.260872e-01
3.173116e+00	3.373250e-01	4.264760e-01
3.177804e+00	2.738350e-01	4.255554e-01
3.182492e+00	3.676450e-01	4.265576e-01
3.187181e+00	3.853900e-01	4.259772e-01
3.191869e+00	4.846050e-01	4.260850e-01
3.196557e+00	9.355100e-01	4.293885e-01
3.201245e+00	-3.436350e-01	4.190210e-01
3.205934e+00	-3.575850e-01	4.183575e-01
3.210622e+00	-1.306800e-01	4.200591e-01
3.215310e+00	8.559550e-01	4.279948e-01
3.219998e+00	5.764650e-01	4.247734e-01
3.224686e+00	1.469450e-01	4.206759e-01
3.229375e+00	5.633650e-01	4.226802e-01
3.234063e+00	7.213800e-01	4.236442e-01
3.238751e+00	6.807500e-02	4.183247e-01
3.243439e+00	1.451250e-01	4.180897e-01
3.248128e+00	1.034480e+00	4.250562e-01
3.252816e+00	1.391100e+00	4.283738e-01
3.257504e+00	1.038920e+00	4.243469e-01
3.262192e+00	6.812650e-01	4.215160e-01
3.266881e+00	1.099670e+00	4.239182e-01
3.271569e+00	4.475850e-01	4.183375e-01
3.276257e+00	2.316850e-01	4.168331e-01
3.280945e+00	4.065400e-01	4.182800e-01
3.285633e+00	3.797350e-01	4.184911e-01
3.290322e+00	3.603950e-01	4.183373e-01
3.295010e+00	1.805500e-02	4.150665e-01
3.299698e+00	3.084550e-01	4.169283e-01
3.304386e+00	7.269950e-01	4.200226e-01
3.309075e+00	2.161050e-01	4.156420e-01
3.313763e+00	-2.720900e-01	4.109183e-01
3.318451e+00	-3.448350e-01	4.106635e-01
3.323139e+00	4.382200e-01	4.165286e-01
3.327828e+00	2.245250e-01	4.147578e-01
3.332516e+00	7.384950e-01	4.185557e-01
3.337204e+00	5.227000e-01	4.160984e-01
3.341892e+00	1.028400e-01	4.130061e-01
3.346580e+00	-1.580100e-01	4.097295e-01
3.351269e+00	7.303000e-02	4.114609e-01
3.355957e+00	5.215550e-01	4.169330e-01
3.360645e+00	3.134300e-01	4.243589e-01
3.365333e+00	9.868000e-02	4.292928e-01
3.370022e+00	-1.227350e-01	4.318208e-01
3.374710e+00	-7.579500e-02	4.338873e-01
3.379398e+00	1.792900e-01	4.374338e-01
3.384086e+00	8.686650e-01	4.448663e-01
3.388774e+00	5.080850e-01	4.421364e-01
3.393463e+00	3.484350e-01	4.411832e-01
3.398151e+00	3.629600e-01	4.408043e-01
3.402839e+00	6.196150e-01	4.438560e-01
3.407527e+00	6.599650e-01	4.453778e-01
3.412216e+00	-2.627950e-01	4.388505e-01
3.416904e+00	3.627350e-01	4.442843e-01
3.421592e+00	5.028200e-01	4.461085e-01
3.426280e+00	5.525300e-01	4.475362e-01
3.430969e+00	6.960800e-01	4.497413e-01
3.435657e+00	6.221900e-01	4.496072e-01
3.440345e+00	6.093500e-02	4.453145e-01
3.445033e+00	1.073800e-01	4.472279e-01
3.449721e+00	6.354500e-01	4.514038e-01
3.454410e+00	6.005150e-01	4.517853e-01
3.459098e+00	-1.989200e-01	4.455475e-01
3.463786e+00	5.099800e-01	4.521192e-01
3.468474e+00	1.827350e-01	4.500214e-01
3.473163e+00	4.995250e-01	4.536093e-01
3.477851e+00	4.381400e-01	4.529691e-01
3.482539e+00	2.040000e-01	4.518355e-01
3.487227e+00	7.117850e-01	4.562744e-01
3.491916e+00	2.279300e-01	4.537019e-01
3.496604e+00	3.076200e-01	4.546326e-01
3.501292e+00	1.737250e-01	4.531535e-01
3.505980e+00	2.391550e-01	4.542801e-01
3.510668e+00	-3.771000e-02	4.527595e-01
3.515357e+00	3.202450e-01	4.564296e-01
3.520045e+00	5.116550e-01	4.581820e-01
3.524733e+00	7.716000e-02	4.547470e-01
3.529421e+00	7.210500e-02	4.549092e-01
3.534110e+00	-1.366400e-01	4.531282e-01
3.538798e+00	6.666500e-02	4.558348e-01
3.543486e+00	8.695150e-01	4.635381e-01
3.548174e+00	6.698250e-01	4.629070e-01
3.552863e+00	2.144000e-02	4.574655e-01
3.557551e+00	9.023000e-02	4.588198e-01
3.562239e+00	-2.077150e-01	4.557818e-01
3.566927e+00	-2.872950e-01	4.549575e-01
3.571615e+00	3.902500e-01	4.613635e-01
3.576304e+00	1.749900e-01	4.601211e-01
3.580992e+00	1.189600e-01	4.598471e-01
3.585680e+00	-1.443600e-01	4.564046e-01
3.590368e+00	-3.702100e-01	4.541479e-01
3.595057e+00	-2.516900e-01	4.554686e-01
3.599745e+00	1.529500e-01	4.582309e-01
3.604433e+00	4.111000e-01	4.606919e-01
3.609121e+00	-3.533600e-01	4.540000e-01
3.613809e+00	-4.344800e-01	4.529557e-01
3.618498e+00	-3.667500e-02	4.564677e-01
3.623186e+00	3.306000e-01	4.599219e-01
3.627874e+00	5.208250e-01	4.623489e-01
3.632562e+00	4.652550e-01	4.623913e-01
3.637251e+00	4.715600e-01	4.633813e-01
3.641939e+00	3.282150e-01	4.619437e-01
3.646627e+00	2.384750e-01	4.607757e-01
3.651315e+00	8.704000e-02	4.597559e-01
3.656004e+00	6.041950e-01	4.661891e-01
3.660692e+00	6.530850e-01	4.756445e-01
3.665380e+00	7.899800e-01	4.926273e-01
3.670068e+00	6.749450e-01	4.992990e-01
3.674756e+00	6.730000e-03	5.000852e-01
3.679445e+00	5.745150e-01	5.117940e-01
3.684133e+00	1.065325e+00	5.200467e-01
3.688821e+00	7.105200e-01	5.198385e-01
3.693509e+00	1.978350e-01	5.172563e-01
3.698198e+00	4.368700e-01	5.221044e-01
3.702886e+00	1.101320e+00	5.323770e-01
3.707574e+00	6.305450e-01	5.302273e-01
3.712262e+00	2.252400e-01	5.292002e-01
3.716951e+00	2.526150e-01	5.319613e-01
3.721639e+00	2.501000e-01	5.341564e-01
3.726327e+00	3.480300e-01	5.369137e-01
3.731015e+00	6.078000e-01	5.417004e-01
3.735703e+00	5.853100e-01	5.444782e-01
3.740392e+00	7.505800e-01	5.485646e-01
3.745080e+00	6.715500e-02	5.438394e-01
3.749768e+00	-4.010100e-01	5.406610e-01
3.754456e+00	-4.095000e-02	5.471105e-01
3.759145e+00	1.702950e-01	5.517135e-01
3.763833e+00	2.279150e-01	5.542762e-01
3.768521e+00	3.569400e-01	5.571173e-01
3.773209e+00	1.113870e+00	5.684994e-01
3.777897e+00	1.221000e-01	5.595239e-01
3.782586e+00	-3.993700e-01	5.564448e-01
3.787274e+00	1.546700e-01	5.650198e-01
3.791962e+00	6.700000e-02	5.646049e-01
3.796650e+00	7.907500e-02	5.677286e-01
3.801339e+00	5.428800e-01	5.754305e-01
3.806027e+00	-7.625500e-02	5.711154e-01
3.810715e+00	6.067600e-01	5.802422e-01
3.815403e+00	2.320200e-01	5.788807e-01
3.820092e+00	6.804750e-01	5.868221e-01
3.824780e+00	7.326750e-01	5.875420e-01
3.829468e+00	-2.909000e-01	5.792114e-01
3.834156e+00	6.327950e-01	5.907955e-01
3.838844e+00	4.367850e-01	5.911362e-01
3.843533e+00	1.024050e-01	5.896185e-01
3.848221e+00	5.971500e-01	5.977364e-01
3.852909e+00	3.449500e-01	5.960832e-01
3.857597e+00	-1.038000e-02	5.945769e-01
3.862286e+00	2.734500e-02	5.979525e-01
3.866974e+00	5.125100e-01	6.056528e-01
3.871662e+00	4.956300e-01	6.060064e-01
3.876350e+00	2.684350e-01	6.053830e-01
3.881039e+00	-1.318600e-01	6.032137e-01
3.885727e+00	3.672050e-01	6.114845e-01
3.890415e+00	1.228900e+00	6.235659e-01
3.895103e+00	1.033865e+00	6.239326e-01
3.899791e+00	7.499150e-01	6.219374e-01
3.904480e+00	3.914700e-01	6.212794e-01
3.909168e+00	-1.650250e-01	6.156468e-01
3.913856e+00	-7.470650e-01	6.116223e-01
3.918544e+00	-8.838250e-01	6.124210e-01
3.923233e+00	-9.090000e-03	6.253214e-01
3.927921e+00	5.542500e-01	6.334803e-01
3.932609e+00	5.736500e-01	6.362062e-01
3.937297e+00	2.321100e-01	6.329734e-01
3.941986e+00	9.001200e-01	6.406710e-01
3.946674e+00	8.841200e-01	6.408609e-01
3.951362e+00	8.644200e-01	6.421579e-01
3.956050e+00	3.105550e-01	6.333712e-01
3.960738e+00	7.432950e-01	6.390273e-01
3.965427e+00	9.689850e-01	6.432337e-01
3.970115e+00	5.887600e-01	6.394286e-01
3.974803e+00	9.169350e-01	6.468077e-01
3.979491e+00	2.964000e-02	6.372508e-01
3.984180e+00	1.223300e-01	6.398396e-01
3.988868e+00	-3.540000e-02	6.422684e-01
3.993556e+00	6.539200e-01	6.521448e-01
3.998244e+00	1.537300e-01	6.462584e-01
4.002932e+00	-1.166500e-01	6.455812e-01
4.007621e+00	-1.706600e-01	6.481073e-01
4.012309e+00	-1.857150e-01	6.482407e-01
4.016997e+00	6.824500e-01	6.613834e-01
4.021685e+00	6.709700e-01	6.636593e-01
4.026374e+00	3.378800e-01	6.630653e-01
4.031062e+00	6.911300e-01	6.689940e-01
4.035750e+00	-4.426300e-01	6.580875e-01
4.040438e+00	-2.560250e-01	6.629061e-01
4.045127e+00	6.611000e-01	6.759209e-01
4.049815e+00	4.262050e-01	6.760451e-01
4.054503e+00	1.431650e-01	6.744210e-01
4.059191e+00	7.242250e-01	6.830614e-01
4.063879e+00	1.075540e+00	6.905788e-01
4.068568e+00	9.558350e-01	6.918711e-01
4.073256e+00	5.950500e-01	6.896051e-01
4.077944e+00	2.043050e-01	6.849278e-01
4.082632e+00	4.662700e-01	6.905290e-01
4.087321e+00	6.814400e-01	6.974726e-01
4.092009e+00	2.361350e-01	6.946671e-01
4.096697e+00	8.172100e-01	7.057264e-01
4.101385e+00	3.880050e-01	6.995489e-01
4.106074e+00	-2.814050e-01	6.943205e-01
4.110762e+00	-1.723500e-01	6.973493e-01
4.115450e+00	-5.850700e-01	6.946059e-01
4.120138e+00	1.395650e-01	7.088856e-01
4.124826e+00	-6.565550e-01	6.996951e-01
4.129515e+00	1.497350e+00	7.341703e-01
4.134203e+00	1.078830e+00	7.286707e-01
4.138891e+00	8.419800e-01	7.287583e-01
4.143579e+00	9.180850e-01	7.319578e-01
4.148268e+00	-2.646800e-01	7.189255e-01
4.152956e+00	2.528250e-01	7.287692e-01
4.157644e+00	1.646565e+00	7.486267e-01
4.162332e+00	1.267785e+00	7.480070e-01
4.167021e+00	4.527000e-02	7.334543e-01
4.171709e+00	-2.221650e-01	7.304897e-01
4.176397e+00	1.435200e+00	7.584583e-01
4.181085e+00	7.353450e-01	7.501873e-01
4.185773e+00	1.015700e-01	7.434200e-01
4.190462e+00	4.081850e-01	7.525787e-01
4.195150e+00	5.694300e-01	7.589405e-01
4.199838e+00	1.647250e-01	7.540304e-01
4.204526e+00	2.114200e-01	7.566752e-01
4.209215e+00	9.557400e-01	7.723919e-01
4.213903e+00	5.473400e-01	7.688178e-01
4.218591e+00	-1.926500e-02	7.628376e-01
4.223279e+00	-1.283050e-01	7.657686e-01
4.227967e+00	-1.577050e-01	7.667976e-01
4.232656e+00	5.251000e-02	7.742995e-01
4.237344e+00	5.290250e-01	7.839315e-01
4.242032e+00	6.697900e-01	7.884972e-01
4.246720e+00	1.296765e+00	8.008649e-01
4.251409e+00	4.856650e-01	7.929723e-01
4.256097e+00	5.591500e-02	7.928281e-01
4.260785e+00	-3.013500e-01	7.881841e-01
4.265473e+00	-4.502250e-01	7.877132e-01
4.270162e+00	-3.272550e-01	7.935735e-01
4.274850e+00	-4.150400e-01	7.991633e-01
4.279538e+00	2.723400e-01	8.145645e-01
4.284226e+00	2.740200e-01	8.142899e-01
4.288914e+00	3.185650e-01	8.184399e-01
4.293603e+00	5.950950e-01	8.239160e-01
4.298291e+00	-5.729200e-01	8.084935e-01
4.302979e+00	4.818950e-01	8.281573e-01
4.307667e+00	7.658000e-01	8.381148e-01
4.312356e+00	3.288250e-01	8.326696e-01
4.317044e+00	-1.346250e-01	8.305004e-01
4.321732e+00	4.900100e-01	8.422448e-01
4.326420e+00	2.606950e-01	8.448208e-01
4.331109e+00	6.937000e-02	8.461820e-01
4.335797e+00	7.183800e-01	8.576027e-01
4.340485e+00	-5.271400e-01	8.432416e-01
4.345173e+00	2.048600e-01	8.579921e-01
4.349861e+00	6.002100e-01	8.707477e-01
4.354550e+00	1.438900e-01	8.670459e-01
4.359238e+00	1.159035e+00	8.862287e-01
4.363926e+00	1.848495e+00	9.027539e-01
4.368614e+00	6.788750e-01	8.885857e-01
4.373303e+00	-5.939250e-01	8.690773e-01
4.377991e+00	4.766500e-02	8.852318e-01
4.382679e+00	8.572050e-01	9.013867e-01
4.387367e+00	2.858400e-01	8.950596e-01
4.392056e+00	6.831450e-01	9.080803e-01
4.396744e+00	9.031700e-01	9.169859e-01
4.401432e+00	-3.994400e-01	8.981054e-01
4.406120e+00	-1.566595e+00	8.780564e-01
4.410808e+00	1.833800e-01	9.128970e-01
4.415497e+00	3.292950e-01	9.154259e-01
4.420185e+00	7.408700e-01	9.217052e-01
4.424873e+00	3.992600e-01	9.157377e-01
4.429561e+00	9.686600e-01	9.288995e-01
4.434250e+00	1.157350e-01	9.153240e-01
4.438938e+00	5.967450e-01	9.232832e-01
4.443626e+00	9.806850e-01	9.320023e-01
4.448314e+00	-5.271000e-02	9.150221e-01
4.453002e+00	-2.708050e-01	9.153733e-01
4.457691e+00	-1.247415e+00	9.025460e-01
4.462379e+00	1.612450e-01	9.343974e-01
4.467067e+00	1.424845e+00	9.599203e-01
4.471755e+00	3.546750e-01	9.465890e-01
4.476444e+00	3.957150e-01	9.526057e-01
4.481132e+00	2.339250e-01	9.557380e-01
4.485820e+00	3.042300e-01	9.623705e-01
4.490508e+00	1.376410e+00	9.859894e-01
4.495197e+00	1.284850e-01	9.655890e-01
4.499885e+00	1.370215e+00	9.971608e-01
4.504573e+00	5.626150e-01	9.855897e-01
4.509261e+00	2.539700e-01	9.857113e-01
4.513949e+00	-2.447500e-02	9.868455e-01
4.518638e+00	5.814500e-02	9.937241e-01
4.523326e+00	1.496100e+00	1.026206e+00
4.528014e+00	-2.042900e-01	9.952303e-01
4.532702e+00	-8.343450e-01	9.950327e-01
4.537391e+00	3.729750e-01	1.023977e+00
4.542079e+00	1.496595e+00	1.053259e+00
4.546767e+00	-3.660500e-02	1.025191e+00
4.551455e+00	-5.812150e-01	1.023899e+00
4.556144e+00	1.077125e+00	1.064753e+00
4.560832e+00	1.820025e+00	1.083727e+00
4.565520e+00	1.348825e+00	1.082419e+00
4.570208e+00	4.887000e-02	1.063184e+00
4.574896e+00	4.251350e-01	1.075510e+00
4.579585e+00	1.838795e+00	1.114822e+00
4.584273e+00	1.566860e+00	1.118398e+00
4.588961e+00	-1.453385e+00	1.061914e+00
4.593649e+00	-7.506850e-01	1.080054e+00
4.598338e+00	1.934235e+00	1.145724e+00
4.603026e+00	1.726385e+00	1.150607e+00
4.607714e+00	-1.599000e-01	1.120129e+00
4.612402e+00	2.925650e-01	1.134820e+00
4.617091e+00	7.559200e-01	1.151318e+00
4.621779e+00	4.441200e-01	1.152018e+00
4.626467e+00	1.517200e-01	1.156893e+00
4.631155e+00	1.411445e+00	1.194239e+00
4.635843e+00	7.102500e-01	1.181534e+00
4.640532e+00	1.476855e+00	1.211916e+00
4.645220e+00	1.095605e+00	1.215498e+00
4.649908e+00	1.109875e+00	1.226745e+00
4.654596e+00	2.431350e-01	1.214121e+00
4.659285e+00	-5.061150e-01	1.205896e+00
4.663973e+00	-4.608900e-01	1.215652e+00
4.668661e+00	-6.422900e-01	1.221798e+00
4.673349e+00	-9.267000e-02	1.245667e+00
4.678037e+00	1.358555e+00	1.293844e+00
4.682726e+00	1.468390e+00	1.304475e+00
4.687414e+00	2.750915e+00	1.348562e+00
4.692102e+00	5.315750e-01	1.303564e+00
4.696790e+00	9.501450e-01	1.329833e+00
4.701479e+00	-2.531500e-02	1.317587e+00
4.706167e+00	8.668800e-01	1.351987e+00
4.710855e+00	6.817800e-01	1.355038e+00
4.715543e+00	-4.185350e-01	1.340997e+00
4.720232e+00	1.259490e+00	1.402743e+00
4.724920e+00	8.364300e-01	1.403392e+00
4.729608e+00	-5.607200e-01	1.380983e+00
4.734296e+00	6.367850e-01	1.425978e+00
4.738984e+00	6.510450e-01	1.442577e+00
4.743673e+00	-2.505800e-01	1.434811e+00
4.748361e+00	-1.243800e-01	1.451121e+00
4.753049e+00	5.074500e-02	1.467904e+00
4.757737e+00	7.852200e-01	1.518361e+00
4.762426e+00	1.056665e+00	1.542127e+00
4.767114e+00	-9.687200e-01	1.501413e+00
4.771802e+00	-3.665750e-01	1.536468e+00
4.776490e+00	1.678370e+00	1.610102e+00
4.781179e+00	2.835175e+00	1.677805e+00
4.785867e+00	1.624155e+00	1.663568e+00
4.790555e+00	-1.659200e-01	1.628989e+00
4.795243e+00	-8.174400e-01	1.627789e+00
4.799931e+00	-2.368450e+00	1.604124e+00
4.804620e+00	-2.007100e-01	1.694931e+00
4.809308e+00	-7.714400e-01	1.709042e+00
4.813996e+00	-5.219700e-01	1.747017e+00
4.818684e+00	9.269200e-01	1.824355e+00
4.823373e+00	2.946520e+00	1.920214e+00
4.828061e+00	1.666940e+00	1.907860e+00
4.832749e+00	3.173500e-01	1.902048e+00
4.837437e+00	3.484350e-01	1.947835e+00
4.842125e+00	-4.797150e-01	1.951833e+00
4.846814e+00	-1.816615e+00	1.933174e+00
4.851502e+00	-1.780570e+00	1.980810e+00
4.856190e+00	7.717300e-01	2.118834e+00
4.860878e+00	1.357820e+00	2.191806e+00
4.865567e+00	1.204450e-01	2.202103e+00
4.870255e+00	-2.510150e-01	2.231505e+00
4.874943e+00	-1.771000e-02	2.307066e+00
4.879631e+00	-5.331700e-01	2.348168e+00
4.884320e+00	-1.003845e+00	2.402389e+00
4.889008e+00	1.711550e-01	2.536015e+00
4.893696e+00	-7.697050e-01	2.581873e+00
4.898384e+00	-2.498000e+00	2.594707e+00
4.903072e+00	5.671000e-01	2.872494e+00
4.907761e+00	1.278775e+00	3.048596e+00
4.912449e+00	3.374300e-01	4.187172e+00
4.917137e+00	-7.780945e+00	1.023763e+01
