# Sample description: GI
# Parent(s): ../20151214/GI_no_protection/1d/GI_np_030_00031.dat
# No protection
3.200246e-02	3.329240e+01	2.046887e+01
3.669069e-02	8.480620e+01	1.634826e+01
4.137892e-02	1.927598e+02	1.506623e+01
4.606715e-02	2.312151e+02	1.205351e+01
5.075538e-02	2.324701e+02	9.580962e+00
5.544361e-02	2.312713e+02	8.033983e+00
6.013183e-02	2.216348e+02	7.044261e+00
6.482006e-02	2.036164e+02	6.237071e+00
6.950829e-02	1.979085e+02	5.662514e+00
7.419652e-02	2.080322e+02	5.323294e+00
7.888475e-02	1.932099e+02	4.895210e+00
8.357298e-02	1.921092e+02	4.635549e+00
8.826121e-02	1.896891e+02	4.405973e+00
9.294944e-02	1.915985e+02	4.235250e+00
9.763767e-02	1.874911e+02	4.037242e+00
1.023259e-01	1.819024e+02	3.856586e+00
1.070141e-01	1.875829e+02	3.785868e+00
1.117024e-01	1.786092e+02	3.606308e+00
1.163906e-01	1.781530e+02	3.497824e+00
1.210788e-01	1.795332e+02	3.424464e+00
1.257670e-01	1.748210e+02	3.308415e+00
1.304553e-01	1.751176e+02	3.240494e+00
1.351435e-01	1.774930e+02	3.186147e+00
1.398317e-01	1.787473e+02	3.131156e+00
1.445200e-01	1.763567e+02	3.052416e+00
1.492082e-01	1.737139e+02	2.979039e+00
1.538964e-01	1.724698e+02	2.913355e+00
1.585846e-01	1.709400e+02	2.850244e+00
1.632729e-01	1.686768e+02	2.788703e+00
1.679611e-01	1.706037e+02	2.759245e+00
1.726493e-01	1.695109e+02	2.707890e+00
1.773376e-01	1.686427e+02	2.657936e+00
1.820258e-01	1.678303e+02	2.615765e+00
1.867140e-01	1.634231e+02	2.552564e+00
1.914022e-01	1.654458e+02	2.531503e+00
1.960905e-01	1.596845e+02	2.457071e+00
2.007787e-01	1.619046e+02	2.443418e+00
2.054669e-01	1.600887e+02	2.402797e+00
2.101552e-01	1.577925e+02	2.360118e+00
2.148434e-01	1.552631e+02	2.313623e+00
2.195316e-01	1.523326e+02	2.268175e+00
2.242199e-01	1.550591e+02	2.259833e+00
2.289081e-01	1.526161e+02	2.221186e+00
2.335963e-01	1.513135e+02	2.188548e+00
2.382845e-01	1.502061e+02	2.157676e+00
2.429728e-01	1.485367e+02	2.125793e+00
2.476610e-01	1.463648e+02	2.092380e+00
2.523492e-01	1.475265e+02	2.078049e+00
2.570375e-01	1.483068e+02	2.060484e+00
2.617257e-01	1.449027e+02	2.021663e+00
2.664139e-01	1.415503e+02	1.983784e+00
2.711021e-01	1.395211e+02	1.954377e+00
2.757904e-01	1.374842e+02	1.923795e+00
2.804786e-01	1.385931e+02	1.914834e+00
2.851668e-01	1.356655e+02	1.882029e+00
2.898551e-01	1.346591e+02	1.859680e+00
2.945433e-01	1.358448e+02	1.851319e+00
2.992315e-01	1.318408e+02	1.854634e+00
3.039197e-01	1.289760e+02	1.851596e+00
3.086080e-01	1.257539e+02	1.838506e+00
3.132962e-01	1.287455e+02	1.855911e+00
3.179844e-01	1.265637e+02	1.842332e+00
3.226727e-01	1.230421e+02	1.821378e+00
3.273609e-01	1.239554e+02	1.824281e+00
3.320491e-01	1.215851e+02	1.806044e+00
3.367374e-01	1.190208e+02	1.786441e+00
3.414256e-01	1.183440e+02	1.778219e+00
3.461138e-01	1.146758e+02	1.752367e+00
3.508020e-01	1.128559e+02	1.736194e+00
3.554903e-01	1.139835e+02	1.736480e+00
3.601785e-01	1.116272e+02	1.718624e+00
3.648667e-01	1.108637e+02	1.726490e+00
3.695550e-01	1.087291e+02	1.751463e+00
3.742432e-01	1.084446e+02	1.769956e+00
3.789314e-01	1.047951e+02	1.761811e+00
3.836196e-01	1.023202e+02	1.755504e+00
3.883079e-01	1.017072e+02	1.761719e+00
3.929961e-01	9.901421e+01	1.759126e+00
3.976843e-01	9.910620e+01	1.782599e+00
4.023726e-01	9.848237e+01	1.796493e+00
4.070608e-01	9.511003e+01	1.779340e+00
4.117490e-01	9.370283e+01	1.772632e+00
4.164372e-01	9.349186e+01	1.773037e+00
4.211255e-01	9.236266e+01	1.768512e+00
4.258137e-01	9.046188e+01	1.755614e+00
4.305019e-01	9.167248e+01	1.763676e+00
4.351902e-01	8.779864e+01	1.730788e+00
4.398784e-01	8.634471e+01	1.717366e+00
4.445666e-01	8.654948e+01	1.740375e+00
4.492548e-01	8.392526e+01	1.777676e+00
4.539431e-01	8.292874e+01	1.802380e+00
4.586313e-01	8.160177e+01	1.817249e+00
4.633195e-01	7.887112e+01	1.819120e+00
4.680078e-01	7.934861e+01	1.843235e+00
4.726960e-01	7.957663e+01	1.866525e+00
4.773842e-01	7.553321e+01	1.848111e+00
4.820725e-01	7.303442e+01	1.843933e+00
4.867607e-01	7.109155e+01	1.844115e+00
4.914489e-01	7.225243e+01	1.868546e+00
4.961371e-01	7.240572e+01	1.888023e+00
5.008254e-01	6.635877e+01	1.843156e+00
5.055136e-01	6.481246e+01	1.844064e+00
5.102018e-01	6.370954e+01	1.792014e+00
5.148901e-01	6.461498e+01	1.736941e+00
5.195783e-01	6.454258e+01	1.707743e+00
5.242665e-01	5.978799e+01	1.642211e+00
5.289547e-01	5.882596e+01	1.617863e+00
5.336430e-01	5.770941e+01	1.592581e+00
5.383312e-01	5.702664e+01	1.572265e+00
5.430194e-01	5.817044e+01	1.575616e+00
5.477077e-01	5.593787e+01	1.545508e+00
5.523959e-01	5.456992e+01	1.523322e+00
5.570841e-01	5.309766e+01	1.502082e+00
5.617723e-01	5.169564e+01	1.482765e+00
5.664606e-01	5.148640e+01	1.473854e+00
5.711488e-01	5.090175e+01	1.462570e+00
5.758370e-01	4.606843e+01	1.407995e+00
5.805253e-01	4.616996e+01	1.401181e+00
5.852135e-01	4.605627e+01	1.388296e+00
5.899017e-01	4.585807e+01	1.378306e+00
5.945900e-01	4.313860e+01	1.342819e+00
5.992782e-01	4.218240e+01	1.323410e+00
6.039664e-01	4.185598e+01	1.313426e+00
6.086546e-01	4.209203e+01	1.307384e+00
6.133429e-01	3.989280e+01	1.277309e+00
6.180311e-01	4.029514e+01	1.275351e+00
6.227193e-01	3.846136e+01	1.248954e+00
6.274076e-01	3.826037e+01	1.242830e+00
6.320958e-01	3.828781e+01	1.238667e+00
6.367840e-01	3.511456e+01	1.204873e+00
6.414722e-01	3.360270e+01	1.186345e+00
6.461605e-01	3.572699e+01	1.204500e+00
6.508487e-01	3.430826e+01	1.189428e+00
6.555369e-01	3.217016e+01	1.162980e+00
6.602252e-01	3.057274e+01	1.145557e+00
6.649134e-01	3.119797e+01	1.149241e+00
6.696016e-01	3.229372e+01	1.156723e+00
6.742898e-01	2.901015e+01	1.120397e+00
6.789781e-01	2.909695e+01	1.120860e+00
6.836663e-01	2.851425e+01	1.112498e+00
6.883545e-01	2.773988e+01	1.101423e+00
6.930428e-01	2.579523e+01	1.079126e+00
6.977310e-01	2.450518e+01	1.062926e+00
7.024192e-01	2.458140e+01	1.061290e+00
7.071074e-01	2.380966e+01	1.051218e+00
7.117957e-01	2.350670e+01	1.046124e+00
7.164839e-01	2.374536e+01	1.045638e+00
7.211721e-01	2.271496e+01	1.032823e+00
7.258604e-01	2.092782e+01	1.010991e+00
7.305486e-01	2.081626e+01	1.008382e+00
7.352368e-01	2.227295e+01	1.021596e+00
7.399251e-01	2.030994e+01	9.977889e-01
7.446133e-01	1.798841e+01	9.709363e-01
7.493015e-01	1.899903e+01	9.818042e-01
7.539897e-01	1.935406e+01	9.809504e-01
7.586780e-01	1.677496e+01	9.515464e-01
7.633662e-01	1.730123e+01	9.563530e-01
7.680544e-01	1.642984e+01	9.443462e-01
7.727427e-01	1.639467e+01	9.408176e-01
7.774309e-01	1.434249e+01	9.172623e-01
7.821191e-01	1.446228e+01	9.169167e-01
7.868073e-01	1.411238e+01	9.095730e-01
7.914956e-01	1.295584e+01	8.955390e-01
7.961838e-01	1.367648e+01	9.015524e-01
8.008720e-01	1.437164e+01	9.082895e-01
8.055603e-01	1.340338e+01	8.958505e-01
8.102485e-01	1.179001e+01	8.771220e-01
8.149367e-01	1.213417e+01	8.774497e-01
8.196249e-01	1.137391e+01	8.661767e-01
8.243132e-01	1.159647e+01	8.669296e-01
8.290014e-01	1.026931e+01	8.504820e-01
8.336896e-01	1.038790e+01	8.508692e-01
8.383779e-01	1.041667e+01	8.486355e-01
8.430661e-01	9.988235e+00	8.428132e-01
8.477543e-01	8.438370e+00	8.247621e-01
8.524425e-01	9.802865e+00	8.382423e-01
8.571308e-01	9.676895e+00	8.362945e-01
8.618190e-01	9.124000e+00	8.256655e-01
8.665072e-01	8.583000e+00	8.169903e-01
8.711955e-01	7.670010e+00	8.045622e-01
8.758837e-01	7.132105e+00	7.975126e-01
8.805719e-01	6.749140e+00	7.918611e-01
8.852602e-01	7.465040e+00	8.000818e-01
8.899484e-01	7.786490e+00	8.010090e-01
8.946366e-01	6.995795e+00	7.901777e-01
8.993248e-01	6.974155e+00	7.885484e-01
9.040131e-01	7.510345e+00	7.940722e-01
9.087013e-01	6.474325e+00	7.802239e-01
9.133895e-01	5.712780e+00	7.685253e-01
9.180778e-01	6.004415e+00	7.688579e-01
9.227660e-01	5.411900e+00	7.601802e-01
9.274542e-01	6.102200e+00	7.690585e-01
9.321424e-01	5.609920e+00	7.599468e-01
9.368307e-01	5.351715e+00	7.571402e-01
9.415189e-01	5.329195e+00	7.554330e-01
9.462071e-01	4.255330e+00	7.422759e-01
9.508954e-01	5.616785e+00	7.548938e-01
9.555836e-01	5.653145e+00	7.546257e-01
9.602718e-01	5.115840e+00	7.491375e-01
9.649600e-01	4.317985e+00	7.366732e-01
9.696483e-01	5.594965e+00	7.500846e-01
9.743365e-01	3.663155e+00	7.269661e-01
9.790247e-01	3.569675e+00	7.230115e-01
9.837130e-01	3.592655e+00	7.226210e-01
9.884012e-01	3.537395e+00	7.200753e-01
9.930894e-01	3.214350e+00	7.151857e-01
9.977777e-01	2.682045e+00	7.070153e-01
1.002466e+00	2.283965e+00	7.022683e-01
1.007154e+00	3.850610e+00	7.183845e-01
1.011842e+00	3.518175e+00	7.130000e-01
1.016531e+00	2.838670e+00	7.053175e-01
1.021219e+00	2.451840e+00	6.987538e-01
1.025907e+00	2.760035e+00	7.011745e-01
1.030595e+00	3.696970e+00	7.114209e-01
1.035283e+00	3.623980e+00	7.092395e-01
1.039972e+00	3.590450e+00	7.084825e-01
1.044660e+00	2.809885e+00	6.989234e-01
1.049348e+00	3.004890e+00	6.987126e-01
1.054036e+00	2.929345e+00	6.963591e-01
1.058725e+00	2.704605e+00	6.916446e-01
1.063413e+00	1.992200e+00	6.830383e-01
1.068101e+00	2.167750e+00	6.842861e-01
1.072789e+00	2.823825e+00	6.905198e-01
1.077478e+00	2.124545e+00	6.809667e-01
1.082166e+00	2.133665e+00	6.800393e-01
1.086854e+00	2.006760e+00	6.777764e-01
1.091542e+00	2.203305e+00	6.774863e-01
1.096230e+00	2.939665e+00	6.850291e-01
1.100919e+00	2.038935e+00	6.739237e-01
1.105607e+00	2.259305e+00	6.761203e-01
1.110295e+00	1.350640e+00	6.638101e-01
1.114983e+00	2.273790e+00	6.735666e-01
1.119672e+00	2.110525e+00	6.708847e-01
1.124360e+00	1.598555e+00	6.640500e-01
1.129048e+00	2.168000e+00	6.689180e-01
1.133736e+00	2.086930e+00	6.661680e-01
1.138425e+00	1.922815e+00	6.644422e-01
1.143113e+00	1.760445e+00	6.601533e-01
1.147801e+00	2.081605e+00	6.644094e-01
1.152489e+00	1.694765e+00	6.577211e-01
1.157177e+00	1.321555e+00	6.514891e-01
1.161866e+00	1.780700e+00	6.571279e-01
1.166554e+00	2.144770e+00	6.595983e-01
1.171242e+00	1.260435e+00	6.491911e-01
1.175930e+00	1.182080e+00	6.465755e-01
1.180619e+00	1.760640e+00	6.524166e-01
1.185307e+00	2.268820e+00	6.575724e-01
1.189995e+00	1.128060e+00	6.437473e-01
1.194683e+00	1.624910e+00	6.481467e-01
1.199372e+00	2.382450e+00	6.563455e-01
1.204060e+00	1.963215e+00	6.507851e-01
1.208748e+00	2.176585e+00	6.537873e-01
1.213436e+00	1.254790e+00	6.405742e-01
1.218124e+00	1.521985e+00	6.419536e-01
1.222813e+00	4.175400e-01	6.289629e-01
1.227501e+00	8.610950e-01	6.332391e-01
1.232189e+00	1.191735e+00	6.366229e-01
1.236877e+00	2.165485e+00	6.454824e-01
1.241566e+00	2.023495e+00	6.426617e-01
1.246254e+00	2.244415e+00	6.465547e-01
1.250942e+00	2.310480e+00	6.614505e-01
1.255630e+00	1.854310e+00	6.742524e-01
1.260318e+00	2.496280e+00	6.926435e-01
1.265007e+00	2.523000e+00	7.010412e-01
1.269695e+00	1.944200e+00	7.017989e-01
1.274383e+00	1.783475e+00	7.072064e-01
1.279071e+00	1.481085e+00	7.116355e-01
1.283760e+00	1.430295e+00	7.159425e-01
1.288448e+00	2.027635e+00	7.293331e-01
1.293136e+00	2.114705e+00	7.355051e-01
1.297824e+00	1.970010e+00	7.393362e-01
1.302513e+00	2.562160e+00	7.525898e-01
1.307201e+00	3.111140e+00	7.619280e-01
1.311889e+00	2.340605e+00	7.503822e-01
1.316577e+00	1.557025e+00	7.160680e-01
1.321265e+00	1.895610e+00	7.018229e-01
1.325954e+00	1.294685e+00	6.820174e-01
1.330642e+00	1.016150e+00	6.694722e-01
1.335330e+00	4.397250e-01	6.534708e-01
1.340018e+00	8.667750e-01	6.534384e-01
1.344707e+00	8.617850e-01	6.489452e-01
1.349395e+00	1.178140e+00	6.470767e-01
1.354083e+00	1.557340e+00	6.460745e-01
1.358771e+00	1.391790e+00	6.399560e-01
1.363460e+00	1.386960e+00	6.372500e-01
1.368148e+00	1.557240e+00	6.370324e-01
1.372836e+00	1.393710e+00	6.318178e-01
1.377524e+00	1.347550e+00	6.304367e-01
1.382212e+00	1.065155e+00	6.263387e-01
1.386901e+00	1.600300e+00	6.310474e-01
1.391589e+00	1.941250e+00	6.332982e-01
1.396277e+00	1.945895e+00	6.326071e-01
1.400965e+00	7.534950e-01	6.179292e-01
1.405654e+00	1.007700e+00	6.199108e-01
1.410342e+00	6.796050e-01	6.146588e-01
1.415030e+00	1.183845e+00	6.193886e-01
1.419718e+00	1.998630e+00	6.281786e-01
1.424406e+00	1.821205e+00	6.236161e-01
1.429095e+00	1.875155e+00	6.225987e-01
1.433783e+00	1.429635e+00	6.172324e-01
1.438471e+00	9.869500e-01	6.116029e-01
1.443159e+00	1.013880e+00	6.101025e-01
1.447848e+00	1.793395e+00	6.175286e-01
1.452536e+00	1.223670e+00	6.107228e-01
1.457224e+00	1.622200e+00	6.137035e-01
1.461912e+00	8.735150e-01	6.053307e-01
1.466601e+00	1.840820e+00	6.138012e-01
1.471289e+00	1.626380e+00	6.107206e-01
1.475977e+00	1.841255e+00	6.129680e-01
1.480665e+00	1.141540e+00	6.039587e-01
1.485353e+00	9.999650e-01	6.124538e-01
1.490042e+00	1.680545e+00	6.388481e-01
1.494730e+00	5.816650e-01	6.364560e-01
1.499418e+00	1.789865e+00	6.576192e-01
1.504106e+00	1.989390e+00	6.679692e-01
1.508795e+00	1.119030e+00	6.638852e-01
1.513483e+00	3.114800e-01	6.408016e-01
1.518171e+00	1.512665e+00	6.400523e-01
1.522859e+00	2.119790e+00	6.353459e-01
1.527548e+00	1.594545e+00	6.237700e-01
1.532236e+00	6.865200e-01	6.079796e-01
1.536924e+00	1.000715e+00	6.068382e-01
1.541612e+00	7.599200e-01	6.000717e-01
1.546300e+00	5.666750e-01	5.971709e-01
1.550989e+00	8.985900e-01	5.990244e-01
1.555677e+00	4.517050e-01	5.910344e-01
1.560365e+00	8.532750e-01	5.910586e-01
1.565053e+00	1.219280e+00	5.935235e-01
1.569742e+00	2.068825e+00	5.996374e-01
1.574430e+00	1.405205e+00	5.909810e-01
1.579118e+00	1.215510e+00	5.895084e-01
1.583806e+00	9.627350e-01	5.874412e-01
1.588495e+00	1.107645e+00	5.902149e-01
1.593183e+00	2.528300e-01	5.811347e-01
1.597871e+00	6.511300e-01	5.842837e-01
1.602559e+00	7.175400e-01	5.845355e-01
1.607247e+00	-2.752500e-02	5.754007e-01
1.611936e+00	1.865500e-02	5.750527e-01
1.616624e+00	8.417800e-01	5.817829e-01
1.621312e+00	1.391585e+00	5.878182e-01
1.626000e+00	8.424300e-01	5.806540e-01
1.630689e+00	1.977850e-01	5.740438e-01
1.635377e+00	5.831200e-01	5.759371e-01
1.640065e+00	6.991050e-01	5.759960e-01
1.644753e+00	1.528915e+00	5.854470e-01
1.649441e+00	6.976200e-01	5.759825e-01
1.654130e+00	2.732750e-01	5.699217e-01
1.658818e+00	3.870150e-01	5.709926e-01
1.663506e+00	3.328750e-01	5.688795e-01
1.668194e+00	-6.546500e-02	5.633823e-01
1.672883e+00	6.404600e-01	5.707003e-01
1.677571e+00	1.849850e-01	5.642498e-01
1.682259e+00	2.692400e-01	5.657864e-01
1.686947e+00	7.416950e-01	5.680560e-01
1.691636e+00	1.434980e+00	5.752720e-01
1.696324e+00	6.302350e-01	5.661547e-01
1.701012e+00	1.114545e+00	5.691694e-01
1.705700e+00	8.664350e-01	5.676243e-01
1.710388e+00	5.367900e-01	5.630002e-01
1.715077e+00	7.114250e-01	5.636820e-01
1.719765e+00	7.900100e-01	5.637157e-01
1.724453e+00	6.861450e-01	5.626894e-01
1.729141e+00	5.243600e-01	5.601539e-01
1.733830e+00	4.932200e-01	5.573675e-01
1.738518e+00	5.856900e-01	5.582175e-01
1.743206e+00	1.102870e+00	5.635437e-01
1.747894e+00	4.745450e-01	5.564627e-01
1.752583e+00	2.891750e-01	5.540028e-01
1.757271e+00	-5.044550e-01	5.439767e-01
1.761959e+00	5.608150e-01	5.556652e-01
1.766647e+00	9.477000e-02	5.495950e-01
1.771335e+00	2.111350e-01	5.498344e-01
1.776024e+00	2.454950e-01	5.497772e-01
1.780712e+00	1.132150e-01	5.488011e-01
1.785400e+00	1.624150e-01	5.469204e-01
1.790088e+00	8.013200e-01	5.522544e-01
1.794777e+00	1.336450e+00	5.590727e-01
1.799465e+00	1.041510e+00	5.544587e-01
1.804153e+00	1.374550e-01	5.439257e-01
1.808841e+00	1.345065e+00	5.559443e-01
1.813530e+00	2.093150e-01	5.432551e-01
1.818218e+00	4.607000e-01	5.451655e-01
1.822906e+00	-1.098250e-01	5.395838e-01
1.827594e+00	-8.034000e-02	5.389219e-01
1.832282e+00	-4.429000e-02	5.370655e-01
1.836971e+00	3.014200e-01	5.417025e-01
1.841659e+00	3.020250e-01	5.405587e-01
1.846347e+00	3.283350e-01	5.405751e-01
1.851035e+00	1.459400e-01	5.367772e-01
1.855724e+00	5.431500e-02	5.361146e-01
1.860412e+00	3.352650e-01	5.387658e-01
1.865100e+00	1.254220e+00	5.471390e-01
1.869788e+00	6.474250e-01	5.400850e-01
1.874476e+00	-3.155500e-02	5.337052e-01
1.879165e+00	-1.942000e-02	5.321069e-01
1.883853e+00	7.943600e-01	5.394308e-01
1.888541e+00	3.726300e-01	5.341934e-01
1.893229e+00	6.171750e-01	5.370941e-01
1.897918e+00	1.052410e+00	5.409989e-01
1.902606e+00	1.175455e+00	5.413311e-01
1.907294e+00	6.410300e-01	5.354025e-01
1.911982e+00	-1.161250e-01	5.263578e-01
1.916671e+00	6.159450e-01	5.334558e-01
1.921359e+00	4.833450e-01	5.315487e-01
1.926047e+00	-1.922500e-02	5.265874e-01
1.930735e+00	-8.856500e-02	5.244254e-01
1.935423e+00	1.454750e-01	5.258159e-01
1.940112e+00	1.638150e-01	5.244472e-01
1.944800e+00	3.069100e-01	5.259726e-01
1.949488e+00	2.272100e-01	5.239169e-01
1.954176e+00	-2.363600e-01	5.187222e-01
1.958865e+00	-2.066650e-01	5.161654e-01
1.963553e+00	-3.483900e-01	5.151295e-01
1.968241e+00	1.300400e-01	5.186080e-01
1.972929e+00	2.505700e-01	5.197677e-01
1.977618e+00	3.719750e-01	5.202131e-01
1.982306e+00	5.321900e-01	5.209567e-01
1.986994e+00	5.093200e-01	5.206726e-01
1.991682e+00	-4.433500e-02	5.155088e-01
1.996370e+00	3.434650e-01	5.182564e-01
2.001059e+00	-2.532650e-01	5.145581e-01
2.005747e+00	5.642250e-01	5.216366e-01
2.010435e+00	8.006350e-01	5.232572e-01
2.015123e+00	-3.726750e-01	5.112069e-01
2.019812e+00	-4.142550e-01	5.104140e-01
2.024500e+00	2.971000e-01	5.170128e-01
2.029188e+00	1.926600e-01	5.151761e-01
2.033876e+00	7.159500e-01	5.194703e-01
2.038565e+00	6.355600e-01	5.171149e-01
2.043253e+00	7.947550e-01	5.192564e-01
2.047941e+00	1.199515e+00	5.237112e-01
2.052629e+00	8.198000e-01	5.223031e-01
2.057317e+00	7.165150e-01	5.357297e-01
2.062006e+00	4.187600e-01	5.416892e-01
2.066694e+00	-2.106300e-01	5.420865e-01
2.071382e+00	-8.475000e-03	5.491943e-01
2.076070e+00	1.038360e+00	5.663900e-01
2.080759e+00	8.232500e-01	5.690879e-01
2.085447e+00	-1.812000e-02	5.630481e-01
2.090135e+00	1.663300e-01	5.676357e-01
2.094823e+00	-3.144950e-01	5.638049e-01
2.099511e+00	-2.708500e-01	5.663813e-01
2.104200e+00	9.283000e-01	5.806323e-01
2.108888e+00	1.224320e+00	5.848210e-01
2.113576e+00	7.834400e-01	5.814783e-01
2.118264e+00	7.729000e-01	5.755452e-01
2.122953e+00	2.094500e-01	5.537776e-01
2.127641e+00	4.741000e-01	5.456782e-01
2.132329e+00	8.855950e-01	5.447702e-01
2.137017e+00	8.046050e-01	5.379182e-01
2.141706e+00	6.078850e-01	5.310159e-01
2.146394e+00	2.737500e-02	5.214563e-01
2.151082e+00	9.822450e-01	5.278733e-01
2.155770e+00	1.500440e+00	5.307446e-01
2.160458e+00	1.115245e+00	5.264592e-01
2.165147e+00	5.342200e-01	5.196365e-01
2.169835e+00	4.192200e-01	5.168363e-01
2.174523e+00	6.520800e-01	5.181755e-01
2.179211e+00	3.955150e-01	5.149391e-01
2.183900e+00	-5.659500e-02	5.096234e-01
2.188588e+00	5.674000e-02	5.096742e-01
2.193276e+00	9.500200e-01	5.176009e-01
2.197964e+00	7.609650e-01	5.144041e-01
2.202653e+00	6.615500e-02	5.073589e-01
2.207341e+00	8.265150e-01	5.141666e-01
2.212029e+00	6.817900e-01	5.117376e-01
2.216717e+00	5.214200e-01	5.092094e-01
2.221405e+00	1.171000e-01	5.052321e-01
2.226094e+00	6.229200e-01	5.089140e-01
2.230782e+00	4.529550e-01	5.059794e-01
2.235470e+00	1.460500e-01	5.026387e-01
2.240158e+00	-2.959600e-01	4.980598e-01
2.244847e+00	-2.612000e-02	4.999013e-01
2.249535e+00	6.089900e-01	5.050007e-01
2.254223e+00	1.006415e+00	5.078598e-01
2.258911e+00	6.197450e-01	5.031861e-01
2.263600e+00	9.171600e-01	5.063731e-01
2.268288e+00	3.164800e-01	5.002311e-01
2.272976e+00	7.703450e-01	5.037856e-01
2.277664e+00	5.167150e-01	5.007443e-01
2.282352e+00	1.846100e-01	4.960866e-01
2.287041e+00	-4.035400e-01	4.906934e-01
2.291729e+00	-5.643750e-01	4.880923e-01
2.296417e+00	3.082400e-01	4.956140e-01
2.301105e+00	6.661700e-01	4.986825e-01
2.305794e+00	7.525050e-01	4.985604e-01
2.310482e+00	-2.418850e-01	4.882131e-01
2.315170e+00	2.227250e-01	4.930356e-01
2.319858e+00	1.089300e-01	4.908017e-01
2.324546e+00	4.233400e-01	4.935396e-01
2.329235e+00	1.864950e-01	4.896085e-01
2.333923e+00	5.675500e-01	4.938135e-01
2.338611e+00	6.839600e-01	4.943419e-01
2.343299e+00	2.042850e-01	4.896395e-01
2.347988e+00	2.330200e-01	4.875189e-01
2.352676e+00	1.930050e-01	4.873965e-01
2.357364e+00	4.291750e-01	4.893093e-01
2.362052e+00	-1.060500e-02	4.846477e-01
2.366741e+00	6.254400e-01	4.913415e-01
2.371429e+00	1.109015e+00	4.945860e-01
2.376117e+00	-1.817600e-01	4.818851e-01
2.380805e+00	-2.379350e-01	4.808702e-01
2.385493e+00	5.568000e-02	4.829403e-01
2.390182e+00	1.029385e+00	4.919163e-01
2.394870e+00	5.359700e-01	4.869915e-01
2.399558e+00	1.062215e+00	4.908605e-01
2.404246e+00	6.361400e-01	4.858469e-01
2.408935e+00	9.109750e-01	4.883044e-01
2.413623e+00	6.848500e-02	4.805011e-01
2.418311e+00	8.444850e-01	4.866313e-01
2.422999e+00	7.134100e-01	4.850937e-01
2.427688e+00	1.059430e+00	4.873781e-01
2.432376e+00	3.665800e-01	4.809314e-01
2.437064e+00	5.946250e-01	4.832392e-01
2.441752e+00	3.668000e-01	4.793639e-01
2.446440e+00	-3.926900e-01	4.716859e-01
2.451129e+00	-1.305600e-01	4.736745e-01
2.455817e+00	-2.500000e-03	4.747308e-01
2.460505e+00	7.442800e-01	4.809013e-01
2.465193e+00	2.277200e-01	4.759925e-01
2.469882e+00	2.144750e-01	4.747119e-01
2.474570e+00	2.657450e-01	4.750407e-01
2.479258e+00	2.009500e-01	4.741968e-01
2.483946e+00	8.188250e-01	4.794869e-01
2.488634e+00	5.054600e-01	4.759204e-01
2.493323e+00	9.171650e-01	4.793818e-01
2.498011e+00	6.189100e-01	4.768899e-01
2.502699e+00	9.783500e-02	4.707274e-01
2.507387e+00	7.217000e-02	4.707365e-01
2.512076e+00	-3.968100e-01	4.659193e-01
2.516764e+00	8.492900e-01	4.765867e-01
2.521452e+00	8.502000e-01	4.760283e-01
2.526140e+00	2.948000e-01	4.703889e-01
2.530829e+00	2.076250e-01	4.691244e-01
2.535517e+00	3.917150e-01	4.699116e-01
2.540205e+00	6.943200e-01	4.712913e-01
2.544893e+00	1.480295e+00	4.782850e-01
2.549581e+00	2.141200e-01	4.654378e-01
2.554270e+00	3.534700e-01	4.661405e-01
2.558958e+00	3.138300e-01	4.657225e-01
2.563646e+00	5.730300e-01	4.674101e-01
2.568334e+00	4.669600e-01	4.662195e-01
2.573023e+00	-2.581300e-01	4.591274e-01
2.577711e+00	-6.633000e-02	4.596256e-01
2.582399e+00	-2.583450e-01	4.577013e-01
2.587087e+00	4.974200e-01	4.644532e-01
2.591776e+00	1.502750e-01	4.617077e-01
2.596464e+00	9.553000e-02	4.612108e-01
2.601152e+00	-9.571000e-02	4.587681e-01
2.605840e+00	-4.679550e-01	4.560651e-01
2.610528e+00	3.001900e-01	4.620398e-01
2.615217e+00	6.250200e-01	4.650135e-01
2.619905e+00	6.749250e-01	4.652962e-01
2.624593e+00	4.416800e-01	4.617657e-01
2.629281e+00	8.979000e-02	4.591809e-01
2.633970e+00	7.501000e-01	4.637801e-01
2.638658e+00	4.584700e-01	4.610836e-01
2.643346e+00	2.076100e-01	4.587875e-01
2.648034e+00	1.670500e-01	4.581704e-01
2.652723e+00	-1.668050e-01	4.550374e-01
2.657411e+00	4.538650e-01	4.595803e-01
2.662099e+00	1.084950e-01	4.560681e-01
2.666787e+00	4.241350e-01	4.578868e-01
2.671475e+00	3.388500e-01	4.573904e-01
2.676164e+00	7.989300e-01	4.611483e-01
2.680852e+00	-3.706000e-02	4.538336e-01
2.685540e+00	4.432000e-01	4.574072e-01
2.690228e+00	-7.046550e-01	4.468773e-01
2.694917e+00	3.802450e-01	4.559890e-01
2.699605e+00	4.832000e-02	4.525814e-01
2.704293e+00	-2.454200e-01	4.495854e-01
2.708981e+00	5.720500e-02	4.513220e-01
2.713669e+00	1.353650e-01	4.522315e-01
2.718358e+00	6.398550e-01	4.558765e-01
2.723046e+00	6.190150e-01	4.555343e-01
2.727734e+00	-3.365500e-02	4.493636e-01
2.732422e+00	3.515800e-01	4.520630e-01
2.737111e+00	-1.574650e-01	4.468904e-01
2.741799e+00	4.571750e-01	4.528492e-01
2.746487e+00	9.849500e-02	4.488092e-01
2.751175e+00	1.006050e-01	4.485088e-01
2.755864e+00	1.107925e+00	4.563954e-01
2.760552e+00	8.296350e-01	4.538992e-01
2.765240e+00	4.437600e-01	4.503091e-01
2.769928e+00	4.142700e-01	4.501443e-01
2.774616e+00	4.152050e-01	4.496744e-01
2.779305e+00	3.637500e-02	4.456901e-01
2.783993e+00	3.488550e-01	4.478643e-01
2.788681e+00	2.117850e-01	4.459735e-01
2.793369e+00	1.025950e-01	4.452382e-01
2.798058e+00	3.462650e-01	4.470822e-01
2.802746e+00	-3.564500e-01	4.406662e-01
2.807434e+00	2.948050e-01	4.457261e-01
2.812122e+00	1.103405e+00	4.526784e-01
2.816811e+00	1.959050e-01	4.442778e-01
2.821499e+00	3.059900e-01	4.450418e-01
2.826187e+00	-6.539550e-01	4.360571e-01
2.830875e+00	4.749700e-01	4.450944e-01
2.835563e+00	-4.568000e-02	4.406404e-01
2.840252e+00	5.794950e-01	4.451948e-01
2.844940e+00	4.781500e-01	4.445741e-01
2.849628e+00	-1.998250e-01	4.382252e-01
2.854316e+00	9.113000e-02	4.408983e-01
2.859005e+00	2.215300e-01	4.494738e-01
2.863693e+00	4.122500e-02	4.580216e-01
2.868381e+00	7.733600e-01	4.705152e-01
2.873069e+00	7.254650e-01	4.752584e-01
2.877758e+00	-4.036550e-01	4.687531e-01
2.882446e+00	-7.122950e-01	4.677840e-01
2.887134e+00	4.708050e-01	4.802085e-01
2.891822e+00	2.306500e-01	4.799993e-01
2.896510e+00	-8.078500e-02	4.789423e-01
2.901199e+00	-3.489050e-01	4.774665e-01
2.905887e+00	3.523950e-01	4.852347e-01
2.910575e+00	-4.355500e-02	4.819868e-01
2.915263e+00	8.141600e-01	4.914291e-01
2.919952e+00	7.491900e-01	4.912496e-01
2.924640e+00	9.669000e-01	4.804149e-01
2.929328e+00	2.442250e-01	4.653354e-01
2.934016e+00	-4.442150e-01	4.526343e-01
2.938704e+00	-2.611600e-01	4.513905e-01
2.943393e+00	-6.839700e-01	4.443913e-01
2.948081e+00	-1.652750e-01	4.465495e-01
2.952769e+00	1.960000e-03	4.472108e-01
2.957457e+00	3.610000e-02	4.465617e-01
2.962146e+00	4.826600e-01	4.486886e-01
2.966834e+00	-1.811150e-01	4.419527e-01
2.971522e+00	-1.516300e-01	4.416254e-01
2.976210e+00	-1.921950e-01	4.422167e-01
2.980899e+00	1.703000e-02	4.432707e-01
2.985587e+00	4.711350e-01	4.453849e-01
2.990275e+00	2.799250e-01	4.424557e-01
2.994963e+00	-4.977000e-02	4.395205e-01
2.999651e+00	3.092500e-02	4.395832e-01
3.004340e+00	-1.206900e-01	4.384478e-01
3.009028e+00	1.433000e-02	4.387940e-01
3.013716e+00	4.219350e-01	4.414967e-01
3.018404e+00	2.727050e-01	4.396825e-01
3.023093e+00	-4.867550e-01	4.324024e-01
3.027781e+00	-2.347400e-01	4.336624e-01
3.032469e+00	3.568600e-01	4.391349e-01
3.037157e+00	1.871450e-01	4.367316e-01
3.041846e+00	-9.491000e-02	4.343670e-01
3.046534e+00	2.359550e-01	4.361408e-01
3.051222e+00	-2.845000e-02	4.335140e-01
3.055910e+00	-2.840100e-01	4.304696e-01
3.060598e+00	-5.412000e-01	4.288619e-01
3.065287e+00	-2.719850e-01	4.299745e-01
3.069975e+00	6.057500e-01	4.369111e-01
3.074663e+00	3.981500e-02	4.319213e-01
3.079351e+00	2.942600e-01	4.334849e-01
3.084040e+00	7.868350e-01	4.370254e-01
3.088728e+00	6.460400e-01	4.354590e-01
3.093416e+00	3.060000e-01	4.324166e-01
3.098104e+00	1.670600e-01	4.305347e-01
3.102793e+00	-1.549000e-02	4.290578e-01
3.107481e+00	-1.667500e-02	4.288152e-01
3.112169e+00	3.534600e-01	4.310633e-01
3.116857e+00	8.224450e-01	4.347248e-01
3.121545e+00	-1.012050e-01	4.260530e-01
3.126234e+00	-1.991550e-01	4.258178e-01
3.130922e+00	-4.040000e-01	4.233538e-01
3.135610e+00	2.623350e-01	4.285224e-01
3.140298e+00	-1.098500e-01	4.246800e-01
3.144987e+00	2.560850e-01	4.278715e-01
3.149675e+00	4.244250e-01	4.285975e-01
3.154363e+00	8.601000e-02	4.248737e-01
3.159051e+00	1.625650e-01	4.255829e-01
3.163739e+00	-2.634500e-02	4.235468e-01
3.168428e+00	2.523150e-01	4.257097e-01
3.173116e+00	-1.325450e-01	4.219243e-01
3.177804e+00	-2.200950e-01	4.208014e-01
3.182492e+00	7.118500e-02	4.234821e-01
3.187181e+00	2.596500e-01	4.243349e-01
3.191869e+00	-1.888350e-01	4.198411e-01
3.196557e+00	-2.225000e-01	4.191199e-01
3.201245e+00	4.752050e-01	4.253026e-01
3.205934e+00	4.885250e-01	4.248672e-01
3.210622e+00	6.804000e-01	4.262395e-01
3.215310e+00	2.659550e-01	4.225163e-01
3.219998e+00	2.418050e-01	4.214059e-01
3.224686e+00	2.326500e-02	4.190614e-01
3.229375e+00	3.325350e-01	4.201837e-01
3.234063e+00	-1.878900e-01	4.155159e-01
3.238751e+00	-2.779050e-01	4.148599e-01
3.243439e+00	2.185050e-01	4.181188e-01
3.248128e+00	1.744900e-01	4.173952e-01
3.252816e+00	-4.796300e-01	4.123894e-01
3.257504e+00	7.100000e-02	4.158049e-01
3.262192e+00	4.680750e-01	4.191834e-01
3.266881e+00	2.378900e-01	4.162691e-01
3.271569e+00	6.900950e-01	4.197467e-01
3.276257e+00	9.425450e-01	4.220719e-01
3.280945e+00	-1.492000e-02	4.142240e-01
3.285633e+00	2.119150e-01	4.165300e-01
3.290322e+00	1.892500e-02	4.149422e-01
3.295010e+00	-2.347050e-01	4.123960e-01
3.299698e+00	7.496050e-01	4.199602e-01
3.304386e+00	2.482950e-01	4.155231e-01
3.309075e+00	8.450500e-02	4.139827e-01
3.313763e+00	4.929100e-01	4.166511e-01
3.318451e+00	5.563850e-01	4.175014e-01
3.323139e+00	2.509400e-01	4.144191e-01
3.327828e+00	4.091650e-01	4.156919e-01
3.332516e+00	6.037450e-01	4.168822e-01
3.337204e+00	4.526700e-01	4.149515e-01
3.341892e+00	-1.671500e-01	4.102168e-01
3.346580e+00	-4.721500e-01	4.065643e-01
3.351269e+00	-5.951000e-02	4.098031e-01
3.355957e+00	2.069650e-01	4.137973e-01
3.360645e+00	3.079000e-01	4.237245e-01
3.365333e+00	1.711900e-01	4.293155e-01
3.370022e+00	3.270500e-02	4.325667e-01
3.374710e+00	5.890050e-01	4.390359e-01
3.379398e+00	8.263400e-01	4.424214e-01
3.384086e+00	4.257350e-01	4.404192e-01
3.388774e+00	3.198550e-01	4.398860e-01
3.393463e+00	1.066250e-01	4.384660e-01
3.398151e+00	-6.336200e-01	4.314239e-01
3.402839e+00	-3.128550e-01	4.350617e-01
3.407527e+00	3.340950e-01	4.419164e-01
3.412216e+00	2.606650e-01	4.428570e-01
3.416904e+00	4.843250e-01	4.447354e-01
3.421592e+00	8.657600e-01	4.486670e-01
3.426280e+00	4.852500e-01	4.463245e-01
3.430969e+00	3.302800e-01	4.458972e-01
3.435657e+00	4.467000e-01	4.474360e-01
3.440345e+00	4.770150e-01	4.483904e-01
3.445033e+00	-1.214200e-01	4.445667e-01
3.449721e+00	4.109700e-01	4.487874e-01
3.454410e+00	4.689250e-01	4.499915e-01
3.459098e+00	5.636200e-01	4.517472e-01
3.463786e+00	1.131400e-01	4.479467e-01
3.468474e+00	2.901950e-01	4.503600e-01
3.473163e+00	6.365500e-02	4.490789e-01
3.477851e+00	-3.357600e-01	4.453626e-01
3.482539e+00	1.791700e-01	4.509858e-01
3.487227e+00	4.660950e-01	4.534444e-01
3.491916e+00	-3.953000e-02	4.506612e-01
3.496604e+00	6.791600e-01	4.573316e-01
3.501292e+00	-1.960750e-01	4.491695e-01
3.505980e+00	1.957050e-01	4.532576e-01
3.510668e+00	4.537900e-01	4.565763e-01
3.515357e+00	-4.081500e-02	4.525254e-01
3.520045e+00	3.115150e-01	4.557392e-01
3.524733e+00	6.966800e-01	4.597183e-01
3.529421e+00	2.059750e-01	4.554966e-01
3.534110e+00	7.474300e-01	4.605303e-01
3.538798e+00	5.979550e-01	4.600246e-01
3.543486e+00	1.905250e-01	4.567521e-01
3.548174e+00	6.550000e-04	4.561922e-01
3.552863e+00	-6.737500e-01	4.504348e-01
3.557551e+00	-6.540700e-01	4.513417e-01
3.562239e+00	-6.666950e-01	4.509072e-01
3.566927e+00	3.713550e-01	4.603676e-01
3.571615e+00	-2.087000e-02	4.569606e-01
3.576304e+00	-3.327100e-01	4.548120e-01
3.580992e+00	1.265200e-01	4.592790e-01
3.585680e+00	-5.589600e-01	4.519292e-01
3.590368e+00	-4.270900e-01	4.529917e-01
3.595057e+00	-8.885000e-02	4.563354e-01
3.599745e+00	3.685000e-01	4.595624e-01
3.604433e+00	7.572300e-01	4.631867e-01
3.609121e+00	7.247800e-01	4.632225e-01
3.613809e+00	5.554400e-01	4.614044e-01
3.618498e+00	5.773650e-01	4.614491e-01
3.623186e+00	5.522300e-01	4.613064e-01
3.627874e+00	3.676500e-02	4.572788e-01
3.632562e+00	-1.004050e-01	4.565654e-01
3.637251e+00	-5.842900e-01	4.530204e-01
3.641939e+00	-7.223500e-02	4.576259e-01
3.646627e+00	3.186950e-01	4.608730e-01
3.651315e+00	-7.601000e-02	4.576142e-01
3.656004e+00	-2.489650e-01	4.577108e-01
3.660692e+00	1.458250e-01	4.702953e-01
3.665380e+00	-3.905300e-01	4.805632e-01
3.670068e+00	3.431350e-01	4.953679e-01
3.674756e+00	-1.536400e-01	4.977822e-01
3.679445e+00	-3.070650e-01	5.021655e-01
3.684133e+00	-4.803150e-01	5.036238e-01
3.688821e+00	3.872300e-01	5.158316e-01
3.693509e+00	-4.410050e-01	5.099137e-01
3.698198e+00	7.427300e-01	5.245279e-01
3.702886e+00	6.979900e-01	5.274956e-01
3.707574e+00	6.396850e-01	5.295870e-01
3.712262e+00	-3.432300e-01	5.224619e-01
3.716951e+00	3.282150e-01	5.320209e-01
3.721639e+00	5.232800e-01	5.363053e-01
3.726327e+00	-1.924100e-01	5.303848e-01
3.731015e+00	-3.554000e-01	5.305931e-01
3.735703e+00	-2.168100e-01	5.350827e-01
3.740392e+00	2.256000e-01	5.421570e-01
3.745080e+00	6.566450e-01	5.494643e-01
3.749768e+00	2.613600e-01	5.471766e-01
3.754456e+00	-2.677000e-02	5.465082e-01
3.759145e+00	1.710450e-01	5.509571e-01
3.763833e+00	-1.432350e-01	5.493964e-01
3.768521e+00	3.617400e-01	5.563983e-01
3.773209e+00	5.598200e-01	5.616215e-01
3.777897e+00	2.909400e-01	5.606355e-01
3.782586e+00	5.161000e-01	5.659641e-01
3.787274e+00	2.310300e-01	5.650956e-01
3.791962e+00	7.852500e-01	5.719189e-01
3.796650e+00	7.034050e-01	5.740008e-01
3.801339e+00	7.688500e-01	5.771827e-01
3.806027e+00	6.720350e-01	5.788504e-01
3.810715e+00	3.937400e-01	5.770079e-01
3.815403e+00	-3.553600e-01	5.712866e-01
3.820092e+00	6.779950e-01	5.859803e-01
3.824780e+00	3.822500e-02	5.786913e-01
3.829468e+00	1.406500e-01	5.834551e-01
3.834156e+00	1.184250e-01	5.839811e-01
3.838844e+00	7.415000e-03	5.852825e-01
3.843533e+00	2.964350e-01	5.910842e-01
3.848221e+00	-1.438500e-01	5.881657e-01
3.852909e+00	1.760900e-01	5.932562e-01
3.857597e+00	7.168000e-02	5.947322e-01
3.862286e+00	-1.366500e-02	5.966329e-01
3.866974e+00	8.765000e-01	6.091267e-01
3.871662e+00	5.058400e-01	6.052887e-01
3.876350e+00	1.395000e-03	6.013104e-01
3.881039e+00	-5.385700e-01	5.973965e-01
3.885727e+00	-1.856150e-01	6.039012e-01
3.890415e+00	3.156700e-01	6.116782e-01
3.895103e+00	8.481150e-01	6.208264e-01
3.899791e+00	1.130065e+00	6.256824e-01
3.904480e+00	3.134200e-01	6.194604e-01
3.909168e+00	-2.256850e-01	6.140373e-01
3.913856e+00	-1.062850e-01	6.188181e-01
3.918544e+00	1.175250e-01	6.241629e-01
3.923233e+00	2.130100e-01	6.272317e-01
3.927921e+00	-9.829000e-02	6.244234e-01
3.932609e+00	3.057700e-01	6.319712e-01
3.937297e+00	-6.329400e-01	6.211077e-01
3.941986e+00	3.737000e-02	6.289300e-01
3.946674e+00	4.593700e-01	6.346433e-01
3.951362e+00	-5.861700e-01	6.229393e-01
3.956050e+00	-3.133350e-01	6.245924e-01
3.960738e+00	3.190850e-01	6.328307e-01
3.965427e+00	3.128550e-01	6.341437e-01
3.970115e+00	-7.335000e-02	6.301670e-01
3.974803e+00	-4.521050e-01	6.285614e-01
3.979491e+00	-4.157100e-01	6.306587e-01
3.984180e+00	-7.386000e-01	6.278403e-01
3.988868e+00	-6.912200e-01	6.329066e-01
3.993556e+00	3.012000e-01	6.467378e-01
3.998244e+00	-2.124100e-01	6.406124e-01
4.002932e+00	-6.243300e-01	6.380381e-01
4.007621e+00	1.731800e-01	6.516852e-01
4.012309e+00	1.138715e+00	6.645294e-01
4.016997e+00	6.365000e-02	6.523880e-01
4.021685e+00	-8.028000e-02	6.528846e-01
4.026374e+00	2.069900e-01	6.604265e-01
4.031062e+00	3.439000e-02	6.594125e-01
4.035750e+00	-4.444000e-01	6.571518e-01
4.040438e+00	-8.687250e-01	6.537295e-01
4.045127e+00	-1.443000e-01	6.642459e-01
4.049815e+00	6.340500e-02	6.702600e-01
4.054503e+00	7.194250e-01	6.811856e-01
4.059191e+00	6.320350e-01	6.808817e-01
4.063879e+00	1.278700e-01	6.768935e-01
4.068568e+00	3.513550e-01	6.827797e-01
4.073256e+00	6.959800e-01	6.900113e-01
4.077944e+00	5.987050e-01	6.893597e-01
4.082632e+00	3.080000e-02	6.835880e-01
4.087321e+00	-6.839400e-01	6.776252e-01
4.092009e+00	8.529550e-01	7.021597e-01
4.096697e+00	4.553800e-01	6.997839e-01
4.101385e+00	-5.107500e-02	6.924542e-01
4.106074e+00	-1.008250e-01	6.958986e-01
4.110762e+00	1.233700e-01	7.005497e-01
4.115450e+00	1.937100e-01	7.046837e-01
4.120138e+00	8.361050e-01	7.176570e-01
4.124826e+00	-1.744750e-01	7.056278e-01
4.129515e+00	2.285200e-01	7.154113e-01
4.134203e+00	4.219000e-02	7.129827e-01
4.138891e+00	2.540600e-01	7.194007e-01
4.143579e+00	1.384275e+00	7.375130e-01
4.148268e+00	3.773500e-01	7.271922e-01
4.152956e+00	-3.282350e-01	7.193263e-01
4.157644e+00	-7.996050e-01	7.121451e-01
4.162332e+00	2.753550e-01	7.326747e-01
4.167021e+00	5.574000e-02	7.325912e-01
4.171709e+00	8.361350e-01	7.449993e-01
4.176397e+00	3.963500e-01	7.423128e-01
4.181085e+00	3.755750e-01	7.438571e-01
4.185773e+00	2.454400e-01	7.445301e-01
4.190462e+00	2.338850e-01	7.489458e-01
4.195150e+00	5.460200e-01	7.575405e-01
4.199838e+00	9.197150e-01	7.642527e-01
4.204526e+00	1.318180e+00	7.721435e-01
4.209215e+00	1.529700e-01	7.592701e-01
4.213903e+00	-2.323000e-02	7.590995e-01
4.218591e+00	7.931650e-01	7.741227e-01
4.223279e+00	3.207050e-01	7.715809e-01
4.227967e+00	5.797150e-01	7.770627e-01
4.232656e+00	-4.817100e-01	7.649303e-01
4.237344e+00	-8.642500e-02	7.733219e-01
4.242032e+00	-1.132400e-01	7.752437e-01
4.246720e+00	-1.083845e+00	7.624843e-01
4.251409e+00	-6.395050e-01	7.741525e-01
4.256097e+00	-3.064150e-01	7.860209e-01
4.260785e+00	-6.324000e-01	7.818042e-01
4.265473e+00	-3.945550e-01	7.875169e-01
4.270162e+00	-6.156500e-02	7.967480e-01
4.274850e+00	3.220500e-01	8.099445e-01
4.279538e+00	-3.972700e-01	8.025921e-01
4.284226e+00	-1.419100e-01	8.064425e-01
4.288914e+00	-5.314500e-02	8.112966e-01
4.293603e+00	1.088205e+00	8.306925e-01
4.298291e+00	-3.338600e-01	8.113292e-01
4.302979e+00	-4.890850e-01	8.110020e-01
4.307667e+00	-2.473400e-01	8.203002e-01
4.312356e+00	-4.648650e-01	8.182946e-01
4.317044e+00	1.893150e-01	8.347436e-01
4.321732e+00	-3.430800e-01	8.271155e-01
4.326420e+00	2.301500e-02	8.396666e-01
4.331109e+00	-2.843000e-01	8.390342e-01
4.335797e+00	5.534100e-01	8.536441e-01
4.340485e+00	-1.911100e-01	8.478439e-01
4.345173e+00	3.961000e-01	8.600601e-01
4.349861e+00	9.176400e-01	8.749075e-01
4.354550e+00	1.993000e-02	8.637107e-01
4.359238e+00	2.572050e-01	8.695601e-01
4.363926e+00	1.381215e+00	8.936102e-01
4.368614e+00	1.330935e+00	8.985265e-01
4.373303e+00	2.580950e-01	8.829079e-01
4.377991e+00	6.601950e-01	8.947433e-01
4.382679e+00	5.238050e-01	8.942883e-01
4.387367e+00	-6.619300e-01	8.768018e-01
4.392056e+00	6.256650e-01	9.058035e-01
4.396744e+00	-4.821700e-01	8.908649e-01
4.401432e+00	-2.163300e-01	9.002022e-01
4.406120e+00	4.478050e-01	9.139386e-01
4.410808e+00	-7.812800e-01	8.939876e-01
4.415497e+00	-9.293250e-01	8.911007e-01
4.420185e+00	7.907100e-01	9.213234e-01
4.424873e+00	2.317000e-02	9.076237e-01
4.429561e+00	-2.516000e-02	9.096495e-01
4.434250e+00	4.205450e-01	9.195830e-01
4.438938e+00	4.724550e-01	9.197561e-01
4.443626e+00	-1.816750e-01	9.096526e-01
4.448314e+00	-1.452200e-01	9.120568e-01
4.453002e+00	3.618250e-01	9.257347e-01
4.457691e+00	6.622850e-01	9.367949e-01
4.462379e+00	2.686650e-01	9.350871e-01
4.467067e+00	-8.735000e-03	9.321531e-01
4.471755e+00	6.479500e-02	9.398599e-01
4.476444e+00	1.350005e+00	9.689753e-01
4.481132e+00	7.185050e-01	9.635018e-01
4.485820e+00	8.273500e-01	9.708814e-01
4.490508e+00	7.790500e-01	9.734120e-01
4.495197e+00	-3.413350e-01	9.551594e-01
4.499885e+00	-6.062950e-01	9.577928e-01
4.504573e+00	9.715500e-02	9.752071e-01
4.509261e+00	1.404020e+00	1.006515e+00
4.513949e+00	6.577950e-01	9.988231e-01
4.518638e+00	-5.780050e-01	9.796844e-01
4.523326e+00	7.864000e-02	9.969471e-01
4.528014e+00	2.596000e-02	9.984921e-01
4.532702e+00	-6.063350e-01	9.983045e-01
4.537391e+00	1.885950e-01	1.018846e+00
4.542079e+00	5.024250e-01	1.031953e+00
4.546767e+00	1.159215e+00	1.048067e+00
4.551455e+00	1.030435e+00	1.055523e+00
4.556144e+00	5.780450e-01	1.053108e+00
4.560832e+00	-3.347750e-01	1.037849e+00
4.565520e+00	1.511995e+00	1.084250e+00
4.570208e+00	7.413200e-01	1.076212e+00
4.574896e+00	-1.560425e+00	1.031246e+00
4.579585e+00	-1.265355e+00	1.047276e+00
4.584273e+00	-7.124400e-01	1.068306e+00
4.588961e+00	-3.225650e-01	1.085293e+00
4.593649e+00	1.080450e-01	1.097415e+00
4.598338e+00	1.529555e+00	1.135535e+00
4.603026e+00	-3.523500e-02	1.110729e+00
4.607714e+00	-2.081100e-01	1.117503e+00
4.612402e+00	1.900550e-01	1.130961e+00
4.617091e+00	1.892500e-01	1.137033e+00
4.621779e+00	3.426000e-02	1.141129e+00
4.626467e+00	1.736020e+00	1.190887e+00
4.631155e+00	6.204150e-01	1.174708e+00
4.635843e+00	-9.679000e-01	1.140631e+00
4.640532e+00	-3.544750e-01	1.167788e+00
4.645220e+00	4.158150e-01	1.198033e+00
4.649908e+00	2.797850e-01	1.205624e+00
4.654596e+00	-1.173550e-01	1.203819e+00
4.659285e+00	2.020850e-01	1.221362e+00
4.663973e+00	-1.517100e-01	1.221540e+00
4.668661e+00	8.593000e-02	1.238076e+00
4.673349e+00	4.585900e-01	1.257535e+00
4.678037e+00	1.226550e-01	1.261687e+00
4.682726e+00	4.310800e-01	1.277002e+00
4.687414e+00	-4.260850e-01	1.267752e+00
4.692102e+00	-5.619950e-01	1.273667e+00
4.696790e+00	1.050135e+00	1.330523e+00
4.701479e+00	-1.322025e+00	1.281510e+00
4.706167e+00	2.074710e+00	1.381023e+00
4.710855e+00	-1.428100e-01	1.331266e+00
4.715543e+00	-1.287950e-01	1.346978e+00
4.720232e+00	-2.948940e+00	1.284646e+00
4.724920e+00	-4.689100e-01	1.365776e+00
4.729608e+00	4.837400e-01	1.408006e+00
4.734296e+00	-1.953750e-01	1.400767e+00
4.738984e+00	7.899850e-01	1.444458e+00
4.743673e+00	1.582800e-01	1.444521e+00
4.748361e+00	2.649980e+00	1.527590e+00
4.753049e+00	7.906350e-01	1.487457e+00
4.757737e+00	2.904400e-01	1.501800e+00
4.762426e+00	5.433500e-02	1.510320e+00
4.767114e+00	-1.053040e+00	1.496728e+00
4.771802e+00	-3.193500e-02	1.544657e+00
4.776490e+00	9.949800e-01	1.587043e+00
4.781179e+00	-5.619500e-02	1.586909e+00
4.785867e+00	-6.975550e-01	1.587880e+00
4.790555e+00	-2.674600e-01	1.623432e+00
4.795243e+00	-9.118500e-01	1.622377e+00
4.799931e+00	-7.642300e-01	1.656931e+00
4.804620e+00	-2.237800e-01	1.691797e+00
4.809308e+00	-5.794500e-01	1.713347e+00
4.813996e+00	8.960900e-01	1.793766e+00
4.818684e+00	1.191420e+00	1.831003e+00
4.823373e+00	-5.569700e-01	1.793648e+00
4.828061e+00	1.761020e+00	1.908568e+00
4.832749e+00	9.768600e-01	1.923722e+00
4.837437e+00	-1.150725e+00	1.887895e+00
4.842125e+00	-1.110625e+00	1.924322e+00
4.846814e+00	2.797455e+00	2.111478e+00
4.851502e+00	-3.196600e-01	2.038198e+00
4.856190e+00	4.066600e+00	2.246501e+00
4.860878e+00	1.945450e+00	2.212944e+00
4.865567e+00	-1.022575e+00	2.149121e+00
4.870255e+00	-8.753250e-01	2.200235e+00
4.874943e+00	2.426620e+00	2.413310e+00
4.879631e+00	4.458320e+00	2.571603e+00
4.884320e+00	2.868150e-01	2.461942e+00
4.889008e+00	-1.336995e+00	2.456117e+00
4.893696e+00	7.100850e-01	2.654734e+00
4.898384e+00	-2.331000e-02	2.726232e+00
4.903072e+00	1.617500e+00	2.925423e+00
4.907761e+00	2.589325e+00	3.118915e+00
4.912449e+00	1.064490e+00	4.239155e+00
4.917137e+00	-3.246745e+00	1.128961e+01
