# Sample description: GI
# Parent(s): ../20151214/GI_no_protection/1d/GI_np_030_00071.dat
# No protection
3.200246e-02	4.116050e+01	2.092005e+01
3.669069e-02	8.574390e+01	1.637632e+01
4.137892e-02	1.538808e+02	1.473997e+01
4.606715e-02	2.155620e+02	1.194784e+01
5.075538e-02	2.174023e+02	9.473024e+00
5.544361e-02	2.067273e+02	7.846819e+00
6.013183e-02	1.924509e+02	6.808401e+00
6.482006e-02	1.814191e+02	6.051525e+00
6.950829e-02	1.757915e+02	5.474115e+00
7.419652e-02	1.723534e+02	5.018366e+00
7.888475e-02	1.705029e+02	4.701098e+00
8.357298e-02	1.724991e+02	4.469633e+00
8.826121e-02	1.636921e+02	4.184289e+00
9.294944e-02	1.610001e+02	3.977306e+00
9.763767e-02	1.609590e+02	3.816445e+00
1.023259e-01	1.532985e+02	3.617778e+00
1.070141e-01	1.529690e+02	3.502182e+00
1.117024e-01	1.548259e+02	3.413941e+00
1.163906e-01	1.502080e+02	3.274103e+00
1.210788e-01	1.489945e+02	3.183353e+00
1.257670e-01	1.439578e+02	3.065277e+00
1.304553e-01	1.430117e+02	2.990674e+00
1.351435e-01	1.471099e+02	2.956054e+00
1.398317e-01	1.468090e+02	2.892830e+00
1.445200e-01	1.446396e+02	2.817458e+00
1.492082e-01	1.430874e+02	2.754157e+00
1.538964e-01	1.403320e+02	2.679746e+00
1.585846e-01	1.390969e+02	2.621066e+00
1.632729e-01	1.396528e+02	2.582243e+00
1.679611e-01	1.364847e+02	2.518739e+00
1.726493e-01	1.324773e+02	2.448292e+00
1.773376e-01	1.336563e+02	2.416240e+00
1.820258e-01	1.371382e+02	2.407333e+00
1.867140e-01	1.364421e+02	2.370525e+00
1.914022e-01	1.357657e+02	2.333744e+00
1.960905e-01	1.330990e+02	2.280352e+00
2.007787e-01	1.315847e+02	2.243742e+00
2.054669e-01	1.286898e+02	2.196752e+00
2.101552e-01	1.265535e+02	2.155968e+00
2.148434e-01	1.256339e+02	2.121561e+00
2.195316e-01	1.263813e+02	2.101365e+00
2.242199e-01	1.241163e+02	2.062542e+00
2.289081e-01	1.231674e+02	2.034439e+00
2.335963e-01	1.242057e+02	2.018698e+00
2.382845e-01	1.237129e+02	1.992968e+00
2.429728e-01	1.201286e+02	1.949152e+00
2.476610e-01	1.179849e+02	1.916340e+00
2.523492e-01	1.141923e+02	1.871989e+00
2.570375e-01	1.178351e+02	1.875474e+00
2.617257e-01	1.146875e+02	1.837843e+00
2.664139e-01	1.142740e+02	1.818413e+00
2.711021e-01	1.117005e+02	1.785801e+00
2.757904e-01	1.085874e+02	1.748785e+00
2.804786e-01	1.098387e+02	1.742748e+00
2.851668e-01	1.102426e+02	1.730653e+00
2.898551e-01	1.075411e+02	1.698426e+00
2.945433e-01	1.070701e+02	1.681669e+00
2.992315e-01	1.064452e+02	1.701751e+00
3.039197e-01	1.063914e+02	1.713998e+00
3.086080e-01	1.038885e+02	1.703652e+00
3.132962e-01	1.018623e+02	1.689737e+00
3.179844e-01	1.026585e+02	1.694420e+00
3.226727e-01	1.031375e+02	1.697865e+00
3.273609e-01	9.863274e+01	1.665729e+00
3.320491e-01	9.731078e+01	1.653303e+00
3.367374e-01	9.505877e+01	1.634779e+00
3.414256e-01	9.353740e+01	1.620759e+00
3.461138e-01	9.229413e+01	1.609439e+00
3.508020e-01	9.152439e+01	1.599623e+00
3.554903e-01	8.907252e+01	1.576847e+00
3.601785e-01	9.040714e+01	1.582892e+00
3.648667e-01	8.769295e+01	1.576024e+00
3.695550e-01	8.401104e+01	1.585174e+00
3.742432e-01	8.415073e+01	1.604716e+00
3.789314e-01	8.286218e+01	1.609778e+00
3.836196e-01	8.065654e+01	1.602793e+00
3.883079e-01	7.904077e+01	1.600295e+00
3.929961e-01	8.001851e+01	1.622393e+00
3.976843e-01	7.839710e+01	1.630727e+00
4.023726e-01	8.060237e+01	1.664833e+00
4.070608e-01	7.484123e+01	1.626127e+00
4.117490e-01	7.220642e+01	1.608188e+00
4.164372e-01	7.217900e+01	1.609545e+00
4.211255e-01	7.010365e+01	1.596071e+00
4.258137e-01	6.935523e+01	1.591003e+00
4.305019e-01	6.695634e+01	1.570281e+00
4.351902e-01	6.883393e+01	1.582416e+00
4.398784e-01	6.707313e+01	1.565521e+00
4.445666e-01	6.801270e+01	1.593298e+00
4.492548e-01	6.564925e+01	1.625758e+00
4.539431e-01	6.393466e+01	1.640133e+00
4.586313e-01	6.311674e+01	1.656017e+00
4.633195e-01	6.124573e+01	1.661625e+00
4.680078e-01	6.180750e+01	1.684939e+00
4.726960e-01	6.066279e+01	1.693607e+00
4.773842e-01	6.111914e+01	1.714134e+00
4.820725e-01	6.006395e+01	1.721283e+00
4.867607e-01	5.782228e+01	1.715974e+00
4.914489e-01	5.585613e+01	1.707768e+00
4.961371e-01	5.330571e+01	1.697855e+00
5.008254e-01	5.554420e+01	1.734117e+00
5.055136e-01	5.190542e+01	1.710529e+00
5.102018e-01	5.030598e+01	1.655431e+00
5.148901e-01	5.074708e+01	1.600968e+00
5.195783e-01	4.912287e+01	1.558194e+00
5.242665e-01	4.886015e+01	1.536232e+00
5.289547e-01	5.009174e+01	1.534356e+00
5.336430e-01	4.548759e+01	1.473913e+00
5.383312e-01	4.721032e+01	1.478112e+00
5.430194e-01	4.571337e+01	1.456493e+00
5.477077e-01	4.422853e+01	1.432824e+00
5.523959e-01	4.311574e+01	1.412754e+00
5.570841e-01	4.342128e+01	1.409098e+00
5.617723e-01	4.046403e+01	1.373439e+00
5.664606e-01	4.189630e+01	1.381492e+00
5.711488e-01	4.106784e+01	1.367730e+00
5.758370e-01	3.806542e+01	1.329248e+00
5.805253e-01	3.659366e+01	1.306856e+00
5.852135e-01	3.797320e+01	1.309594e+00
5.899017e-01	3.619003e+01	1.283977e+00
5.945900e-01	3.555540e+01	1.268834e+00
5.992782e-01	3.552987e+01	1.258738e+00
6.039664e-01	3.434681e+01	1.240318e+00
6.086546e-01	3.304584e+01	1.219177e+00
6.133429e-01	3.340787e+01	1.214318e+00
6.180311e-01	3.225770e+01	1.197338e+00
6.227193e-01	3.265107e+01	1.192762e+00
6.274076e-01	3.041593e+01	1.166172e+00
6.320958e-01	2.769177e+01	1.133694e+00
6.367840e-01	2.730071e+01	1.126816e+00
6.414722e-01	2.762809e+01	1.126654e+00
6.461605e-01	2.752141e+01	1.123045e+00
6.508487e-01	2.664597e+01	1.112915e+00
6.555369e-01	2.840443e+01	1.125899e+00
6.602252e-01	2.649992e+01	1.104824e+00
6.649134e-01	2.382117e+01	1.074032e+00
6.696016e-01	2.448108e+01	1.077754e+00
6.742898e-01	2.365891e+01	1.065702e+00
6.789781e-01	2.290521e+01	1.057468e+00
6.836663e-01	2.380282e+01	1.064674e+00
6.883545e-01	2.346449e+01	1.057907e+00
6.930428e-01	2.122476e+01	1.031689e+00
6.977310e-01	2.201818e+01	1.037530e+00
7.024192e-01	2.155731e+01	1.030194e+00
7.071074e-01	1.992979e+01	1.010613e+00
7.117957e-01	1.941347e+01	1.003160e+00
7.164839e-01	1.896061e+01	9.953157e-01
7.211721e-01	1.884399e+01	9.921080e-01
7.258604e-01	1.912411e+01	9.923648e-01
7.305486e-01	1.807122e+01	9.794292e-01
7.352368e-01	1.768426e+01	9.730802e-01
7.399251e-01	1.761550e+01	9.693458e-01
7.446133e-01	1.542305e+01	9.432041e-01
7.493015e-01	1.555336e+01	9.446000e-01
7.539897e-01	1.603126e+01	9.453134e-01
7.586780e-01	1.501262e+01	9.327017e-01
7.633662e-01	1.489547e+01	9.304634e-01
7.680544e-01	1.481246e+01	9.271263e-01
7.727427e-01	1.551033e+01	9.318333e-01
7.774309e-01	1.353999e+01	9.089819e-01
7.821191e-01	1.351761e+01	9.070475e-01
7.868073e-01	1.362035e+01	9.048099e-01
7.914956e-01	1.319657e+01	8.990876e-01
7.961838e-01	1.264836e+01	8.906651e-01
8.008720e-01	1.200425e+01	8.822483e-01
8.055603e-01	1.187208e+01	8.791962e-01
8.102485e-01	1.093914e+01	8.680745e-01
8.149367e-01	1.009501e+01	8.546133e-01
8.196249e-01	1.060431e+01	8.580301e-01
8.243132e-01	1.255425e+01	8.786380e-01
8.290014e-01	1.050586e+01	8.539978e-01
8.336896e-01	1.110213e+01	8.598802e-01
8.383779e-01	1.099661e+01	8.560911e-01
8.430661e-01	1.008838e+01	8.447312e-01
8.477543e-01	1.102266e+01	8.555603e-01
8.524425e-01	9.124675e+00	8.310828e-01
8.571308e-01	9.188235e+00	8.313562e-01
8.618190e-01	8.349540e+00	8.172936e-01
8.665072e-01	8.264440e+00	8.139610e-01
8.711955e-01	8.183030e+00	8.113717e-01
8.758837e-01	8.000095e+00	8.085458e-01
8.805719e-01	7.669110e+00	8.035418e-01
8.852602e-01	7.282660e+00	7.986335e-01
8.899484e-01	7.923060e+00	8.033347e-01
8.946366e-01	8.024535e+00	8.030299e-01
8.993248e-01	5.995095e+00	7.775285e-01
9.040131e-01	6.304115e+00	7.804666e-01
9.087013e-01	6.867085e+00	7.855942e-01
9.133895e-01	7.090670e+00	7.856549e-01
9.180778e-01	7.492045e+00	7.872163e-01
9.227660e-01	7.381300e+00	7.843405e-01
9.274542e-01	6.728410e+00	7.771819e-01
9.321424e-01	5.236150e+00	7.561166e-01
9.368307e-01	5.721225e+00	7.622465e-01
9.415189e-01	6.217295e+00	7.667021e-01
9.462071e-01	6.139410e+00	7.655588e-01
9.508954e-01	6.405525e+00	7.649281e-01
9.555836e-01	5.732705e+00	7.562461e-01
9.602718e-01	4.934570e+00	7.476387e-01
9.649600e-01	5.439445e+00	7.507862e-01
9.696483e-01	5.332795e+00	7.476407e-01
9.743365e-01	4.600925e+00	7.389448e-01
9.790247e-01	4.274755e+00	7.322134e-01
9.837130e-01	4.532305e+00	7.346149e-01
9.884012e-01	4.755905e+00	7.354075e-01
9.930894e-01	5.344700e+00	7.413854e-01
9.977777e-01	4.702585e+00	7.320973e-01
1.002466e+00	4.133625e+00	7.253899e-01
1.007154e+00	5.352730e+00	7.368892e-01
1.011842e+00	3.845315e+00	7.175815e-01
1.016531e+00	4.963630e+00	7.313578e-01
1.021219e+00	3.353330e+00	7.103344e-01
1.025907e+00	3.909295e+00	7.156537e-01
1.030595e+00	4.712420e+00	7.240988e-01
1.035283e+00	3.526900e+00	7.087129e-01
1.039972e+00	4.328390e+00	7.178601e-01
1.044660e+00	3.680885e+00	7.099676e-01
1.049348e+00	4.053250e+00	7.118203e-01
1.054036e+00	3.013055e+00	6.979857e-01
1.058725e+00	3.806645e+00	7.054220e-01
1.063413e+00	2.646510e+00	6.915641e-01
1.068101e+00	4.018340e+00	7.069548e-01
1.072789e+00	3.713465e+00	7.016934e-01
1.077478e+00	4.011405e+00	7.040082e-01
1.082166e+00	4.164925e+00	7.047255e-01
1.086854e+00	3.732470e+00	6.989000e-01
1.091542e+00	3.318425e+00	6.913852e-01
1.096230e+00	3.336685e+00	6.903325e-01
1.100919e+00	2.571585e+00	6.808974e-01
1.105607e+00	3.179885e+00	6.876353e-01
1.110295e+00	3.513900e+00	6.901478e-01
1.114983e+00	2.746380e+00	6.797766e-01
1.119672e+00	3.559705e+00	6.885557e-01
1.124360e+00	2.979275e+00	6.810270e-01
1.129048e+00	2.761650e+00	6.765367e-01
1.133736e+00	2.831520e+00	6.755613e-01
1.138425e+00	3.741465e+00	6.863177e-01
1.143113e+00	2.462015e+00	6.690611e-01
1.147801e+00	2.074735e+00	6.649216e-01
1.152489e+00	2.908315e+00	6.725970e-01
1.157177e+00	2.201675e+00	6.625264e-01
1.161866e+00	2.680700e+00	6.682887e-01
1.166554e+00	3.839030e+00	6.798277e-01
1.171242e+00	3.661255e+00	6.777690e-01
1.175930e+00	3.137360e+00	6.700616e-01
1.180619e+00	2.509440e+00	6.617637e-01
1.185307e+00	2.803560e+00	6.643640e-01
1.189995e+00	2.521670e+00	6.606668e-01
1.194683e+00	2.996220e+00	6.646438e-01
1.199372e+00	2.800540e+00	6.617523e-01
1.204060e+00	2.759395e+00	6.605730e-01
1.208748e+00	2.657245e+00	6.599105e-01
1.213436e+00	2.779850e+00	6.588328e-01
1.218124e+00	3.896165e+00	6.697120e-01
1.222813e+00	2.400510e+00	6.526960e-01
1.227501e+00	2.743085e+00	6.556213e-01
1.232189e+00	2.286225e+00	6.498602e-01
1.236877e+00	2.610455e+00	6.511519e-01
1.241566e+00	2.738225e+00	6.514131e-01
1.246254e+00	2.872315e+00	6.542605e-01
1.250942e+00	2.975570e+00	6.697464e-01
1.255630e+00	1.782200e+00	6.739844e-01
1.260318e+00	3.041920e+00	6.998516e-01
1.265007e+00	2.885870e+00	7.061194e-01
1.269695e+00	3.761040e+00	7.249164e-01
1.274383e+00	2.126685e+00	7.121956e-01
1.279071e+00	2.338425e+00	7.232476e-01
1.283760e+00	3.132675e+00	7.384658e-01
1.288448e+00	1.519645e+00	7.233371e-01
1.293136e+00	1.377175e+00	7.264198e-01
1.297824e+00	1.910160e+00	7.392030e-01
1.302513e+00	1.773600e+00	7.428020e-01
1.307201e+00	2.136910e+00	7.497514e-01
1.311889e+00	3.391705e+00	7.649166e-01
1.316577e+00	1.941405e+00	7.216484e-01
1.321265e+00	1.258010e+00	6.944243e-01
1.325954e+00	1.411015e+00	6.840753e-01
1.330642e+00	2.251990e+00	6.851984e-01
1.335330e+00	1.899585e+00	6.719228e-01
1.340018e+00	1.882775e+00	6.662801e-01
1.344707e+00	1.377045e+00	6.557081e-01
1.349395e+00	1.931320e+00	6.565666e-01
1.354083e+00	1.916150e+00	6.508549e-01
1.358771e+00	1.996480e+00	6.475685e-01
1.363460e+00	2.291180e+00	6.482492e-01
1.368148e+00	2.669890e+00	6.503450e-01
1.372836e+00	2.487010e+00	6.449398e-01
1.377524e+00	2.850320e+00	6.481573e-01
1.382212e+00	2.028865e+00	6.379813e-01
1.386901e+00	1.378080e+00	6.290575e-01
1.391589e+00	2.015950e+00	6.347131e-01
1.396277e+00	1.793185e+00	6.314378e-01
1.400965e+00	2.479195e+00	6.381309e-01
1.405654e+00	1.826800e+00	6.298044e-01
1.410342e+00	2.153305e+00	6.319908e-01
1.415030e+00	1.726515e+00	6.261005e-01
1.419718e+00	1.026140e+00	6.177438e-01
1.424406e+00	1.202555e+00	6.171707e-01
1.429095e+00	1.954475e+00	6.240452e-01
1.433783e+00	2.289055e+00	6.274063e-01
1.438471e+00	1.990160e+00	6.234341e-01
1.443159e+00	1.695100e+00	6.183281e-01
1.447848e+00	2.410245e+00	6.249340e-01
1.452536e+00	2.816080e+00	6.289348e-01
1.457224e+00	2.526720e+00	6.242680e-01
1.461912e+00	1.202065e+00	6.095677e-01
1.466601e+00	2.160430e+00	6.178854e-01
1.471289e+00	1.987410e+00	6.152654e-01
1.475977e+00	4.622650e-01	5.980872e-01
1.480665e+00	2.097540e+00	6.150830e-01
1.485353e+00	2.157835e+00	6.259821e-01
1.490042e+00	8.692850e-01	6.299882e-01
1.494730e+00	1.668075e+00	6.499248e-01
1.499418e+00	8.015550e-01	6.463294e-01
1.504106e+00	8.978000e-01	6.553387e-01
1.508795e+00	1.985830e+00	6.750801e-01
1.513483e+00	1.866270e+00	6.599698e-01
1.518171e+00	1.169945e+00	6.366320e-01
1.522859e+00	1.512660e+00	6.289673e-01
1.527548e+00	1.396195e+00	6.220732e-01
1.532236e+00	1.021130e+00	6.123303e-01
1.536924e+00	1.602065e+00	6.141116e-01
1.541612e+00	1.486990e+00	6.087415e-01
1.546300e+00	2.226045e+00	6.161103e-01
1.550989e+00	1.965890e+00	6.113423e-01
1.555677e+00	1.607375e+00	6.043491e-01
1.560365e+00	2.257415e+00	6.069441e-01
1.565053e+00	1.034030e+00	5.920249e-01
1.569742e+00	8.562750e-01	5.870143e-01
1.574430e+00	1.528705e+00	5.928464e-01
1.579118e+00	1.487590e+00	5.929899e-01
1.583806e+00	1.103855e+00	5.895090e-01
1.588495e+00	1.015645e+00	5.897360e-01
1.593183e+00	2.101040e+00	6.018308e-01
1.597871e+00	9.293100e-01	5.878666e-01
1.602559e+00	7.606200e-01	5.855309e-01
1.607247e+00	2.248575e+00	6.007249e-01
1.611936e+00	8.056850e-01	5.842362e-01
1.616624e+00	1.557870e+00	5.900845e-01
1.621312e+00	1.835045e+00	5.931117e-01
1.626000e+00	1.436780e+00	5.876132e-01
1.630689e+00	7.214050e-01	5.802807e-01
1.635377e+00	1.531100e+00	5.867105e-01
1.640065e+00	1.137485e+00	5.812626e-01
1.644753e+00	7.341550e-01	5.774190e-01
1.649441e+00	1.507400e+00	5.851971e-01
1.654130e+00	7.836750e-01	5.759697e-01
1.658818e+00	7.858050e-01	5.758149e-01
1.663506e+00	8.953250e-01	5.754666e-01
1.668194e+00	1.426255e+00	5.799819e-01
1.672883e+00	1.287310e+00	5.781326e-01
1.677571e+00	9.743350e-01	5.732631e-01
1.682259e+00	7.011200e-01	5.709396e-01
1.686947e+00	9.402750e-01	5.706913e-01
1.691636e+00	8.484400e-01	5.695543e-01
1.696324e+00	1.138835e+00	5.720803e-01
1.701012e+00	1.768535e+00	5.765846e-01
1.705700e+00	5.910150e-01	5.651960e-01
1.710388e+00	1.336840e+00	5.719875e-01
1.715077e+00	1.381055e+00	5.712670e-01
1.719765e+00	1.235420e+00	5.689274e-01
1.724453e+00	8.978550e-01	5.654337e-01
1.729141e+00	8.772000e-01	5.643922e-01
1.733830e+00	8.040400e-01	5.611657e-01
1.738518e+00	1.378940e+00	5.670699e-01
1.743206e+00	3.507000e-02	5.527380e-01
1.747894e+00	9.510450e-01	5.619856e-01
1.752583e+00	6.521050e-01	5.583384e-01
1.757271e+00	4.844450e-01	5.550223e-01
1.761959e+00	5.681550e-01	5.562386e-01
1.766647e+00	1.141940e+00	5.610932e-01
1.771335e+00	6.334550e-01	5.547768e-01
1.776024e+00	6.439350e-01	5.544587e-01
1.780712e+00	1.628450e-01	5.498146e-01
1.785400e+00	1.431845e+00	5.606593e-01
1.790088e+00	1.203000e+00	5.569241e-01
1.794777e+00	3.996400e-01	5.498566e-01
1.799465e+00	6.872100e-01	5.512778e-01
1.804153e+00	5.782850e-01	5.490296e-01
1.808841e+00	2.573550e-01	5.451566e-01
1.813530e+00	9.181350e-01	5.511163e-01
1.818218e+00	8.452100e-01	5.496433e-01
1.822906e+00	4.601500e-02	5.417000e-01
1.827594e+00	6.724300e-01	5.472456e-01
1.832282e+00	1.281590e+00	5.512854e-01
1.836971e+00	2.956900e-01	5.421265e-01
1.841659e+00	1.187135e+00	5.501585e-01
1.846347e+00	1.552915e+00	5.536024e-01
1.851035e+00	8.785800e-01	5.448267e-01
1.855724e+00	7.306500e-02	5.367880e-01
1.860412e+00	-8.903500e-02	5.348481e-01
1.865100e+00	7.673200e-01	5.426663e-01
1.869788e+00	3.434550e-01	5.374430e-01
1.874476e+00	2.982350e-01	5.375833e-01
1.879165e+00	9.819000e-02	5.337987e-01
1.883853e+00	8.455500e-01	5.404340e-01
1.888541e+00	1.409110e+00	5.452103e-01
1.893229e+00	1.890450e-01	5.331890e-01
1.897918e+00	8.261700e-01	5.391916e-01
1.902606e+00	7.071050e-01	5.370793e-01
1.907294e+00	-3.198500e-01	5.260300e-01
1.911982e+00	1.714705e+00	5.453634e-01
1.916671e+00	7.381750e-01	5.351708e-01
1.921359e+00	2.099850e-01	5.292386e-01
1.926047e+00	3.574950e-01	5.308994e-01
1.930735e+00	7.479050e-01	5.333977e-01
1.935423e+00	3.822750e-01	5.286955e-01
1.940112e+00	1.186615e+00	5.352492e-01
1.944800e+00	2.228300e-01	5.255898e-01
1.949488e+00	1.164550e+00	5.337820e-01
1.954176e+00	5.618800e-01	5.272423e-01
1.958865e+00	1.169035e+00	5.304420e-01
1.963553e+00	3.197100e-01	5.223342e-01
1.968241e+00	4.281300e-01	5.220651e-01
1.972929e+00	1.162000e+00	5.292902e-01
1.977618e+00	1.308265e+00	5.299584e-01
1.982306e+00	6.134900e-01	5.222321e-01
1.986994e+00	1.674470e+00	5.326364e-01
1.991682e+00	3.293350e-01	5.197218e-01
1.996370e+00	4.258450e-01	5.195447e-01
2.001059e+00	6.541650e-01	5.241112e-01
2.005747e+00	8.035150e-01	5.244819e-01
2.010435e+00	2.780150e-01	5.185231e-01
2.015123e+00	-2.757650e-01	5.126425e-01
2.019812e+00	4.668750e-01	5.197023e-01
2.024500e+00	3.378600e-01	5.178803e-01
2.029188e+00	4.757400e-01	5.184521e-01
2.033876e+00	1.613040e+00	5.287152e-01
2.038565e+00	9.340700e-01	5.205221e-01
2.043253e+00	1.584985e+00	5.274383e-01
2.047941e+00	9.699550e-01	5.219397e-01
2.052629e+00	-2.386000e-01	5.122848e-01
2.057317e+00	4.327850e-01	5.333266e-01
2.062006e+00	7.706600e-01	5.458146e-01
2.066694e+00	7.028400e-01	5.522166e-01
2.071382e+00	2.274650e-01	5.522136e-01
2.076070e+00	6.438800e-01	5.626904e-01
2.080759e+00	5.407100e-01	5.665480e-01
2.085447e+00	4.073900e-01	5.682301e-01
2.090135e+00	9.584700e-01	5.768186e-01
2.094823e+00	1.743650e-01	5.697449e-01
2.099511e+00	8.118000e-02	5.708115e-01
2.104200e+00	8.042100e-01	5.797879e-01
2.108888e+00	6.764800e-01	5.793194e-01
2.113576e+00	1.045430e+00	5.848855e-01
2.118264e+00	3.505000e-01	5.714160e-01
2.122953e+00	-5.090000e-02	5.514873e-01
2.127641e+00	4.613400e-01	5.460318e-01
2.132329e+00	9.759650e-01	5.461809e-01
2.137017e+00	4.721650e-01	5.350063e-01
2.141706e+00	4.476350e-01	5.298635e-01
2.146394e+00	8.273650e-01	5.299947e-01
2.151082e+00	1.151715e+00	5.300258e-01
2.155770e+00	4.727700e-01	5.210095e-01
2.160458e+00	3.308750e-01	5.191275e-01
2.165147e+00	9.543000e-02	5.157111e-01
2.169835e+00	9.672400e-01	5.227320e-01
2.174523e+00	8.308000e-02	5.129697e-01
2.179211e+00	7.437050e-01	5.188464e-01
2.183900e+00	1.555850e-01	5.121963e-01
2.188588e+00	2.757200e-01	5.123068e-01
2.193276e+00	3.731500e-01	5.123902e-01
2.197964e+00	5.756950e-01	5.130423e-01
2.202653e+00	1.020555e+00	5.171898e-01
2.207341e+00	1.060825e+00	5.169064e-01
2.212029e+00	9.728000e-01	5.150301e-01
2.216717e+00	1.145510e+00	5.157399e-01
2.221405e+00	4.376100e-01	5.088276e-01
2.226094e+00	9.014600e-01	5.120751e-01
2.230782e+00	9.819850e-01	5.115748e-01
2.235470e+00	2.177900e-01	5.037909e-01
2.240158e+00	1.076700e-01	5.024745e-01
2.244847e+00	-1.412300e-01	4.992163e-01
2.249535e+00	5.930000e-01	5.052966e-01
2.254223e+00	4.085850e-01	5.025364e-01
2.258911e+00	4.565750e-01	5.020540e-01
2.263600e+00	5.189200e-01	5.029906e-01
2.268288e+00	3.305400e-01	5.008139e-01
2.272976e+00	6.295950e-01	5.028838e-01
2.277664e+00	9.318250e-01	5.051723e-01
2.282352e+00	8.558500e-01	5.029965e-01
2.287041e+00	7.074100e-01	5.018784e-01
2.291729e+00	6.961150e-01	5.007337e-01
2.296417e+00	6.634600e-01	4.994681e-01
2.301105e+00	-7.290000e-02	4.920139e-01
2.305794e+00	-1.537450e-01	4.902861e-01
2.310482e+00	-2.897650e-01	4.881836e-01
2.315170e+00	5.076250e-01	4.962033e-01
2.319858e+00	9.537200e-01	4.993036e-01
2.324546e+00	3.049800e-01	4.928487e-01
2.329235e+00	1.209405e+00	4.997688e-01
2.333923e+00	4.356800e-01	4.930001e-01
2.338611e+00	6.828600e-01	4.947727e-01
2.343299e+00	9.220650e-01	4.968786e-01
2.347988e+00	1.076660e+00	4.959521e-01
2.352676e+00	7.464150e-01	4.930846e-01
2.357364e+00	4.571450e-01	4.900113e-01
2.362052e+00	5.563750e-01	4.904693e-01
2.366741e+00	6.683100e-01	4.921833e-01
2.371429e+00	-1.994750e-01	4.826728e-01
2.376117e+00	-8.365000e-02	4.832514e-01
2.380805e+00	5.513250e-01	4.887808e-01
2.385493e+00	6.133300e-01	4.886357e-01
2.390182e+00	-1.549150e-01	4.812167e-01
2.394870e+00	-2.286000e-02	4.821600e-01
2.399558e+00	3.517050e-01	4.846582e-01
2.404246e+00	-3.182200e-01	4.772650e-01
2.408935e+00	-9.139500e-02	4.793361e-01
2.413623e+00	6.795750e-01	4.866548e-01
2.418311e+00	2.841350e-01	4.818335e-01
2.422999e+00	1.149580e+00	4.895672e-01
2.427688e+00	8.025500e-01	4.854355e-01
2.432376e+00	1.310100e-01	4.791550e-01
2.437064e+00	6.893950e-01	4.845492e-01
2.441752e+00	8.183200e-01	4.839908e-01
2.446440e+00	1.090350e+00	4.859447e-01
2.451129e+00	1.166840e+00	4.861537e-01
2.455817e+00	1.188500e-01	4.762910e-01
2.460505e+00	8.651500e-01	4.824464e-01
2.465193e+00	7.581000e-01	4.813306e-01
2.469882e+00	2.948550e-01	4.758841e-01
2.474570e+00	-5.591650e-01	4.677350e-01
2.479258e+00	-3.341600e-01	4.696195e-01
2.483946e+00	-2.286050e-01	4.702066e-01
2.488634e+00	-5.371200e-01	4.666309e-01
2.493323e+00	5.326650e-01	4.762821e-01
2.498011e+00	1.226800e-01	4.727415e-01
2.502699e+00	6.049450e-01	4.758281e-01
2.507387e+00	3.135500e-01	4.733855e-01
2.512076e+00	4.200700e-01	4.738988e-01
2.516764e+00	3.935200e-01	4.728415e-01
2.521452e+00	4.032400e-01	4.723664e-01
2.526140e+00	4.393300e-01	4.721358e-01
2.530829e+00	4.146850e-01	4.714446e-01
2.535517e+00	3.187650e-01	4.696622e-01
2.540205e+00	-1.701500e-01	4.637791e-01
2.544893e+00	-6.838500e-02	4.646803e-01
2.549581e+00	1.977400e-01	4.657037e-01
2.554270e+00	1.700100e-01	4.648823e-01
2.558958e+00	-2.160400e-01	4.612896e-01
2.563646e+00	2.181000e-01	4.646027e-01
2.568334e+00	5.799500e-01	4.676581e-01
2.573023e+00	6.284000e-02	4.624756e-01
2.577711e+00	3.613000e-01	4.639357e-01
2.582399e+00	2.172450e-01	4.624559e-01
2.587087e+00	-1.005200e-01	4.594331e-01
2.591776e+00	3.206250e-01	4.636660e-01
2.596464e+00	6.138400e-01	4.663198e-01
2.601152e+00	7.501700e-01	4.668614e-01
2.605840e+00	5.271650e-01	4.655347e-01
2.610528e+00	6.774700e-01	4.658589e-01
2.615217e+00	9.163000e-02	4.606085e-01
2.619905e+00	5.323850e-01	4.644309e-01
2.624593e+00	3.765100e-01	4.615898e-01
2.629281e+00	1.677200e-01	4.602960e-01
2.633970e+00	1.083700e-01	4.584141e-01
2.638658e+00	5.374800e-01	4.622051e-01
2.643346e+00	5.779200e-01	4.625243e-01
2.648034e+00	4.055200e-01	4.607244e-01
2.652723e+00	9.388350e-01	4.653563e-01
2.657411e+00	2.594950e-01	4.582462e-01
2.662099e+00	-5.817550e-01	4.502129e-01
2.666787e+00	9.065250e-01	4.625956e-01
2.671475e+00	3.815200e-01	4.581806e-01
2.676164e+00	-7.407700e-01	4.476991e-01
2.680852e+00	2.022800e-01	4.563871e-01
2.685540e+00	8.134600e-01	4.611016e-01
2.690228e+00	4.717250e-01	4.578555e-01
2.694917e+00	6.805550e-01	4.590638e-01
2.699605e+00	7.893300e-01	4.595778e-01
2.704293e+00	2.854500e-01	4.547390e-01
2.708981e+00	1.540850e-01	4.525911e-01
2.713669e+00	-2.191500e-02	4.512302e-01
2.718358e+00	9.874150e-01	4.593436e-01
2.723046e+00	5.216150e-01	4.550808e-01
2.727734e+00	1.354500e-02	4.501859e-01
2.732422e+00	9.215400e-01	4.574905e-01
2.737111e+00	2.629750e-01	4.510374e-01
2.741799e+00	-2.574350e-01	4.469077e-01
2.746487e+00	2.077500e-02	4.485191e-01
2.751175e+00	3.348850e-01	4.509835e-01
2.755864e+00	2.701500e-02	4.472918e-01
2.760552e+00	3.525650e-01	4.501154e-01
2.765240e+00	9.103100e-01	4.547951e-01
2.769928e+00	1.171390e+00	4.571477e-01
2.774616e+00	7.303750e-01	4.528348e-01
2.779305e+00	5.796050e-01	4.508664e-01
2.783993e+00	1.678550e-01	4.466714e-01
2.788681e+00	6.322750e-01	4.500604e-01
2.793369e+00	-1.771050e-01	4.431635e-01
2.798058e+00	1.040850e-01	4.453548e-01
2.802746e+00	6.185200e-01	4.496331e-01
2.807434e+00	6.609750e-01	4.493233e-01
2.812122e+00	2.647650e-01	4.458031e-01
2.816811e+00	-6.138650e-01	4.375222e-01
2.821499e+00	-1.405700e-01	4.415237e-01
2.826187e+00	5.603850e-01	4.471153e-01
2.830875e+00	-1.895100e-01	4.396731e-01
2.835563e+00	1.441000e-02	4.415607e-01
2.840252e+00	5.481350e-01	4.453203e-01
2.844940e+00	1.157460e+00	4.508207e-01
2.849628e+00	7.243950e-01	4.466572e-01
2.854316e+00	5.043500e-01	4.448780e-01
2.859005e+00	7.803800e-01	4.547873e-01
2.863693e+00	4.345750e-01	4.619794e-01
2.868381e+00	4.088200e-01	4.676241e-01
2.873069e+00	1.049850e-01	4.699671e-01
2.877758e+00	6.013550e-01	4.785707e-01
2.882446e+00	1.225250e-01	4.761352e-01
2.887134e+00	4.216850e-01	4.801756e-01
2.891822e+00	2.161200e-01	4.802904e-01
2.896510e+00	2.318950e-01	4.823407e-01
2.901199e+00	-7.280500e-02	4.805372e-01
2.905887e+00	1.820650e-01	4.840473e-01
2.910575e+00	2.825550e-01	4.855392e-01
2.915263e+00	8.326000e-02	4.849052e-01
2.919952e+00	1.902500e-01	4.863583e-01
2.924640e+00	6.904100e-01	4.782989e-01
2.929328e+00	1.461850e-01	4.648533e-01
2.934016e+00	6.302650e-01	4.628060e-01
2.938704e+00	5.866300e-01	4.594006e-01
2.943393e+00	2.313900e-01	4.530041e-01
2.948081e+00	4.819350e-01	4.527003e-01
2.952769e+00	3.073400e-01	4.503157e-01
2.957457e+00	-1.037000e-01	4.457194e-01
2.962146e+00	1.528000e-02	4.449645e-01
2.966834e+00	2.819050e-01	4.464448e-01
2.971522e+00	9.028500e-01	4.512683e-01
2.976210e+00	6.347750e-01	4.498487e-01
2.980899e+00	7.108000e-02	4.441403e-01
2.985587e+00	7.237050e-01	4.479758e-01
2.990275e+00	2.540850e-01	4.426248e-01
2.994963e+00	5.051300e-01	4.447550e-01
2.999651e+00	9.708150e-01	4.481221e-01
3.004340e+00	2.208000e-02	4.400863e-01
3.009028e+00	1.273700e-01	4.401701e-01
3.013716e+00	5.131150e-01	4.426785e-01
3.018404e+00	7.168050e-01	4.439044e-01
3.023093e+00	2.176650e-01	4.389319e-01
3.027781e+00	2.478200e-01	4.382457e-01
3.032469e+00	-2.122900e-01	4.345983e-01
3.037157e+00	2.336150e-01	4.375229e-01
3.041846e+00	4.565000e-01	4.395075e-01
3.046534e+00	8.420850e-01	4.417193e-01
3.051222e+00	3.667400e-01	4.373066e-01
3.055910e+00	7.204000e-02	4.339390e-01
3.060598e+00	-2.904700e-01	4.314213e-01
3.065287e+00	8.127500e-02	4.334085e-01
3.069975e+00	1.884600e-01	4.337351e-01
3.074663e+00	6.692050e-01	4.376830e-01
3.079351e+00	6.283300e-01	4.367173e-01
3.084040e+00	-5.472500e-02	4.302392e-01
3.088728e+00	5.044400e-01	4.346464e-01
3.093416e+00	3.720400e-01	4.333651e-01
3.098104e+00	6.106300e-01	4.346919e-01
3.102793e+00	9.341000e-02	4.303713e-01
3.107481e+00	-3.469450e-01	4.263668e-01
3.112169e+00	-4.046000e-02	4.280933e-01
3.116857e+00	1.805550e-01	4.296904e-01
3.121545e+00	-4.406850e-01	4.235213e-01
3.126234e+00	5.097500e-02	4.283283e-01
3.130922e+00	3.786300e-01	4.303916e-01
3.135610e+00	6.331950e-01	4.320301e-01
3.140298e+00	6.383000e-01	4.313906e-01
3.144987e+00	2.825850e-01	4.284773e-01
3.149675e+00	-1.567500e-02	4.252623e-01
3.154363e+00	5.896000e-02	4.250237e-01
3.159051e+00	-1.202850e-01	4.235690e-01
3.163739e+00	-1.118350e-01	4.232005e-01
3.168428e+00	5.525550e-01	4.286079e-01
3.173116e+00	-5.646550e-01	4.186224e-01
3.177804e+00	3.557650e-01	4.260324e-01
3.182492e+00	-3.048050e-01	4.206854e-01
3.187181e+00	-6.839000e-02	4.219550e-01
3.191869e+00	8.279050e-01	4.287300e-01
3.196557e+00	1.177100e-01	4.223616e-01
3.201245e+00	-6.623500e-02	4.211531e-01
3.205934e+00	3.171250e-01	4.238187e-01
3.210622e+00	3.156000e-01	4.235891e-01
3.215310e+00	4.035650e-01	4.240390e-01
3.219998e+00	8.998350e-01	4.272335e-01
3.224686e+00	3.175750e-01	4.218879e-01
3.229375e+00	1.244150e-01	4.188271e-01
3.234063e+00	4.948700e-01	4.215671e-01
3.238751e+00	-2.060650e-01	4.158314e-01
3.243439e+00	3.062500e-02	4.169304e-01
3.248128e+00	1.070720e+00	4.251416e-01
3.252816e+00	-7.688000e-02	4.161221e-01
3.257504e+00	3.080000e-02	4.158421e-01
3.262192e+00	5.218350e-01	4.199996e-01
3.266881e+00	8.082700e-01	4.213318e-01
3.271569e+00	3.119950e-01	4.170131e-01
3.276257e+00	4.085750e-01	4.180832e-01
3.280945e+00	4.386200e-01	4.183368e-01
3.285633e+00	6.557050e-01	4.205471e-01
3.290322e+00	4.425650e-01	4.188056e-01
3.295010e+00	4.281750e-01	4.182413e-01
3.299698e+00	7.943050e-01	4.206994e-01
3.304386e+00	2.307850e-01	4.157499e-01
3.309075e+00	2.382350e-01	4.156185e-01
3.313763e+00	4.322200e-01	4.165261e-01
3.318451e+00	7.551250e-01	4.194913e-01
3.323139e+00	4.693300e-01	4.165768e-01
3.327828e+00	-1.425650e-01	4.115333e-01
3.332516e+00	-3.951550e-01	4.090507e-01
3.337204e+00	1.980000e-01	4.132400e-01
3.341892e+00	3.664200e-01	4.149566e-01
3.346580e+00	4.488500e-01	4.145032e-01
3.351269e+00	5.282300e-01	4.149738e-01
3.355957e+00	-6.005000e-03	4.124247e-01
3.360645e+00	-1.160300e-01	4.205409e-01
3.365333e+00	3.386100e-01	4.311231e-01
3.370022e+00	2.064650e-01	4.344522e-01
3.374710e+00	7.601500e-02	4.349936e-01
3.379398e+00	7.507000e-02	4.363090e-01
3.384086e+00	1.184950e-01	4.381333e-01
3.388774e+00	1.261435e+00	4.484175e-01
3.393463e+00	4.277250e-01	4.416539e-01
3.398151e+00	3.180000e-01	4.401940e-01
3.402839e+00	-1.070050e-01	4.372703e-01
3.407527e+00	3.574550e-01	4.425156e-01
3.412216e+00	4.666650e-01	4.450568e-01
3.416904e+00	3.290150e-01	4.437679e-01
3.421592e+00	4.476600e-01	4.454027e-01
3.426280e+00	-6.677800e-01	4.364528e-01
3.430969e+00	-9.331000e-02	4.425330e-01
3.435657e+00	6.353400e-01	4.495007e-01
3.440345e+00	-8.533500e-02	4.437875e-01
3.445033e+00	-3.142300e-01	4.432343e-01
3.449721e+00	-3.289000e-02	4.452221e-01
3.454410e+00	1.455950e-01	4.475090e-01
3.459098e+00	7.162100e-01	4.535035e-01
3.463786e+00	8.157400e-01	4.546113e-01
3.468474e+00	2.908500e-02	4.484180e-01
3.473163e+00	4.074750e-01	4.525630e-01
3.477851e+00	3.921900e-01	4.523333e-01
3.482539e+00	8.060500e-01	4.570023e-01
3.487227e+00	4.603450e-01	4.537977e-01
3.491916e+00	-4.951000e-02	4.509731e-01
3.496604e+00	6.868000e-02	4.522517e-01
3.501292e+00	-4.397650e-01	4.473432e-01
3.505980e+00	-5.205550e-01	4.471301e-01
3.510668e+00	-2.412800e-01	4.506804e-01
3.515357e+00	2.284750e-01	4.553738e-01
3.520045e+00	-1.003950e-01	4.523995e-01
3.524733e+00	3.468600e-01	4.569714e-01
3.529421e+00	3.028850e-01	4.567835e-01
3.534110e+00	4.538300e-01	4.582880e-01
3.538798e+00	1.775500e-02	4.551624e-01
3.543486e+00	3.094050e-01	4.582425e-01
3.548174e+00	3.580850e-01	4.598564e-01
3.552863e+00	-3.412000e-02	4.567310e-01
3.557551e+00	1.615700e-01	4.592439e-01
3.562239e+00	4.772150e-01	4.618214e-01
3.566927e+00	-1.166150e-01	4.563071e-01
3.571615e+00	4.992300e-01	4.621287e-01
3.576304e+00	3.646700e-01	4.616283e-01
3.580992e+00	7.973000e-02	4.592594e-01
3.585680e+00	1.601200e-01	4.589831e-01
3.590368e+00	4.169900e-01	4.611605e-01
3.595057e+00	-2.881200e-01	4.549074e-01
3.599745e+00	-2.325200e-01	4.544628e-01
3.604433e+00	3.533900e-01	4.599391e-01
3.609121e+00	3.200400e-01	4.599591e-01
3.613809e+00	2.948300e-01	4.594421e-01
3.618498e+00	1.373350e-01	4.578414e-01
3.623186e+00	1.084900e-01	4.576573e-01
3.627874e+00	4.969950e-01	4.619029e-01
3.632562e+00	9.036250e-01	4.661449e-01
3.637251e+00	-5.558000e-02	4.583215e-01
3.641939e+00	-2.808750e-01	4.561050e-01
3.646627e+00	-1.705450e-01	4.567732e-01
3.651315e+00	2.176400e-01	4.607310e-01
3.656004e+00	5.325000e-03	4.604699e-01
3.660692e+00	8.763150e-01	4.774602e-01
3.665380e+00	5.732100e-01	4.903117e-01
3.670068e+00	7.291050e-01	4.995792e-01
3.674756e+00	6.433400e-01	5.061840e-01
3.679445e+00	4.083550e-01	5.098703e-01
3.684133e+00	5.930950e-01	5.150388e-01
3.688821e+00	5.955500e-01	5.184140e-01
3.693509e+00	2.985000e-03	5.149869e-01
3.698198e+00	3.840100e-01	5.212997e-01
3.702886e+00	6.481900e-01	5.274521e-01
3.707574e+00	1.008875e+00	5.338801e-01
3.712262e+00	5.172300e-01	5.319992e-01
3.716951e+00	3.331500e-02	5.293780e-01
3.721639e+00	1.953600e-01	5.333108e-01
3.726327e+00	4.778900e-01	5.380300e-01
3.731015e+00	2.299700e-01	5.373901e-01
3.735703e+00	4.075100e-01	5.423038e-01
3.740392e+00	-4.312900e-01	5.354844e-01
3.745080e+00	-2.806550e-01	5.397679e-01
3.749768e+00	-7.518000e-02	5.439827e-01
3.754456e+00	1.836600e-01	5.493075e-01
3.759145e+00	-2.445750e-01	5.468539e-01
3.763833e+00	1.827050e-01	5.535026e-01
3.768521e+00	9.703400e-01	5.635969e-01
3.773209e+00	8.229000e-01	5.650254e-01
3.777897e+00	4.657500e-01	5.630849e-01
3.782586e+00	1.460800e-01	5.623291e-01
3.787274e+00	2.858800e-01	5.662169e-01
3.791962e+00	1.080050e+00	5.757229e-01
3.796650e+00	1.570850e-01	5.683355e-01
3.801339e+00	-3.063600e-01	5.654511e-01
3.806027e+00	3.105000e-03	5.717441e-01
3.810715e+00	4.559200e-01	5.782341e-01
3.815403e+00	-2.691400e-01	5.727995e-01
3.820092e+00	-6.033350e-01	5.716651e-01
3.824780e+00	-4.958950e-01	5.729445e-01
3.829468e+00	-5.140800e-01	5.762955e-01
3.834156e+00	-6.987850e-01	5.748399e-01
3.838844e+00	-2.878450e-01	5.823146e-01
3.843533e+00	7.332850e-01	5.967242e-01
3.848221e+00	5.697800e-01	5.971198e-01
3.852909e+00	7.572500e-01	6.006499e-01
3.857597e+00	-3.243000e-02	5.940192e-01
3.862286e+00	-3.940150e-01	5.925909e-01
3.866974e+00	-7.295000e-02	5.983439e-01
3.871662e+00	8.262400e-01	6.096565e-01
3.876350e+00	3.570150e-01	6.061533e-01
3.881039e+00	6.819600e-01	6.127702e-01
3.885727e+00	1.026350e-01	6.079649e-01
3.890415e+00	1.160300e-01	6.097859e-01
3.895103e+00	4.584150e-01	6.166484e-01
3.899791e+00	3.979350e-01	6.173295e-01
3.904480e+00	3.760000e-01	6.207822e-01
3.909168e+00	1.064675e+00	6.304940e-01
3.913856e+00	5.141850e-01	6.270675e-01
3.918544e+00	8.610950e-01	6.339158e-01
3.923233e+00	-1.554300e-01	6.231739e-01
3.927921e+00	1.390600e-01	6.279708e-01
3.932609e+00	-8.470800e-01	6.178847e-01
3.937297e+00	-1.308700e-01	6.280689e-01
3.941986e+00	-1.537700e-01	6.270594e-01
3.946674e+00	-5.856400e-01	6.218921e-01
3.951362e+00	3.557600e-01	6.354677e-01
3.956050e+00	1.761165e+00	6.510738e-01
3.960738e+00	4.521150e-01	6.350674e-01
3.965427e+00	-1.848250e-01	6.284145e-01
3.970115e+00	2.760000e-02	6.320145e-01
3.974803e+00	3.017650e-01	6.387431e-01
3.979491e+00	8.103500e-01	6.468306e-01
3.984180e+00	1.334590e+00	6.548646e-01
3.988868e+00	1.955700e-01	6.449104e-01
3.993556e+00	4.769000e-01	6.495641e-01
3.998244e+00	8.772700e-01	6.552330e-01
4.002932e+00	2.961100e-01	6.506220e-01
4.007621e+00	4.271100e-01	6.555562e-01
4.012309e+00	9.894450e-01	6.632062e-01
4.016997e+00	5.935300e-01	6.599006e-01
4.021685e+00	1.034850e+00	6.680562e-01
4.026374e+00	1.633900e-01	6.604420e-01
4.031062e+00	6.177700e-01	6.677012e-01
4.035750e+00	1.867100e-01	6.661489e-01
4.040438e+00	3.037150e-01	6.700404e-01
4.045127e+00	5.028700e-01	6.734884e-01
4.049815e+00	3.637950e-01	6.748786e-01
4.054503e+00	-3.432500e-02	6.716960e-01
4.059191e+00	4.516150e-01	6.790683e-01
4.063879e+00	4.429500e-01	6.817595e-01
4.068568e+00	2.325150e-01	6.817779e-01
4.073256e+00	-2.568100e-01	6.776471e-01
4.077944e+00	2.991050e-01	6.858875e-01
4.082632e+00	3.783400e-01	6.889822e-01
4.087321e+00	2.855400e-01	6.917013e-01
4.092009e+00	-2.673450e-01	6.873383e-01
4.096697e+00	-3.178600e-01	6.896705e-01
4.101385e+00	8.954350e-01	7.062212e-01
4.106074e+00	-1.103950e-01	6.963852e-01
4.110762e+00	-3.608000e-02	6.989292e-01
4.115450e+00	-5.218600e-01	6.951658e-01
4.120138e+00	-1.123500e-02	7.064036e-01
4.124826e+00	-1.100650e-01	7.071755e-01
4.129515e+00	5.263200e-01	7.202572e-01
4.134203e+00	5.997800e-01	7.215584e-01
4.138891e+00	1.699000e-02	7.166465e-01
4.143579e+00	-5.869150e-01	7.099497e-01
4.148268e+00	-4.244500e-01	7.162443e-01
4.152956e+00	2.401850e-01	7.282260e-01
4.157644e+00	7.865500e-02	7.257173e-01
4.162332e+00	9.704500e-02	7.307285e-01
4.167021e+00	-7.943400e-01	7.206692e-01
4.171709e+00	6.039250e-01	7.422832e-01
4.176397e+00	-1.689200e-01	7.346244e-01
4.181085e+00	2.117650e-01	7.420978e-01
4.185773e+00	-4.589000e-02	7.408500e-01
4.190462e+00	2.811750e-01	7.503184e-01
4.195150e+00	8.310300e-01	7.624446e-01
4.199838e+00	-4.469950e-01	7.443944e-01
4.204526e+00	-2.050900e-01	7.499851e-01
4.209215e+00	-8.773000e-02	7.562938e-01
4.213903e+00	-6.347600e-01	7.503843e-01
4.218591e+00	-3.013450e-01	7.581241e-01
4.223279e+00	9.795350e-01	7.822547e-01
4.227967e+00	-7.285000e-03	7.687449e-01
4.232656e+00	7.045000e-02	7.741940e-01
4.237344e+00	4.928650e-01	7.829869e-01
4.242032e+00	4.173300e-01	7.842037e-01
4.246720e+00	6.130850e-01	7.899359e-01
4.251409e+00	1.290685e+00	8.050302e-01
4.256097e+00	-3.811350e-01	7.855390e-01
4.260785e+00	-7.953300e-01	7.798841e-01
4.265473e+00	-2.435850e-01	7.906445e-01
4.270162e+00	9.354150e-01	8.133132e-01
4.274850e+00	-4.255000e-01	7.985980e-01
4.279538e+00	1.027000e-02	8.099314e-01
4.284226e+00	1.363000e-02	8.096837e-01
4.288914e+00	1.028215e+00	8.293962e-01
4.293603e+00	1.346815e+00	8.355609e-01
4.298291e+00	1.980140e+00	8.494266e-01
4.302979e+00	1.216055e+00	8.396595e-01
4.307667e+00	-2.375700e-01	8.211947e-01
4.312356e+00	3.348550e-01	8.323577e-01
4.317044e+00	3.859350e-01	8.387490e-01
4.321732e+00	5.516100e-01	8.428524e-01
4.326420e+00	-6.002450e-01	8.298711e-01
4.331109e+00	-3.462900e-01	8.387305e-01
4.335797e+00	1.522420e+00	8.705619e-01
4.340485e+00	9.638300e-01	8.681603e-01
4.345173e+00	1.002490e+00	8.710857e-01
4.349861e+00	5.657100e-01	8.697313e-01
4.354550e+00	-3.296700e-01	8.584308e-01
4.359238e+00	6.584500e-02	8.670215e-01
4.363926e+00	-3.100500e-02	8.701002e-01
4.368614e+00	8.849500e-02	8.778979e-01
4.373303e+00	3.700550e-01	8.856546e-01
4.377991e+00	-3.707850e-01	8.773757e-01
4.382679e+00	-9.240750e-01	8.692057e-01
4.387367e+00	-2.421900e-01	8.851677e-01
4.392056e+00	-1.245000e-03	8.954267e-01
4.396744e+00	7.651400e-01	9.140844e-01
4.401432e+00	-3.306200e-01	8.989196e-01
4.406120e+00	6.934050e-01	9.191793e-01
4.410808e+00	1.044600e+00	9.279280e-01
4.415497e+00	8.404850e-01	9.241813e-01
4.420185e+00	5.029600e-01	9.169559e-01
4.424873e+00	4.055000e-02	9.087518e-01
4.429561e+00	-7.821600e-01	8.965253e-01
4.434250e+00	-3.414250e-01	9.065101e-01
4.438938e+00	-4.494950e-01	9.037168e-01
4.443626e+00	3.447500e-02	9.144206e-01
4.448314e+00	2.010000e-01	9.192130e-01
4.453002e+00	1.209175e+00	9.419274e-01
4.457691e+00	1.097985e+00	9.455510e-01
4.462379e+00	6.134950e-01	9.422698e-01
4.467067e+00	8.034550e-01	9.480668e-01
4.471755e+00	5.241650e-01	9.492767e-01
4.476444e+00	-7.340250e-01	9.307376e-01
4.481132e+00	1.994650e-01	9.546149e-01
4.485820e+00	-1.373000e-02	9.558559e-01
4.490508e+00	7.640000e-01	9.739967e-01
4.495197e+00	7.848500e-02	9.641472e-01
4.499885e+00	1.802350e-01	9.739552e-01
4.504573e+00	1.613055e+00	1.005171e+00
4.509261e+00	3.496200e-01	9.870884e-01
4.513949e+00	2.585950e-01	9.919212e-01
4.518638e+00	-6.630950e-01	9.788513e-01
4.523326e+00	-5.221800e-01	9.857899e-01
4.528014e+00	-9.119800e-01	9.803227e-01
4.532702e+00	-2.056050e-01	1.007323e+00
4.537391e+00	3.814750e-01	1.023642e+00
4.542079e+00	1.709225e+00	1.056938e+00
4.546767e+00	-1.636450e-01	1.022067e+00
4.551455e+00	8.450050e-01	1.052714e+00
4.556144e+00	1.249255e+00	1.067716e+00
4.560832e+00	2.176375e+00	1.090362e+00
4.565520e+00	1.464645e+00	1.084252e+00
4.570208e+00	6.202500e-01	1.074649e+00
4.574896e+00	9.730650e-01	1.086496e+00
4.579585e+00	1.127865e+00	1.099492e+00
4.584273e+00	1.520110e+00	1.116869e+00
4.588961e+00	1.072115e+00	1.116173e+00
4.593649e+00	5.480650e-01	1.107941e+00
4.598338e+00	1.498950e-01	1.106703e+00
4.603026e+00	-5.238550e-01	1.100856e+00
4.607714e+00	-2.568200e-01	1.117414e+00
4.612402e+00	1.668165e+00	1.164523e+00
4.617091e+00	2.271000e-02	1.134289e+00
4.621779e+00	-6.881700e-01	1.125567e+00
4.626467e+00	1.779000e-02	1.153258e+00
4.631155e+00	3.470750e-01	1.169511e+00
4.635843e+00	-7.414300e-01	1.147032e+00
4.640532e+00	2.734150e-01	1.183569e+00
4.645220e+00	1.197895e+00	1.217256e+00
4.649908e+00	2.479895e+00	1.257563e+00
4.654596e+00	-8.457750e-01	1.187272e+00
4.659285e+00	-2.285935e+00	1.161076e+00
4.663973e+00	1.576000e-01	1.230165e+00
4.668661e+00	1.193950e+00	1.266062e+00
4.673349e+00	3.276100e-01	1.255438e+00
4.678037e+00	1.680955e+00	1.301015e+00
4.682726e+00	1.586250e+00	1.306716e+00
4.687414e+00	7.904750e-01	1.299707e+00
4.692102e+00	1.067195e+00	1.316469e+00
4.696790e+00	1.479155e+00	1.342536e+00
4.701479e+00	8.069750e-01	1.338476e+00
4.706167e+00	5.539800e-01	1.343188e+00
4.710855e+00	1.295780e+00	1.370457e+00
4.715543e+00	1.459785e+00	1.390412e+00
4.720232e+00	-2.716000e-01	1.360903e+00
4.724920e+00	-1.087100e-01	1.376940e+00
4.729608e+00	-1.184900e-01	1.392636e+00
4.734296e+00	-2.241450e-01	1.401207e+00
4.738984e+00	-1.284625e+00	1.386634e+00
4.743673e+00	-9.839800e-01	1.412856e+00
4.748361e+00	2.656130e+00	1.529123e+00
4.753049e+00	1.617705e+00	1.512573e+00
4.757737e+00	5.129600e-01	1.509665e+00
4.762426e+00	-4.143500e-02	1.508800e+00
4.767114e+00	3.595700e-01	1.541157e+00
4.771802e+00	-2.733650e-01	1.538593e+00
4.776490e+00	1.537920e+00	1.605044e+00
4.781179e+00	3.847500e-02	1.591306e+00
4.785867e+00	-9.673350e-01	1.580541e+00
4.790555e+00	1.597750e+00	1.684503e+00
4.795243e+00	1.369370e+00	1.698530e+00
4.799931e+00	7.568800e-01	1.708996e+00
4.804620e+00	3.001130e+00	1.799903e+00
4.809308e+00	2.774800e-01	1.744378e+00
4.813996e+00	-1.479100e-01	1.759269e+00
4.818684e+00	5.961500e-01	1.811901e+00
4.823373e+00	-1.122290e+00	1.774428e+00
4.828061e+00	7.008900e-01	1.872099e+00
4.832749e+00	8.383000e-02	1.892416e+00
4.837437e+00	-2.873995e+00	1.821500e+00
4.842125e+00	-2.000105e+00	1.890480e+00
4.846814e+00	-1.968195e+00	1.925977e+00
4.851502e+00	-1.532400e-01	2.046761e+00
4.856190e+00	-1.075860e+00	2.040822e+00
4.860878e+00	1.327630e+00	2.189471e+00
4.865567e+00	1.331755e+00	2.252765e+00
4.870255e+00	2.306265e+00	2.342383e+00
4.874943e+00	-5.140500e-01	2.283042e+00
4.879631e+00	2.613700e-01	2.384568e+00
4.884320e+00	1.246725e+00	2.509923e+00
4.889008e+00	4.063425e+00	2.722173e+00
4.893696e+00	-3.543175e+00	2.430725e+00
4.898384e+00	-1.716760e+00	2.636869e+00
4.903072e+00	-8.924900e-01	2.789988e+00
4.907761e+00	-3.634150e-01	2.950932e+00
4.912449e+00	2.103560e+00	4.324263e+00
4.917137e+00	-4.403425e+00	1.103725e+01
