# Sample description: GI
# Parent(s): ../20151214/GI_no_protection/1d/GI_np_030_00067.dat
# No protection
3.200246e-02	2.038770e+01	1.975355e+01
3.669069e-02	5.846250e+01	1.597787e+01
4.137892e-02	1.586605e+02	1.477982e+01
4.606715e-02	2.133040e+02	1.192905e+01
5.075538e-02	2.071570e+02	9.391483e+00
5.544361e-02	1.868360e+02	7.684476e+00
6.013183e-02	1.901372e+02	6.787752e+00
6.482006e-02	1.897983e+02	6.123405e+00
6.950829e-02	1.732566e+02	5.450635e+00
7.419652e-02	1.749235e+02	5.040510e+00
7.888475e-02	1.710800e+02	4.705497e+00
8.357298e-02	1.662037e+02	4.412942e+00
8.826121e-02	1.643660e+02	4.189625e+00
9.294944e-02	1.622909e+02	3.988058e+00
9.763767e-02	1.573677e+02	3.784442e+00
1.023259e-01	1.521776e+02	3.607377e+00
1.070141e-01	1.526159e+02	3.498575e+00
1.117024e-01	1.508305e+02	3.379432e+00
1.163906e-01	1.514970e+02	3.284389e+00
1.210788e-01	1.518201e+02	3.206216e+00
1.257670e-01	1.511898e+02	3.124190e+00
1.304553e-01	1.480492e+02	3.031239e+00
1.351435e-01	1.472185e+02	2.956448e+00
1.398317e-01	1.473620e+02	2.896715e+00
1.445200e-01	1.473449e+02	2.838059e+00
1.492082e-01	1.431766e+02	2.754409e+00
1.538964e-01	1.392193e+02	2.670768e+00
1.585846e-01	1.400350e+02	2.627767e+00
1.632729e-01	1.404732e+02	2.587970e+00
1.679611e-01	1.418446e+02	2.558032e+00
1.726493e-01	1.396787e+02	2.500997e+00
1.773376e-01	1.407536e+02	2.467315e+00
1.820258e-01	1.400563e+02	2.427775e+00
1.867140e-01	1.340823e+02	2.353340e+00
1.914022e-01	1.348254e+02	2.326754e+00
1.960905e-01	1.326620e+02	2.276931e+00
2.007787e-01	1.309031e+02	2.238638e+00
2.054669e-01	1.298691e+02	2.204576e+00
2.101552e-01	1.273500e+02	2.161127e+00
2.148434e-01	1.294166e+02	2.146981e+00
2.195316e-01	1.307281e+02	2.130240e+00
2.242199e-01	1.267119e+02	2.079665e+00
2.289081e-01	1.249698e+02	2.046166e+00
2.335963e-01	1.229713e+02	2.010204e+00
2.382845e-01	1.217702e+02	1.979881e+00
2.429728e-01	1.183537e+02	1.937141e+00
2.476610e-01	1.215997e+02	1.939600e+00
2.523492e-01	1.204712e+02	1.912579e+00
2.570375e-01	1.180350e+02	1.876461e+00
2.617257e-01	1.171790e+02	1.853559e+00
2.664139e-01	1.145770e+02	1.820065e+00
2.711021e-01	1.152322e+02	1.808025e+00
2.757904e-01	1.104235e+02	1.760264e+00
2.804786e-01	1.075655e+02	1.727987e+00
2.851668e-01	1.111962e+02	1.736362e+00
2.898551e-01	1.094529e+02	1.710148e+00
2.945433e-01	1.097211e+02	1.697904e+00
2.992315e-01	1.065971e+02	1.702447e+00
3.039197e-01	1.044898e+02	1.701481e+00
3.086080e-01	1.012937e+02	1.686450e+00
3.132962e-01	1.001506e+02	1.678215e+00
3.179844e-01	1.003495e+02	1.679001e+00
3.226727e-01	9.804888e+01	1.664095e+00
3.273609e-01	9.821334e+01	1.662681e+00
3.320491e-01	9.817647e+01	1.658791e+00
3.367374e-01	9.658156e+01	1.644684e+00
3.414256e-01	9.369530e+01	1.621562e+00
3.461138e-01	9.151363e+01	1.603909e+00
3.508020e-01	8.962159e+01	1.586465e+00
3.554903e-01	9.131392e+01	1.591765e+00
3.601785e-01	8.994423e+01	1.579513e+00
3.648667e-01	8.762126e+01	1.575281e+00
3.695550e-01	8.597734e+01	1.598919e+00
3.742432e-01	8.375253e+01	1.601581e+00
3.789314e-01	8.236957e+01	1.605904e+00
3.836196e-01	8.407844e+01	1.627876e+00
3.883079e-01	8.212847e+01	1.623205e+00
3.929961e-01	7.995180e+01	1.621628e+00
3.976843e-01	7.696120e+01	1.619289e+00
4.023726e-01	7.808786e+01	1.644963e+00
4.070608e-01	7.598982e+01	1.635031e+00
4.117490e-01	7.485243e+01	1.629280e+00
4.164372e-01	7.428126e+01	1.626315e+00
4.211255e-01	7.268639e+01	1.616967e+00
4.258137e-01	7.142972e+01	1.607843e+00
4.305019e-01	6.871791e+01	1.584719e+00
4.351902e-01	6.806201e+01	1.575761e+00
4.398784e-01	6.841093e+01	1.576401e+00
4.445666e-01	6.561234e+01	1.572773e+00
4.492548e-01	6.440318e+01	1.614502e+00
4.539431e-01	6.595825e+01	1.658099e+00
4.586313e-01	6.381797e+01	1.662222e+00
4.633195e-01	5.994110e+01	1.648974e+00
4.680078e-01	6.099967e+01	1.676938e+00
4.726960e-01	6.333286e+01	1.719057e+00
4.773842e-01	6.153392e+01	1.717913e+00
4.820725e-01	5.898092e+01	1.710222e+00
4.867607e-01	5.685451e+01	1.705850e+00
4.914489e-01	5.740008e+01	1.723445e+00
4.961371e-01	5.533859e+01	1.719020e+00
5.008254e-01	5.385417e+01	1.715902e+00
5.055136e-01	5.187564e+01	1.709933e+00
5.102018e-01	5.310515e+01	1.684958e+00
5.148901e-01	5.103946e+01	1.603734e+00
5.195783e-01	5.066545e+01	1.573711e+00
5.242665e-01	4.958795e+01	1.543375e+00
5.289547e-01	4.772853e+01	1.510307e+00
5.336430e-01	4.784076e+01	1.497547e+00
5.383312e-01	4.546991e+01	1.460284e+00
5.430194e-01	4.532999e+01	1.452393e+00
5.477077e-01	4.404779e+01	1.430764e+00
5.523959e-01	4.376910e+01	1.419151e+00
5.570841e-01	4.115892e+01	1.385898e+00
5.617723e-01	4.041193e+01	1.372687e+00
5.664606e-01	3.973863e+01	1.359309e+00
5.711488e-01	3.960392e+01	1.352616e+00
5.758370e-01	4.045471e+01	1.353415e+00
5.805253e-01	3.801952e+01	1.321315e+00
5.852135e-01	4.001792e+01	1.330060e+00
5.899017e-01	3.872667e+01	1.309517e+00
5.945900e-01	3.518683e+01	1.264864e+00
5.992782e-01	3.396082e+01	1.242499e+00
6.039664e-01	3.340995e+01	1.230539e+00
6.086546e-01	3.246215e+01	1.212991e+00
6.133429e-01	3.250524e+01	1.204929e+00
6.180311e-01	3.332475e+01	1.207953e+00
6.227193e-01	3.029456e+01	1.168530e+00
6.274076e-01	3.045022e+01	1.166337e+00
6.320958e-01	2.923675e+01	1.149589e+00
6.367840e-01	2.857280e+01	1.139893e+00
6.414722e-01	2.894472e+01	1.140140e+00
6.461605e-01	2.780508e+01	1.125820e+00
6.508487e-01	2.768109e+01	1.123529e+00
6.555369e-01	2.596364e+01	1.100309e+00
6.602252e-01	2.492251e+01	1.088047e+00
6.649134e-01	2.594624e+01	1.096363e+00
6.696016e-01	2.529490e+01	1.086191e+00
6.742898e-01	2.498498e+01	1.079601e+00
6.789781e-01	2.372742e+01	1.066074e+00
6.836663e-01	2.385972e+01	1.065108e+00
6.883545e-01	2.333316e+01	1.056344e+00
6.930428e-01	2.225126e+01	1.042591e+00
6.977310e-01	2.204793e+01	1.037684e+00
7.024192e-01	2.210163e+01	1.035872e+00
7.071074e-01	2.077044e+01	1.019597e+00
7.117957e-01	2.054053e+01	1.015277e+00
7.164839e-01	1.959258e+01	1.002077e+00
7.211721e-01	1.707540e+01	9.723351e-01
7.258604e-01	1.751444e+01	9.744489e-01
7.305486e-01	1.825497e+01	9.813003e-01
7.352368e-01	1.902429e+01	9.876145e-01
7.399251e-01	1.792890e+01	9.726492e-01
7.446133e-01	1.749103e+01	9.661732e-01
7.493015e-01	1.675113e+01	9.578582e-01
7.539897e-01	1.677576e+01	9.534655e-01
7.586780e-01	1.665596e+01	9.509305e-01
7.633662e-01	1.479883e+01	9.292254e-01
7.680544e-01	1.451099e+01	9.235733e-01
7.727427e-01	1.432557e+01	9.183575e-01
7.774309e-01	1.577712e+01	9.339853e-01
7.821191e-01	1.497417e+01	9.233321e-01
7.868073e-01	1.363383e+01	9.048196e-01
7.914956e-01	1.287240e+01	8.952444e-01
7.961838e-01	1.276718e+01	8.918828e-01
8.008720e-01	1.248124e+01	8.875838e-01
8.055603e-01	1.197100e+01	8.801947e-01
8.102485e-01	1.159137e+01	8.754826e-01
8.149367e-01	1.068861e+01	8.614199e-01
8.196249e-01	1.144290e+01	8.676097e-01
8.243132e-01	1.105647e+01	8.613439e-01
8.290014e-01	1.077010e+01	8.569287e-01
8.336896e-01	1.048965e+01	8.526756e-01
8.383779e-01	9.868565e+00	8.428832e-01
8.430661e-01	9.956915e+00	8.430691e-01
8.477543e-01	1.014344e+01	8.453192e-01
8.524425e-01	8.664465e+00	8.255413e-01
8.571308e-01	9.666405e+00	8.367882e-01
8.618190e-01	1.046286e+01	8.417879e-01
8.665072e-01	9.938190e+00	8.333954e-01
8.711955e-01	9.225920e+00	8.234821e-01
8.758837e-01	7.908845e+00	8.073392e-01
8.805719e-01	8.431100e+00	8.123891e-01
8.852602e-01	9.261130e+00	8.216720e-01
8.899484e-01	8.548830e+00	8.105396e-01
8.946366e-01	7.595035e+00	7.978550e-01
8.993248e-01	6.932725e+00	7.886360e-01
9.040131e-01	6.478235e+00	7.824253e-01
9.087013e-01	7.401805e+00	7.917859e-01
9.133895e-01	7.991620e+00	7.960963e-01
9.180778e-01	7.219225e+00	7.838811e-01
9.227660e-01	6.977480e+00	7.794600e-01
9.274542e-01	5.399140e+00	7.611906e-01
9.321424e-01	6.108850e+00	7.664829e-01
9.368307e-01	6.862815e+00	7.756485e-01
9.415189e-01	6.385505e+00	7.685704e-01
9.462071e-01	5.371030e+00	7.562958e-01
9.508954e-01	5.410955e+00	7.529877e-01
9.555836e-01	4.989435e+00	7.472454e-01
9.602718e-01	4.946270e+00	7.476606e-01
9.649600e-01	4.595715e+00	7.405691e-01
9.696483e-01	4.662435e+00	7.395004e-01
9.743365e-01	4.675255e+00	7.397181e-01
9.790247e-01	5.183545e+00	7.429781e-01
9.837130e-01	5.097295e+00	7.412373e-01
9.884012e-01	5.174125e+00	7.402646e-01
9.930894e-01	4.014550e+00	7.254165e-01
9.977777e-01	4.592825e+00	7.306743e-01
1.002466e+00	3.487525e+00	7.174990e-01
1.007154e+00	3.858120e+00	7.190030e-01
1.011842e+00	5.071885e+00	7.320651e-01
1.016531e+00	4.005610e+00	7.198988e-01
1.021219e+00	3.911360e+00	7.169188e-01
1.025907e+00	4.850595e+00	7.266880e-01
1.030595e+00	5.041440e+00	7.278425e-01
1.035283e+00	4.072790e+00	7.150998e-01
1.039972e+00	3.615840e+00	7.093058e-01
1.044660e+00	2.924935e+00	7.008220e-01
1.049348e+00	3.730740e+00	7.078913e-01
1.054036e+00	3.820155e+00	7.074858e-01
1.058725e+00	4.029145e+00	7.079371e-01
1.063413e+00	4.202440e+00	7.099205e-01
1.068101e+00	4.072970e+00	7.074835e-01
1.072789e+00	3.053475e+00	6.937674e-01
1.077478e+00	2.711745e+00	6.885256e-01
1.082166e+00	3.178045e+00	6.930216e-01
1.086854e+00	3.752970e+00	6.990293e-01
1.091542e+00	3.464295e+00	6.929955e-01
1.096230e+00	3.668685e+00	6.941215e-01
1.100919e+00	3.382065e+00	6.903706e-01
1.105607e+00	2.901445e+00	6.842450e-01
1.110295e+00	3.223870e+00	6.866434e-01
1.114983e+00	4.181740e+00	6.964228e-01
1.119672e+00	4.230105e+00	6.962011e-01
1.124360e+00	3.185775e+00	6.833354e-01
1.129048e+00	3.410650e+00	6.840218e-01
1.133736e+00	2.791160e+00	6.749804e-01
1.138425e+00	3.368555e+00	6.818999e-01
1.143113e+00	2.433655e+00	6.686211e-01
1.147801e+00	2.915515e+00	6.746849e-01
1.152489e+00	3.217935e+00	6.760871e-01
1.157177e+00	1.622955e+00	6.555665e-01
1.161866e+00	1.604520e+00	6.555212e-01
1.166554e+00	1.799420e+00	6.560082e-01
1.171242e+00	2.754295e+00	6.672244e-01
1.175930e+00	2.778410e+00	6.658095e-01
1.180619e+00	2.501080e+00	6.615618e-01
1.185307e+00	2.782250e+00	6.640128e-01
1.189995e+00	2.522700e+00	6.605741e-01
1.194683e+00	3.346860e+00	6.685473e-01
1.199372e+00	3.247540e+00	6.667619e-01
1.204060e+00	3.110155e+00	6.644834e-01
1.208748e+00	2.403865e+00	6.568922e-01
1.213436e+00	2.871150e+00	6.597720e-01
1.218124e+00	2.576805e+00	6.546405e-01
1.222813e+00	2.230760e+00	6.506417e-01
1.227501e+00	2.843705e+00	6.566635e-01
1.232189e+00	2.804955e+00	6.556750e-01
1.236877e+00	2.753945e+00	6.526826e-01
1.241566e+00	2.071455e+00	6.436859e-01
1.246254e+00	1.747615e+00	6.413345e-01
1.250942e+00	3.536920e+00	6.760743e-01
1.255630e+00	1.620240e+00	6.719197e-01
1.260318e+00	2.728930e+00	6.959692e-01
1.265007e+00	2.354620e+00	6.994811e-01
1.269695e+00	2.721330e+00	7.120199e-01
1.274383e+00	2.809095e+00	7.206674e-01
1.279071e+00	2.324195e+00	7.229522e-01
1.283760e+00	2.174515e+00	7.261148e-01
1.288448e+00	2.011465e+00	7.296585e-01
1.293136e+00	1.851755e+00	7.325876e-01
1.297824e+00	3.615360e+00	7.613658e-01
1.302513e+00	2.006320e+00	7.457861e-01
1.307201e+00	1.661780e+00	7.432824e-01
1.311889e+00	1.361525e+00	7.377871e-01
1.316577e+00	1.969505e+00	7.218939e-01
1.321265e+00	1.728930e+00	7.002498e-01
1.325954e+00	2.036455e+00	6.917028e-01
1.330642e+00	2.474560e+00	6.877786e-01
1.335330e+00	2.755375e+00	6.820721e-01
1.340018e+00	2.130105e+00	6.691244e-01
1.344707e+00	2.340745e+00	6.670141e-01
1.349395e+00	1.758680e+00	6.544310e-01
1.354083e+00	9.449000e-01	6.393122e-01
1.358771e+00	1.932410e+00	6.467236e-01
1.363460e+00	1.776420e+00	6.422307e-01
1.368148e+00	6.675300e-01	6.271257e-01
1.372836e+00	2.197710e+00	6.415392e-01
1.377524e+00	1.593140e+00	6.337351e-01
1.382212e+00	2.057125e+00	6.382024e-01
1.386901e+00	1.964880e+00	6.356774e-01
1.391589e+00	2.683320e+00	6.421489e-01
1.396277e+00	2.200545e+00	6.359526e-01
1.400965e+00	2.791995e+00	6.415267e-01
1.405654e+00	2.020810e+00	6.318962e-01
1.410342e+00	2.182645e+00	6.322204e-01
1.415030e+00	1.400145e+00	6.223053e-01
1.419718e+00	1.151880e+00	6.190784e-01
1.424406e+00	9.636650e-01	6.143479e-01
1.429095e+00	2.214655e+00	6.268580e-01
1.433783e+00	2.086955e+00	6.250578e-01
1.438471e+00	2.710000e+00	6.313071e-01
1.443159e+00	1.757400e+00	6.189277e-01
1.447848e+00	1.703965e+00	6.169825e-01
1.452536e+00	1.936930e+00	6.191456e-01
1.457224e+00	1.334950e+00	6.109395e-01
1.461912e+00	1.194035e+00	6.093812e-01
1.466601e+00	8.083400e-01	6.026888e-01
1.471289e+00	2.045000e+00	6.158034e-01
1.475977e+00	1.422235e+00	6.087724e-01
1.480665e+00	1.277380e+00	6.059174e-01
1.485353e+00	1.102005e+00	6.140585e-01
1.490042e+00	1.244595e+00	6.342681e-01
1.494730e+00	1.036335e+00	6.423531e-01
1.499418e+00	9.151250e-01	6.476028e-01
1.504106e+00	9.595900e-01	6.559907e-01
1.508795e+00	2.045870e+00	6.757013e-01
1.513483e+00	2.204000e-01	6.401663e-01
1.518171e+00	1.048775e+00	6.351142e-01
1.522859e+00	1.828110e+00	6.324858e-01
1.527548e+00	1.642655e+00	6.247735e-01
1.532236e+00	1.824210e+00	6.212759e-01
1.536924e+00	8.764250e-01	6.058836e-01
1.541612e+00	8.160900e-01	6.011446e-01
1.546300e+00	1.451705e+00	6.074944e-01
1.550989e+00	1.295360e+00	6.038709e-01
1.555677e+00	9.249950e-01	5.967375e-01
1.560365e+00	1.511835e+00	5.987435e-01
1.565053e+00	6.123000e-01	5.872876e-01
1.569742e+00	1.257295e+00	5.913050e-01
1.574430e+00	1.313825e+00	5.904234e-01
1.579118e+00	1.333700e+00	5.912267e-01
1.583806e+00	1.114465e+00	5.895317e-01
1.588495e+00	4.147550e-01	5.830304e-01
1.593183e+00	3.787200e-01	5.829578e-01
1.597871e+00	5.408100e-01	5.834947e-01
1.602559e+00	3.385300e-01	5.807830e-01
1.607247e+00	1.376075e+00	5.912436e-01
1.611936e+00	1.069615e+00	5.870222e-01
1.616624e+00	1.453460e+00	5.888630e-01
1.621312e+00	1.013475e+00	5.841540e-01
1.626000e+00	8.830900e-01	5.815232e-01
1.630689e+00	1.145415e+00	5.847825e-01
1.635377e+00	1.573350e+00	5.870706e-01
1.640065e+00	8.637550e-01	5.782082e-01
1.644753e+00	2.113850e-01	5.716343e-01
1.649441e+00	7.705700e-01	5.771944e-01
1.654130e+00	1.113835e+00	5.794329e-01
1.658818e+00	6.611450e-01	5.743793e-01
1.663506e+00	1.180915e+00	5.784375e-01
1.668194e+00	6.656350e-01	5.717404e-01
1.672883e+00	5.279000e-01	5.699064e-01
1.677571e+00	8.959150e-01	5.723327e-01
1.682259e+00	1.598480e+00	5.803861e-01
1.686947e+00	1.154725e+00	5.728896e-01
1.691636e+00	8.881500e-01	5.698882e-01
1.696324e+00	1.607665e+00	5.769404e-01
1.701012e+00	9.719350e-01	5.680703e-01
1.705700e+00	6.695550e-01	5.659449e-01
1.710388e+00	5.385000e-01	5.634321e-01
1.715077e+00	1.371125e+00	5.710722e-01
1.719765e+00	8.363800e-01	5.646216e-01
1.724453e+00	6.916350e-01	5.631609e-01
1.729141e+00	9.028400e-01	5.645736e-01
1.733830e+00	9.945200e-01	5.630897e-01
1.738518e+00	1.650000e-01	5.541467e-01
1.743206e+00	5.600800e-01	5.582386e-01
1.747894e+00	3.034450e-01	5.550558e-01
1.752583e+00	-6.879500e-02	5.505956e-01
1.757271e+00	-5.295450e-01	5.441056e-01
1.761959e+00	1.537250e-01	5.517718e-01
1.766647e+00	1.540400e-01	5.506274e-01
1.771335e+00	9.649850e-01	5.581582e-01
1.776024e+00	1.343435e+00	5.616514e-01
1.780712e+00	8.257250e-01	5.566704e-01
1.785400e+00	6.328050e-01	5.522684e-01
1.790088e+00	9.053000e-01	5.537442e-01
1.794777e+00	1.202090e+00	5.581006e-01
1.799465e+00	8.025500e-01	5.523898e-01
1.804153e+00	1.138845e+00	5.547592e-01
1.808841e+00	6.915150e-01	5.496015e-01
1.813530e+00	1.041685e+00	5.523044e-01
1.818218e+00	7.875800e-01	5.489601e-01
1.822906e+00	7.895650e-01	5.493452e-01
1.827594e+00	6.663100e-01	5.470958e-01
1.832282e+00	5.271000e-01	5.434230e-01
1.836971e+00	4.407600e-01	5.435453e-01
1.841659e+00	1.057845e+00	5.487492e-01
1.846347e+00	1.431905e+00	5.522879e-01
1.851035e+00	1.061460e+00	5.466134e-01
1.855724e+00	6.079250e-01	5.422328e-01
1.860412e+00	6.219350e-01	5.421128e-01
1.865100e+00	4.224100e-01	5.390389e-01
1.869788e+00	-4.316050e-01	5.293097e-01
1.874476e+00	-2.098350e-01	5.322494e-01
1.879165e+00	-4.255900e-01	5.282744e-01
1.883853e+00	3.751800e-01	5.355376e-01
1.888541e+00	2.160800e-01	5.329759e-01
1.893229e+00	5.477050e-01	5.367796e-01
1.897918e+00	1.771940e+00	5.486159e-01
1.902606e+00	6.758350e-01	5.366768e-01
1.907294e+00	5.879500e-01	5.352565e-01
1.911982e+00	6.839050e-01	5.349217e-01
1.916671e+00	-3.277850e-01	5.241877e-01
1.921359e+00	1.240450e-01	5.282765e-01
1.926047e+00	2.631950e-01	5.298564e-01
1.930735e+00	9.713150e-01	5.355615e-01
1.935423e+00	9.080950e-01	5.339238e-01
1.940112e+00	9.494050e-01	5.327860e-01
1.944800e+00	2.640900e-01	5.259251e-01
1.949488e+00	7.016000e-01	5.290779e-01
1.954176e+00	-1.782500e-01	5.196938e-01
1.958865e+00	1.448450e-01	5.201089e-01
1.963553e+00	8.716700e-01	5.277581e-01
1.968241e+00	1.249190e+00	5.301405e-01
1.972929e+00	1.075400e+00	5.283526e-01
1.977618e+00	5.412950e-01	5.222855e-01
1.982306e+00	3.148500e-01	5.191670e-01
1.986994e+00	6.723500e-01	5.226790e-01
1.991682e+00	-2.125000e-03	5.163126e-01
1.996370e+00	9.305500e-02	5.161192e-01
2.001059e+00	-3.707450e-01	5.137471e-01
2.005747e+00	-2.556050e-01	5.137855e-01
2.010435e+00	9.959050e-01	5.255715e-01
2.015123e+00	9.494150e-01	5.247829e-01
2.019812e+00	1.850350e-01	5.168117e-01
2.024500e+00	5.410300e-01	5.198171e-01
2.029188e+00	-1.083000e-02	5.135209e-01
2.033876e+00	5.878000e-01	5.185856e-01
2.038565e+00	1.507500e-01	5.126759e-01
2.043253e+00	-1.076250e-01	5.106831e-01
2.047941e+00	6.771500e-02	5.129632e-01
2.052629e+00	2.596400e-01	5.171651e-01
2.057317e+00	5.624850e-01	5.345611e-01
2.062006e+00	9.704200e-01	5.477843e-01
2.066694e+00	1.166900e-01	5.459602e-01
2.071382e+00	5.586550e-01	5.556561e-01
2.076070e+00	-5.532000e-02	5.550702e-01
2.080759e+00	3.363300e-01	5.642434e-01
2.085447e+00	4.886600e-01	5.690295e-01
2.090135e+00	-7.105000e-02	5.654271e-01
2.094823e+00	8.134750e-01	5.766842e-01
2.099511e+00	2.787400e-01	5.729116e-01
2.104200e+00	-1.197000e-01	5.694488e-01
2.108888e+00	1.328390e+00	5.863877e-01
2.113576e+00	9.797400e-01	5.840703e-01
2.118264e+00	1.540680e+00	5.843117e-01
2.122953e+00	7.657300e-01	5.600869e-01
2.127641e+00	5.061400e-01	5.464143e-01
2.132329e+00	-4.265500e-02	5.355860e-01
2.137017e+00	4.489250e-01	5.346837e-01
2.141706e+00	1.035005e+00	5.357161e-01
2.146394e+00	5.259350e-01	5.268841e-01
2.151082e+00	7.409550e-01	5.258586e-01
2.155770e+00	1.069620e+00	5.268796e-01
2.160458e+00	4.098150e-01	5.198358e-01
2.165147e+00	1.346510e+00	5.280460e-01
2.169835e+00	2.539300e-01	5.155660e-01
2.174523e+00	1.137100e-01	5.131953e-01
2.179211e+00	2.922950e-01	5.142909e-01
2.183900e+00	6.545750e-01	5.170613e-01
2.188588e+00	3.159600e-01	5.126249e-01
2.193276e+00	4.437700e-01	5.130069e-01
2.197964e+00	1.992050e-01	5.092411e-01
2.202653e+00	-3.165150e-01	5.039231e-01
2.207341e+00	3.927350e-01	5.102960e-01
2.212029e+00	8.612400e-01	5.138637e-01
2.216717e+00	-8.251000e-02	5.036350e-01
2.221405e+00	-2.255900e-01	5.022197e-01
2.226094e+00	2.615700e-01	5.057552e-01
2.230782e+00	1.302685e+00	5.145863e-01
2.235470e+00	1.496840e+00	5.160881e-01
2.240158e+00	1.732770e+00	5.180696e-01
2.244847e+00	9.117400e-01	5.093896e-01
2.249535e+00	3.422900e-01	5.027817e-01
2.254223e+00	5.306850e-01	5.036419e-01
2.258911e+00	1.731750e-01	4.992166e-01
2.263600e+00	3.065000e-01	5.008538e-01
2.268288e+00	1.922000e-02	4.977121e-01
2.272976e+00	1.090965e+00	5.072206e-01
2.277664e+00	6.876850e-01	5.027551e-01
2.282352e+00	6.262800e-01	5.007148e-01
2.287041e+00	5.290600e-01	5.000895e-01
2.291729e+00	1.377655e+00	5.071306e-01
2.296417e+00	7.208100e-01	4.999375e-01
2.301105e+00	1.156790e+00	5.037150e-01
2.305794e+00	-1.915350e-01	4.898416e-01
2.310482e+00	7.097150e-01	4.977269e-01
2.315170e+00	3.531850e-01	4.946483e-01
2.319858e+00	3.504000e-02	4.904505e-01
2.324546e+00	9.100900e-01	4.985276e-01
2.329235e+00	8.521050e-01	4.963156e-01
2.333923e+00	-3.133100e-01	4.857372e-01
2.338611e+00	5.097400e-01	4.930523e-01
2.343299e+00	6.434150e-01	4.941708e-01
2.347988e+00	-1.061300e-01	4.846251e-01
2.352676e+00	1.511665e+00	5.001782e-01
2.357364e+00	7.675850e-01	4.928680e-01
2.362052e+00	-5.456500e-02	4.845832e-01
2.366741e+00	-5.597000e-01	4.804272e-01
2.371429e+00	2.171350e-01	4.865634e-01
2.376117e+00	9.656900e-01	4.930766e-01
2.380805e+00	5.248950e-01	4.884548e-01
2.385493e+00	-3.780000e-03	4.827304e-01
2.390182e+00	4.029850e-01	4.864188e-01
2.394870e+00	8.273500e-01	4.900721e-01
2.399558e+00	4.370450e-01	4.853837e-01
2.404246e+00	6.143800e-01	4.859999e-01
2.408935e+00	5.525750e-01	4.853219e-01
2.413623e+00	-2.607850e-01	4.777414e-01
2.418311e+00	1.644650e-01	4.806326e-01
2.422999e+00	5.150200e-01	4.836013e-01
2.427688e+00	9.082800e-01	4.863386e-01
2.432376e+00	4.736700e-01	4.822838e-01
2.437064e+00	-2.495500e-02	4.778121e-01
2.441752e+00	6.805400e-01	4.826369e-01
2.446440e+00	5.442900e-01	4.808197e-01
2.451129e+00	-6.417000e-02	4.746467e-01
2.455817e+00	6.495400e-01	4.811530e-01
2.460505e+00	1.258510e+00	4.859821e-01
2.465193e+00	-2.075000e-01	4.722729e-01
2.469882e+00	2.331500e-02	4.732764e-01
2.474570e+00	1.268050e-01	4.740966e-01
2.479258e+00	9.824400e-01	4.817536e-01
2.483946e+00	2.655000e-03	4.722926e-01
2.488634e+00	2.249000e-01	4.736758e-01
2.493323e+00	9.621450e-01	4.801449e-01
2.498011e+00	5.271700e-01	4.763979e-01
2.502699e+00	1.593850e-01	4.716435e-01
2.507387e+00	8.656700e-01	4.783687e-01
2.512076e+00	5.055600e-01	4.746084e-01
2.516764e+00	7.293800e-01	4.758433e-01
2.521452e+00	6.304000e-01	4.743728e-01
2.526140e+00	6.480100e-01	4.739703e-01
2.530829e+00	8.755050e-01	4.755740e-01
2.535517e+00	6.841850e-01	4.729281e-01
2.540205e+00	3.586600e-01	4.685737e-01
2.544893e+00	5.911500e-02	4.657778e-01
2.549581e+00	3.492100e-01	4.670127e-01
2.554270e+00	9.832300e-01	4.721846e-01
2.558958e+00	1.242900e-01	4.643362e-01
2.563646e+00	8.787200e-01	4.705125e-01
2.568334e+00	6.201000e-01	4.679470e-01
2.573023e+00	5.523700e-01	4.668473e-01
2.577711e+00	4.340300e-01	4.645222e-01
2.582399e+00	1.502865e+00	4.739300e-01
2.587087e+00	4.459300e-01	4.643289e-01
2.591776e+00	5.494500e-02	4.611793e-01
2.596464e+00	9.775600e-01	4.695137e-01
2.601152e+00	1.084300e+00	4.697877e-01
2.605840e+00	4.767450e-01	4.650062e-01
2.610528e+00	4.286100e-01	4.635412e-01
2.615217e+00	4.904400e-01	4.641437e-01
2.619905e+00	8.996650e-01	4.676496e-01
2.624593e+00	1.091030e+00	4.679245e-01
2.629281e+00	1.107170e+00	4.686397e-01
2.633970e+00	7.142300e-01	4.637996e-01
2.638658e+00	-5.515900e-01	4.522511e-01
2.643346e+00	-1.071800e-01	4.562772e-01
2.648034e+00	5.016900e-01	4.615136e-01
2.652723e+00	1.565850e-01	4.582926e-01
2.657411e+00	4.280150e-01	4.596863e-01
2.662099e+00	-1.141500e-02	4.553214e-01
2.666787e+00	6.091450e-01	4.598767e-01
2.671475e+00	8.500000e-01	4.622784e-01
2.676164e+00	2.279900e-01	4.563971e-01
2.680852e+00	2.069700e-01	4.563569e-01
2.685540e+00	-2.575600e-01	4.514596e-01
2.690228e+00	-1.226050e-01	4.524699e-01
2.694917e+00	5.228750e-01	4.575927e-01
2.699605e+00	1.161450e+00	4.627800e-01
2.704293e+00	3.405900e-01	4.551577e-01
2.708981e+00	7.496650e-01	4.578079e-01
2.713669e+00	7.102650e-01	4.576621e-01
2.718358e+00	4.769250e-01	4.547701e-01
2.723046e+00	5.382350e-01	4.551557e-01
2.727734e+00	2.175450e-01	4.519305e-01
2.732422e+00	9.376300e-01	4.575591e-01
2.737111e+00	6.748050e-01	4.546065e-01
2.741799e+00	-9.098500e-02	4.483229e-01
2.746487e+00	4.444650e-01	4.522002e-01
2.751175e+00	5.764450e-01	4.530406e-01
2.755864e+00	3.618250e-01	4.501881e-01
2.760552e+00	3.384050e-01	4.499193e-01
2.765240e+00	2.082400e-01	4.485643e-01
2.769928e+00	6.249500e-01	4.523212e-01
2.774616e+00	5.786750e-01	4.514375e-01
2.779305e+00	-1.598650e-01	4.442788e-01
2.783993e+00	1.858250e-01	4.467590e-01
2.788681e+00	-3.450000e-04	4.444287e-01
2.793369e+00	1.780650e-01	4.462299e-01
2.798058e+00	1.272650e-01	4.454883e-01
2.802746e+00	2.789500e-01	4.465950e-01
2.807434e+00	2.431500e-02	4.436757e-01
2.812122e+00	1.433750e-01	4.446693e-01
2.816811e+00	1.131350e-01	4.438784e-01
2.821499e+00	4.535200e-01	4.466543e-01
2.826187e+00	4.165750e-01	4.457946e-01
2.830875e+00	-2.503000e-02	4.410508e-01
2.835563e+00	8.683000e-01	4.489117e-01
2.840252e+00	9.280250e-01	4.485321e-01
2.844940e+00	9.326300e-01	4.488220e-01
2.849628e+00	5.815850e-01	4.453539e-01
2.854316e+00	-2.710000e-03	4.404036e-01
2.859005e+00	2.582700e-01	4.501284e-01
2.863693e+00	-4.251550e-01	4.541147e-01
2.868381e+00	5.114000e-02	4.642787e-01
2.873069e+00	-8.835500e-02	4.680978e-01
2.877758e+00	7.791750e-01	4.801386e-01
2.882446e+00	5.878550e-01	4.804246e-01
2.887134e+00	5.045350e-01	4.808781e-01
2.891822e+00	4.968000e-01	4.828618e-01
2.896510e+00	8.096850e-01	4.877057e-01
2.901199e+00	4.186350e-01	4.851322e-01
2.905887e+00	4.049150e-01	4.860896e-01
2.910575e+00	4.275500e-02	4.831690e-01
2.915263e+00	-6.473000e-02	4.834066e-01
2.919952e+00	-4.739000e-01	4.798726e-01
2.924640e+00	-2.353900e-01	4.696024e-01
2.929328e+00	1.616550e-01	4.649214e-01
2.934016e+00	8.073500e-02	4.577641e-01
2.938704e+00	-5.610000e-03	4.540281e-01
2.943393e+00	-8.420000e-03	4.507947e-01
2.948081e+00	6.055850e-01	4.537193e-01
2.952769e+00	-7.609000e-02	4.468451e-01
2.957457e+00	-8.825000e-02	4.457861e-01
2.962146e+00	3.421400e-01	4.477822e-01
2.966834e+00	4.397950e-01	4.477627e-01
2.971522e+00	6.493100e-01	4.489909e-01
2.976210e+00	4.049950e-01	4.477786e-01
2.980899e+00	-1.251000e-02	4.433370e-01
2.985587e+00	-5.918500e-02	4.410724e-01
2.990275e+00	8.262350e-01	4.475275e-01
2.994963e+00	5.716700e-01	4.452617e-01
2.999651e+00	4.605950e-01	4.436481e-01
3.004340e+00	3.412600e-01	4.427913e-01
3.009028e+00	8.207000e-02	4.397063e-01
3.013716e+00	6.542650e-01	4.438247e-01
3.018404e+00	6.405500e-02	4.381950e-01
3.023093e+00	1.069950e-01	4.379031e-01
3.027781e+00	6.198600e-01	4.413837e-01
3.032469e+00	3.611400e-01	4.394944e-01
3.037157e+00	-2.975000e-03	4.354067e-01
3.041846e+00	2.104200e-01	4.373236e-01
3.046534e+00	3.885450e-01	4.377730e-01
3.051222e+00	5.611500e-01	4.389029e-01
3.055910e+00	-1.977900e-01	4.315347e-01
3.060598e+00	2.146000e-01	4.357041e-01
3.065287e+00	7.988500e-02	4.333281e-01
3.069975e+00	1.850900e-01	4.336375e-01
3.074663e+00	2.984750e-01	4.344556e-01
3.079351e+00	6.537700e-01	4.368640e-01
3.084040e+00	1.110850e-01	4.315942e-01
3.088728e+00	-1.537800e-01	4.289490e-01
3.093416e+00	1.843300e-01	4.316958e-01
3.098104e+00	4.698000e-02	4.298239e-01
3.102793e+00	8.232000e-02	4.302085e-01
3.107481e+00	6.364150e-01	4.346737e-01
3.112169e+00	6.713100e-01	4.340675e-01
3.116857e+00	-2.370500e-02	4.278829e-01
3.121545e+00	3.570750e-01	4.302649e-01
3.126234e+00	-1.041650e-01	4.269406e-01
3.130922e+00	2.236500e-01	4.290130e-01
3.135610e+00	7.524850e-01	4.329620e-01
3.140298e+00	5.946500e-01	4.309556e-01
3.144987e+00	-1.014450e-01	4.251549e-01
3.149675e+00	2.591850e-01	4.275204e-01
3.154363e+00	-1.448000e-02	4.243337e-01
3.159051e+00	-6.636450e-01	4.188657e-01
3.163739e+00	-1.900850e-01	4.224696e-01
3.168428e+00	-3.233850e-01	4.211525e-01
3.173116e+00	-5.550000e-04	4.233513e-01
3.177804e+00	1.207250e-01	4.239902e-01
3.182492e+00	6.250500e-02	4.237200e-01
3.187181e+00	-3.664000e-01	4.193668e-01
3.191869e+00	-1.022550e-01	4.208809e-01
3.196557e+00	3.680900e-01	4.243923e-01
3.201245e+00	4.671500e-02	4.220352e-01
3.205934e+00	-4.017350e-01	4.177110e-01
3.210622e+00	2.264600e-01	4.227783e-01
3.215310e+00	5.780250e-01	4.254194e-01
3.219998e+00	7.340500e-02	4.203092e-01
3.224686e+00	1.445450e-01	4.203812e-01
3.229375e+00	5.993350e-01	4.227015e-01
3.234063e+00	2.525400e-01	4.194934e-01
3.238751e+00	5.333750e-01	4.219033e-01
3.243439e+00	8.945050e-01	4.239967e-01
3.248128e+00	2.424500e-01	4.182654e-01
3.252816e+00	-4.509100e-01	4.129331e-01
3.257504e+00	-1.462000e-02	4.153988e-01
3.262192e+00	4.821650e-01	4.196071e-01
3.266881e+00	6.597000e-02	4.151507e-01
3.271569e+00	5.006250e-01	4.185005e-01
3.276257e+00	1.052645e+00	4.232764e-01
3.280945e+00	4.747000e-01	4.185670e-01
3.285633e+00	5.402450e-01	4.195354e-01
3.290322e+00	3.466850e-01	4.179516e-01
3.295010e+00	1.677050e-01	4.160318e-01
3.299698e+00	6.411500e-02	4.146416e-01
3.304386e+00	1.423950e-01	4.149558e-01
3.309075e+00	1.793250e-01	4.150681e-01
3.313763e+00	2.102500e-01	4.146378e-01
3.318451e+00	1.034050e-01	4.140988e-01
3.323139e+00	2.792100e-01	4.149554e-01
3.327828e+00	-3.612150e-01	4.096595e-01
3.332516e+00	-3.213050e-01	4.095981e-01
3.337204e+00	1.958700e-01	4.131573e-01
3.341892e+00	2.828600e-01	4.142092e-01
3.346580e+00	7.943000e-02	4.114160e-01
3.351269e+00	3.248800e-01	4.132523e-01
3.355957e+00	5.412550e-01	4.168204e-01
3.360645e+00	1.065500e-01	4.223480e-01
3.365333e+00	5.746000e-02	4.286608e-01
3.370022e+00	9.785000e-03	4.326863e-01
3.374710e+00	-1.008150e-01	4.333861e-01
3.379398e+00	8.032200e-01	4.425474e-01
3.384086e+00	4.205250e-01	4.406974e-01
3.388774e+00	2.697950e-01	4.397722e-01
3.393463e+00	2.023050e-01	4.396229e-01
3.398151e+00	1.722600e-01	4.388509e-01
3.402839e+00	5.130350e-01	4.426384e-01
3.407527e+00	-4.876500e-02	4.388737e-01
3.412216e+00	-5.993500e-02	4.403595e-01
3.416904e+00	7.582250e-01	4.474584e-01
3.421592e+00	1.330500e-01	4.425548e-01
3.426280e+00	-1.561800e-01	4.409693e-01
3.430969e+00	5.072200e-01	4.477866e-01
3.435657e+00	1.851500e-01	4.454460e-01
3.440345e+00	4.977050e-01	4.489026e-01
3.445033e+00	-2.847200e-01	4.434293e-01
3.449721e+00	1.501300e-01	4.467910e-01
3.454410e+00	-5.852500e-02	4.456080e-01
3.459098e+00	-2.795100e-01	4.445297e-01
3.463786e+00	4.583600e-01	4.513641e-01
3.468474e+00	5.036650e-01	4.525978e-01
3.473163e+00	1.732350e-01	4.503934e-01
3.477851e+00	6.722500e-01	4.547649e-01
3.482539e+00	4.960800e-01	4.541632e-01
3.487227e+00	4.748500e-02	4.500061e-01
3.491916e+00	-2.773000e-02	4.510988e-01
3.496604e+00	4.035100e-01	4.551980e-01
3.501292e+00	6.849500e-02	4.519046e-01
3.505980e+00	1.217750e-01	4.529207e-01
3.510668e+00	4.660000e-02	4.532301e-01
3.515357e+00	-1.857500e-02	4.530600e-01
3.520045e+00	2.656950e-01	4.556587e-01
3.524733e+00	5.755900e-01	4.589656e-01
3.529421e+00	6.314450e-01	4.596831e-01
3.534110e+00	7.793600e-01	4.611563e-01
3.538798e+00	-2.402750e-01	4.527261e-01
3.543486e+00	1.766150e-01	4.569607e-01
3.548174e+00	6.147150e-01	4.621073e-01
3.552863e+00	7.192700e-01	4.635041e-01
3.557551e+00	4.820100e-01	4.620837e-01
3.562239e+00	3.872850e-01	4.609307e-01
3.566927e+00	8.577550e-01	4.651195e-01
3.571615e+00	9.069800e-01	4.657530e-01
3.576304e+00	5.398500e-01	4.631514e-01
3.580992e+00	1.301400e-01	4.596495e-01
3.585680e+00	4.488000e-02	4.578513e-01
3.590368e+00	-2.731900e-01	4.547495e-01
3.595057e+00	4.356900e-01	4.614668e-01
3.599745e+00	1.235600e-01	4.576628e-01
3.604433e+00	2.880600e-01	4.592713e-01
3.609121e+00	6.131600e-01	4.625518e-01
3.613809e+00	5.870000e-02	4.572079e-01
3.618498e+00	1.472550e-01	4.578598e-01
3.623186e+00	8.748100e-01	4.645744e-01
3.627874e+00	8.267450e-01	4.648265e-01
3.632562e+00	-9.976500e-02	4.569065e-01
3.637251e+00	-1.783800e-01	4.571164e-01
3.641939e+00	1.848450e-01	4.603279e-01
3.646627e+00	-3.369650e-01	4.551564e-01
3.651315e+00	1.189100e-01	4.597494e-01
3.656004e+00	9.833950e-01	4.693264e-01
3.660692e+00	7.557050e-01	4.762778e-01
3.665380e+00	-2.041000e-02	4.845159e-01
3.670068e+00	1.527950e-01	4.938628e-01
3.674756e+00	2.375300e-01	5.020684e-01
3.679445e+00	1.432450e-01	5.071131e-01
3.684133e+00	3.673500e-02	5.093041e-01
3.688821e+00	6.541000e-02	5.129155e-01
3.693509e+00	4.094850e-01	5.190968e-01
3.698198e+00	-1.124500e-01	5.160585e-01
3.702886e+00	2.877200e-01	5.236316e-01
3.707574e+00	3.749350e-01	5.272199e-01
3.712262e+00	3.678500e-01	5.303517e-01
3.716951e+00	3.618050e-01	5.327655e-01
3.721639e+00	1.066800e-01	5.322834e-01
3.726327e+00	6.118000e-02	5.334984e-01
3.731015e+00	1.193300e-01	5.361157e-01
3.735703e+00	2.094800e-01	5.400885e-01
3.740392e+00	1.723900e-01	5.419789e-01
3.745080e+00	5.609250e-01	5.488363e-01
3.749768e+00	4.375900e-01	5.494965e-01
3.754456e+00	2.915500e-01	5.504019e-01
3.759145e+00	-1.894750e-01	5.473787e-01
3.763833e+00	-7.100550e-01	5.434559e-01
3.768521e+00	-5.430000e-02	5.521794e-01
3.773209e+00	9.388700e-01	5.662104e-01
3.777897e+00	1.417100e+00	5.734846e-01
3.782586e+00	5.578500e-01	5.668448e-01
3.787274e+00	1.315700e-01	5.643905e-01
3.791962e+00	2.163900e-01	5.659311e-01
3.796650e+00	3.443450e-01	5.703702e-01
3.801339e+00	8.108200e-01	5.780794e-01
3.806027e+00	-2.540850e-01	5.686961e-01
3.810715e+00	-1.224000e-02	5.727682e-01
3.815403e+00	1.371640e+00	5.914671e-01
3.820092e+00	3.771150e-01	5.829609e-01
3.824780e+00	7.368150e-01	5.872061e-01
3.829468e+00	-4.596800e-01	5.768464e-01
3.834156e+00	-1.377550e-01	5.813986e-01
3.838844e+00	5.681850e-01	5.922835e-01
3.843533e+00	6.344950e-01	5.954777e-01
3.848221e+00	5.880400e-01	5.972394e-01
3.852909e+00	1.103170e+00	6.046029e-01
3.857597e+00	3.304700e-01	5.982491e-01
3.862286e+00	1.762950e-01	5.993425e-01
3.866974e+00	-2.496800e-01	5.961175e-01
3.871662e+00	2.128800e-01	6.022128e-01
3.876350e+00	4.879750e-01	6.076351e-01
3.881039e+00	2.679600e-01	6.076808e-01
3.885727e+00	-1.524850e-01	6.047507e-01
3.890415e+00	2.210300e-01	6.109729e-01
3.895103e+00	4.306050e-01	6.162115e-01
3.899791e+00	8.391650e-01	6.226170e-01
3.904480e+00	8.807300e-01	6.268500e-01
3.909168e+00	1.368965e+00	6.340870e-01
3.913856e+00	-8.155000e-03	6.204961e-01
3.918544e+00	1.058350e-01	6.244756e-01
3.923233e+00	1.489100e-01	6.268914e-01
3.927921e+00	1.152670e+00	6.404810e-01
3.932609e+00	3.164400e-01	6.325694e-01
3.937297e+00	1.406000e-02	6.298065e-01
3.941986e+00	-4.057000e-01	6.237407e-01
3.946674e+00	1.028000e-01	6.305976e-01
3.951362e+00	4.569000e-02	6.314517e-01
3.956050e+00	8.219850e-01	6.393663e-01
3.960738e+00	2.856150e-01	6.328742e-01
3.965427e+00	-4.914650e-01	6.244050e-01
3.970115e+00	4.200000e-01	6.368852e-01
3.974803e+00	3.131250e-01	6.387859e-01
3.979491e+00	4.326700e-01	6.419611e-01
3.984180e+00	4.671500e-01	6.438223e-01
3.988868e+00	-1.792900e-01	6.399986e-01
3.993556e+00	5.134000e-01	6.499276e-01
3.998244e+00	-7.352000e-02	6.428902e-01
4.002932e+00	5.200000e-01	6.534078e-01
4.007621e+00	1.362300e-01	6.516840e-01
4.012309e+00	4.925500e-02	6.509023e-01
4.016997e+00	-6.028400e-01	6.440458e-01
4.021685e+00	-7.693400e-01	6.441855e-01
4.026374e+00	3.480700e-01	6.627661e-01
4.031062e+00	6.776500e-01	6.683806e-01
4.035750e+00	4.291300e-01	6.692455e-01
4.040438e+00	-2.340500e-02	6.655842e-01
4.045127e+00	2.556000e-01	6.700908e-01
4.049815e+00	1.353675e+00	6.878506e-01
4.054503e+00	4.507050e-01	6.781040e-01
4.059191e+00	7.114500e-02	6.738269e-01
4.063879e+00	1.467600e-01	6.776466e-01
4.068568e+00	9.581250e-01	6.914499e-01
4.073256e+00	-1.021580e+00	6.669402e-01
4.077944e+00	-7.609950e-01	6.711177e-01
4.082632e+00	4.248200e-01	6.895103e-01
4.087321e+00	2.462500e-01	6.910512e-01
4.092009e+00	6.251350e-01	6.995620e-01
4.096697e+00	3.577400e-01	6.989511e-01
4.101385e+00	4.319650e-01	6.997030e-01
4.106074e+00	-1.909750e-01	6.951416e-01
4.110762e+00	1.693000e-02	6.995660e-01
4.115450e+00	1.112910e+00	7.180232e-01
4.120138e+00	9.410950e-01	7.196438e-01
4.124826e+00	-1.399450e-01	7.066381e-01
4.129515e+00	3.200000e-02	7.131474e-01
4.134203e+00	9.657500e-01	7.266070e-01
4.138891e+00	2.199900e-01	7.194422e-01
4.143579e+00	4.712550e-01	7.251217e-01
4.148268e+00	2.087400e-01	7.253033e-01
4.152956e+00	-5.301950e-01	7.168979e-01
4.157644e+00	-1.540350e-01	7.221981e-01
4.162332e+00	-1.613650e-01	7.268282e-01
4.167021e+00	2.064300e-01	7.353356e-01
4.171709e+00	-2.213150e-01	7.300256e-01
4.176397e+00	-2.522200e-01	7.332697e-01
4.181085e+00	6.153050e-01	7.479350e-01
4.185773e+00	-2.129700e-01	7.382299e-01
4.190462e+00	1.053815e+00	7.616102e-01
4.195150e+00	-6.674000e-02	7.489285e-01
4.199838e+00	6.205850e-01	7.603664e-01
4.204526e+00	4.164300e-01	7.592704e-01
4.209215e+00	-1.639000e-01	7.550142e-01
4.213903e+00	1.916800e-01	7.629300e-01
4.218591e+00	9.314950e-01	7.767746e-01
4.223279e+00	1.768085e+00	7.939150e-01
4.227967e+00	1.119715e+00	7.858308e-01
4.232656e+00	-9.935500e-01	7.574521e-01
4.237344e+00	1.918350e-01	7.782128e-01
4.242032e+00	8.293600e-01	7.904395e-01
4.246720e+00	5.687650e-01	7.891232e-01
4.251409e+00	5.115350e-01	7.928579e-01
4.256097e+00	6.591250e-01	8.017307e-01
4.260785e+00	1.358780e+00	8.136862e-01
4.265473e+00	-7.452950e-01	7.824339e-01
4.270162e+00	6.432650e-01	8.085714e-01
4.274850e+00	7.642000e-01	8.175932e-01
4.279538e+00	4.533400e-01	8.169414e-01
4.284226e+00	4.844400e-01	8.171389e-01
4.288914e+00	-1.040500e-02	8.125860e-01
4.293603e+00	1.089415e+00	8.313222e-01
4.298291e+00	5.179700e-01	8.258772e-01
4.302979e+00	-1.725450e-01	8.168542e-01
4.307667e+00	1.450720e+00	8.486481e-01
4.312356e+00	-1.191850e-01	8.246840e-01
4.317044e+00	3.415150e-01	8.378811e-01
4.321732e+00	5.034000e-02	8.343501e-01
4.326420e+00	4.988350e-01	8.482440e-01
4.331109e+00	7.386700e-01	8.568317e-01
4.335797e+00	-2.655700e-01	8.403770e-01
4.340485e+00	-3.735800e-01	8.453353e-01
4.345173e+00	-2.883800e-01	8.489664e-01
4.349861e+00	-1.345000e-01	8.576194e-01
4.354550e+00	2.555400e-01	8.683984e-01
4.359238e+00	6.252150e-01	8.765369e-01
4.363926e+00	-2.325850e-01	8.664377e-01
4.368614e+00	-1.103215e+00	8.567033e-01
4.373303e+00	-1.263665e+00	8.564976e-01
4.377991e+00	3.990750e-01	8.908350e-01
4.382679e+00	1.587285e+00	9.134849e-01
4.387367e+00	3.376300e-01	8.953964e-01
4.392056e+00	-1.661950e-01	8.923190e-01
4.396744e+00	5.661500e-01	9.103998e-01
4.401432e+00	4.119200e-01	9.122436e-01
4.406120e+00	-2.828550e-01	9.013204e-01
4.410808e+00	1.202100e-01	9.111555e-01
4.415497e+00	3.540750e-01	9.152768e-01
4.420185e+00	6.628400e-01	9.196978e-01
4.424873e+00	-4.095000e-02	9.071171e-01
4.429561e+00	4.902700e-01	9.196843e-01
4.434250e+00	-2.218250e-01	9.085610e-01
4.438938e+00	4.423750e-01	9.198864e-01
4.443626e+00	5.176650e-01	9.230569e-01
4.448314e+00	2.545900e-01	9.200449e-01
4.453002e+00	-8.445150e-01	9.040914e-01
4.457691e+00	-4.534650e-01	9.168941e-01
4.462379e+00	-1.853250e-01	9.273509e-01
4.467067e+00	9.243550e-01	9.501408e-01
4.471755e+00	1.235155e+00	9.622488e-01
4.476444e+00	7.749150e-01	9.590576e-01
4.481132e+00	-6.727500e-02	9.494169e-01
4.485820e+00	2.025600e-01	9.598160e-01
4.490508e+00	-6.135700e-01	9.474572e-01
4.495197e+00	7.410500e-02	9.639098e-01
4.499885e+00	4.658250e-01	9.792992e-01
4.504573e+00	-7.184850e-01	9.599075e-01
4.509261e+00	-3.340500e-01	9.735283e-01
4.513949e+00	-5.153500e-02	9.856681e-01
4.518638e+00	-7.649500e-02	9.904070e-01
4.523326e+00	7.835900e-01	1.011629e+00
4.528014e+00	7.243500e-01	1.013183e+00
4.532702e+00	1.878750e-01	1.015081e+00
4.537391e+00	-6.907850e-01	1.001686e+00
4.542079e+00	-8.513250e-01	1.005037e+00
4.546767e+00	8.322050e-01	1.042244e+00
4.551455e+00	1.246665e+00	1.060657e+00
4.556144e+00	1.218435e+00	1.066923e+00
4.560832e+00	1.663565e+00	1.079856e+00
4.565520e+00	1.345695e+00	1.081648e+00
4.570208e+00	9.426900e-01	1.081186e+00
4.574896e+00	9.911050e-01	1.086701e+00
4.579585e+00	-2.393150e-01	1.070328e+00
4.584273e+00	4.576000e-02	1.085490e+00
4.588961e+00	-1.413750e-01	1.090021e+00
4.593649e+00	7.567850e-01	1.112264e+00
4.598338e+00	1.283435e+00	1.131104e+00
4.603026e+00	5.678850e-01	1.124808e+00
4.607714e+00	-5.772800e-01	1.110063e+00
4.612402e+00	6.849850e-01	1.142793e+00
4.617091e+00	2.192000e-02	1.134091e+00
4.621779e+00	7.730400e-01	1.158674e+00
4.626467e+00	6.651900e-01	1.167803e+00
4.631155e+00	-1.317195e+00	1.130557e+00
4.635843e+00	-8.410000e-03	1.164097e+00
4.640532e+00	1.262965e+00	1.206240e+00
4.645220e+00	7.015650e-01	1.205577e+00
4.649908e+00	2.173500e-02	1.200403e+00
4.654596e+00	-4.593150e-01	1.196465e+00
4.659285e+00	1.364485e+00	1.249898e+00
4.663973e+00	6.743300e-01	1.242456e+00
4.668661e+00	1.562200e-01	1.240708e+00
4.673349e+00	-5.130200e-01	1.234379e+00
4.678037e+00	-1.550985e+00	1.220259e+00
4.682726e+00	1.621150e+00	1.307363e+00
4.687414e+00	7.537250e-01	1.298580e+00
4.692102e+00	-5.245750e-01	1.275574e+00
4.696790e+00	-1.054945e+00	1.277065e+00
4.701479e+00	-1.129565e+00	1.287596e+00
4.706167e+00	9.495000e-02	1.330958e+00
4.710855e+00	1.481000e+00	1.375056e+00
4.715543e+00	7.874350e-01	1.372480e+00
4.720232e+00	-5.976600e-01	1.351764e+00
4.724920e+00	-6.977800e-01	1.360424e+00
4.729608e+00	9.920000e-03	1.395977e+00
4.734296e+00	-6.137650e-01	1.389959e+00
4.738984e+00	1.088115e+00	1.453814e+00
4.743673e+00	1.921030e+00	1.495007e+00
4.748361e+00	1.349300e+00	1.492406e+00
4.753049e+00	1.414235e+00	1.506517e+00
4.757737e+00	2.000000e-02	1.494935e+00
4.762426e+00	-6.073550e-01	1.491503e+00
4.767114e+00	1.275810e+00	1.568227e+00
4.771802e+00	5.648850e-01	1.564037e+00
4.776490e+00	1.361960e+00	1.599435e+00
4.781179e+00	1.707915e+00	1.642721e+00
4.785867e+00	9.190500e-02	1.614392e+00
4.790555e+00	2.571480e+00	1.714534e+00
4.795243e+00	1.623670e+00	1.706385e+00
4.799931e+00	-4.092700e-01	1.670088e+00
4.804620e+00	-1.675370e+00	1.642811e+00
4.809308e+00	2.126690e+00	1.806114e+00
4.813996e+00	6.780300e-01	1.787605e+00
4.818684e+00	-2.907520e+00	1.684413e+00
4.823373e+00	-5.122900e-01	1.796600e+00
4.828061e+00	-3.448400e-01	1.833378e+00
4.832749e+00	-1.752390e+00	1.822346e+00
4.837437e+00	-1.260785e+00	1.885007e+00
4.842125e+00	4.782150e-01	1.987660e+00
4.846814e+00	3.047315e+00	2.122396e+00
4.851502e+00	3.855680e+00	2.202634e+00
4.856190e+00	5.791500e-01	2.109562e+00
4.860878e+00	3.889000e-01	2.149888e+00
4.865567e+00	-3.484850e-01	2.180304e+00
4.870255e+00	3.785425e+00	2.404394e+00
4.874943e+00	6.336800e-01	2.335249e+00
4.879631e+00	8.205000e-01	2.410270e+00
4.884320e+00	-1.940825e+00	2.354086e+00
4.889008e+00	-2.011650e-01	2.515704e+00
4.893696e+00	2.114755e+00	2.727312e+00
4.898384e+00	6.832700e-01	2.765628e+00
4.903072e+00	1.377390e+00	2.914652e+00
4.907761e+00	2.603035e+00	3.121976e+00
4.912449e+00	5.278960e+00	4.563087e+00
4.917137e+00	-1.579950e-01	1.197035e+01
