# Sample description: GI
# Parent(s): ../20151214/GI_no_protection/1d/GI_np_030_00019.dat
# No protection
3.200246e-02	3.808560e+01	2.072743e+01
3.669069e-02	9.000460e+01	1.641788e+01
4.137892e-02	1.989694e+02	1.511538e+01
4.606715e-02	2.413218e+02	1.212455e+01
5.075538e-02	2.523122e+02	9.729324e+00
5.544361e-02	2.499371e+02	8.176212e+00
6.013183e-02	2.390962e+02	7.183058e+00
6.482006e-02	2.246689e+02	6.411084e+00
6.950829e-02	2.224677e+02	5.868012e+00
7.419652e-02	2.224760e+02	5.441983e+00
7.888475e-02	2.089895e+02	5.026973e+00
8.357298e-02	2.122325e+02	4.802285e+00
8.826121e-02	2.071051e+02	4.549438e+00
9.294944e-02	2.064721e+02	4.355441e+00
9.763767e-02	1.986605e+02	4.126798e+00
1.023259e-01	2.057114e+02	4.045867e+00
1.070141e-01	2.025274e+02	3.902067e+00
1.117024e-01	2.004499e+02	3.775787e+00
1.163906e-01	1.969798e+02	3.641530e+00
1.210788e-01	1.951253e+02	3.541526e+00
1.257670e-01	2.010772e+02	3.503029e+00
1.304553e-01	1.925668e+02	3.368825e+00
1.351435e-01	1.909803e+02	3.283233e+00
1.398317e-01	1.896436e+02	3.208286e+00
1.445200e-01	1.865689e+02	3.124137e+00
1.492082e-01	1.888624e+02	3.084413e+00
1.538964e-01	1.844751e+02	2.995887e+00
1.585846e-01	1.860985e+02	2.953236e+00
1.632729e-01	1.837663e+02	2.890458e+00
1.679611e-01	1.844914e+02	2.851324e+00
1.726493e-01	1.814103e+02	2.785986e+00
1.773376e-01	1.811398e+02	2.738995e+00
1.820258e-01	1.808723e+02	2.699503e+00
1.867140e-01	1.800469e+02	2.658923e+00
1.914022e-01	1.769023e+02	2.603793e+00
1.960905e-01	1.767743e+02	2.564673e+00
2.007787e-01	1.722629e+02	2.507881e+00
2.054669e-01	1.760240e+02	2.501035e+00
2.101552e-01	1.752805e+02	2.467271e+00
2.148434e-01	1.706962e+02	2.407777e+00
2.195316e-01	1.689805e+02	2.369394e+00
2.242199e-01	1.728706e+02	2.366193e+00
2.289081e-01	1.678735e+02	2.312176e+00
2.335963e-01	1.667321e+02	2.279771e+00
2.382845e-01	1.658800e+02	2.249734e+00
2.429728e-01	1.637118e+02	2.214567e+00
2.476610e-01	1.591770e+02	2.167233e+00
2.523492e-01	1.595940e+02	2.147686e+00
2.570375e-01	1.579120e+02	2.115308e+00
2.617257e-01	1.516152e+02	2.060005e+00
2.664139e-01	1.537912e+02	2.053728e+00
2.711021e-01	1.575880e+02	2.056773e+00
2.757904e-01	1.520551e+02	2.006367e+00
2.804786e-01	1.500568e+02	1.979248e+00
2.851668e-01	1.498334e+02	1.961522e+00
2.898551e-01	1.487587e+02	1.938361e+00
2.945433e-01	1.488067e+02	1.922894e+00
2.992315e-01	1.434790e+02	1.920697e+00
3.039197e-01	1.438638e+02	1.937299e+00
3.086080e-01	1.436643e+02	1.942541e+00
3.132962e-01	1.390327e+02	1.915648e+00
3.179844e-01	1.370739e+02	1.903772e+00
3.226727e-01	1.368709e+02	1.902867e+00
3.273609e-01	1.377357e+02	1.905185e+00
3.320491e-01	1.346197e+02	1.883110e+00
3.367374e-01	1.327246e+02	1.867841e+00
3.414256e-01	1.286494e+02	1.839673e+00
3.461138e-01	1.242423e+02	1.810044e+00
3.508020e-01	1.253586e+02	1.811678e+00
3.554903e-01	1.241181e+02	1.797356e+00
3.601785e-01	1.228377e+02	1.786319e+00
3.648667e-01	1.224522e+02	1.797123e+00
3.695550e-01	1.203145e+02	1.824244e+00
3.742432e-01	1.196067e+02	1.840955e+00
3.789314e-01	1.188344e+02	1.852857e+00
3.836196e-01	1.159178e+02	1.845159e+00
3.883079e-01	1.101393e+02	1.818061e+00
3.929961e-01	1.104400e+02	1.836715e+00
3.976843e-01	1.090907e+02	1.851459e+00
4.023726e-01	1.091194e+02	1.870677e+00
4.070608e-01	1.055200e+02	1.853233e+00
4.117490e-01	1.046414e+02	1.850812e+00
4.164372e-01	1.001846e+02	1.821226e+00
4.211255e-01	1.018576e+02	1.837150e+00
4.258137e-01	1.033443e+02	1.849108e+00
4.305019e-01	9.924078e+01	1.818634e+00
4.351902e-01	9.769304e+01	1.803486e+00
4.398784e-01	9.764471e+01	1.800650e+00
4.445666e-01	9.229408e+01	1.783373e+00
4.492548e-01	9.044876e+01	1.828781e+00
4.539431e-01	8.924334e+01	1.853071e+00
4.586313e-01	8.991877e+01	1.885342e+00
4.633195e-01	8.811032e+01	1.896596e+00
4.680078e-01	8.385402e+01	1.881547e+00
4.726960e-01	8.540703e+01	1.916545e+00
4.773842e-01	8.308820e+01	1.914759e+00
4.820725e-01	7.997978e+01	1.906560e+00
4.867607e-01	7.800346e+01	1.907625e+00
4.914489e-01	7.877240e+01	1.928739e+00
4.961371e-01	7.597241e+01	1.921145e+00
5.008254e-01	7.563384e+01	1.932414e+00
5.055136e-01	7.448897e+01	1.938604e+00
5.102018e-01	7.430969e+01	1.893541e+00
5.148901e-01	7.186842e+01	1.804125e+00
5.195783e-01	7.211813e+01	1.776696e+00
5.242665e-01	6.979685e+01	1.734219e+00
5.289547e-01	6.698541e+01	1.692831e+00
5.336430e-01	6.513779e+01	1.660800e+00
5.383312e-01	6.318202e+01	1.628813e+00
5.430194e-01	6.481172e+01	1.635730e+00
5.477077e-01	6.156514e+01	1.596928e+00
5.523959e-01	5.994984e+01	1.572652e+00
5.570841e-01	5.703764e+01	1.538360e+00
5.617723e-01	5.852790e+01	1.545708e+00
5.664606e-01	5.705548e+01	1.525134e+00
5.711488e-01	5.686393e+01	1.517416e+00
5.758370e-01	5.467964e+01	1.488793e+00
5.805253e-01	5.490036e+01	1.482463e+00
5.852135e-01	5.233334e+01	1.446868e+00
5.899017e-01	4.817178e+01	1.399785e+00
5.945900e-01	4.861873e+01	1.394186e+00
5.992782e-01	4.825027e+01	1.380297e+00
6.039664e-01	4.740676e+01	1.365305e+00
6.086546e-01	4.522907e+01	1.336572e+00
6.133429e-01	4.445548e+01	1.320149e+00
6.180311e-01	4.447655e+01	1.314234e+00
6.227193e-01	4.098025e+01	1.272609e+00
6.274076e-01	4.013072e+01	1.260286e+00
6.320958e-01	3.941648e+01	1.249065e+00
6.367840e-01	4.033308e+01	1.254544e+00
6.414722e-01	3.725976e+01	1.221659e+00
6.461605e-01	3.525018e+01	1.199517e+00
6.508487e-01	3.574006e+01	1.203010e+00
6.555369e-01	3.510854e+01	1.191511e+00
6.602252e-01	3.332995e+01	1.172621e+00
6.649134e-01	3.284314e+01	1.165213e+00
6.696016e-01	3.290080e+01	1.162369e+00
6.742898e-01	3.278156e+01	1.157678e+00
6.789781e-01	3.110922e+01	1.140659e+00
6.836663e-01	2.942334e+01	1.121342e+00
6.883545e-01	3.034925e+01	1.127374e+00
6.930428e-01	2.865505e+01	1.107993e+00
6.977310e-01	2.841442e+01	1.102717e+00
7.024192e-01	2.780537e+01	1.094078e+00
7.071074e-01	2.543749e+01	1.067846e+00
7.117957e-01	2.556336e+01	1.067174e+00
7.164839e-01	2.696435e+01	1.078415e+00
7.211721e-01	2.373112e+01	1.043168e+00
7.258604e-01	2.316039e+01	1.034337e+00
7.305486e-01	2.139838e+01	1.014302e+00
7.352368e-01	2.080646e+01	1.005786e+00
7.399251e-01	2.012425e+01	9.955090e-01
7.446133e-01	1.987526e+01	9.911428e-01
7.493015e-01	2.021994e+01	9.946500e-01
7.539897e-01	1.980349e+01	9.854968e-01
7.586780e-01	1.981552e+01	9.842905e-01
7.633662e-01	1.885950e+01	9.729892e-01
7.680544e-01	1.669380e+01	9.469859e-01
7.727427e-01	1.581231e+01	9.340942e-01
7.774309e-01	1.714841e+01	9.480981e-01
7.821191e-01	1.568557e+01	9.302966e-01
7.868073e-01	1.371887e+01	9.048581e-01
7.914956e-01	1.423429e+01	9.097571e-01
7.961838e-01	1.418294e+01	9.069910e-01
8.008720e-01	1.214291e+01	8.827987e-01
8.055603e-01	1.172526e+01	8.764668e-01
8.102485e-01	1.397499e+01	9.015984e-01
8.149367e-01	1.218859e+01	8.778177e-01
8.196249e-01	1.157986e+01	8.682962e-01
8.243132e-01	1.048264e+01	8.538053e-01
8.290014e-01	1.089548e+01	8.575012e-01
8.336896e-01	1.155440e+01	8.640404e-01
8.383779e-01	1.048233e+01	8.491507e-01
8.430661e-01	9.675505e+00	8.389288e-01
8.477543e-01	1.037873e+01	8.471672e-01
8.524425e-01	9.533275e+00	8.348693e-01
8.571308e-01	1.046010e+01	8.450768e-01
8.618190e-01	8.284090e+00	8.155543e-01
8.665072e-01	7.650050e+00	8.057065e-01
8.711955e-01	8.083410e+00	8.092355e-01
8.758837e-01	7.391205e+00	8.003736e-01
8.805719e-01	7.036210e+00	7.950690e-01
8.852602e-01	5.857190e+00	7.805919e-01
8.899484e-01	7.124890e+00	7.929452e-01
8.946366e-01	6.919275e+00	7.890403e-01
8.993248e-01	6.416475e+00	7.816721e-01
9.040131e-01	5.896995e+00	7.746593e-01
9.087013e-01	5.932405e+00	7.735134e-01
9.133895e-01	4.858140e+00	7.579388e-01
9.180778e-01	6.257595e+00	7.716687e-01
9.227660e-01	5.473860e+00	7.607102e-01
9.274542e-01	3.690220e+00	7.395342e-01
9.321424e-01	4.106780e+00	7.414479e-01
9.368307e-01	3.670495e+00	7.364574e-01
9.415189e-01	3.082255e+00	7.277576e-01
9.462071e-01	2.993750e+00	7.265414e-01
9.508954e-01	3.174175e+00	7.249620e-01
9.555836e-01	3.018835e+00	7.224331e-01
9.602718e-01	3.126360e+00	7.247997e-01
9.649600e-01	3.775615e+00	7.298730e-01
9.696483e-01	1.669115e+00	7.018465e-01
9.743365e-01	2.450595e+00	7.118591e-01
9.790247e-01	3.534645e+00	7.223762e-01
9.837130e-01	2.857955e+00	7.134253e-01
9.884012e-01	2.507195e+00	7.072267e-01
9.930894e-01	2.363990e+00	7.045310e-01
9.977777e-01	1.954835e+00	6.978135e-01
1.002466e+00	1.366965e+00	6.906568e-01
1.007154e+00	2.513250e+00	7.019118e-01
1.011842e+00	1.936695e+00	6.934339e-01
1.016531e+00	1.186080e+00	6.847264e-01
1.021219e+00	1.582220e+00	6.878314e-01
1.025907e+00	2.775675e+00	7.011629e-01
1.030595e+00	2.251670e+00	6.937371e-01
1.035283e+00	2.116530e+00	6.908200e-01
1.039972e+00	2.265920e+00	6.923255e-01
1.044660e+00	1.351905e+00	6.809456e-01
1.049348e+00	2.173540e+00	6.884633e-01
1.054036e+00	2.552965e+00	6.916295e-01
1.058725e+00	5.385350e-01	6.648547e-01
1.063413e+00	5.637000e-01	6.652544e-01
1.068101e+00	8.050100e-01	6.674010e-01
1.072789e+00	1.649735e+00	6.761543e-01
1.077478e+00	1.728505e+00	6.759732e-01
1.082166e+00	1.072515e+00	6.669348e-01
1.086854e+00	1.326470e+00	6.693303e-01
1.091542e+00	9.138650e-01	6.616057e-01
1.096230e+00	1.337165e+00	6.655830e-01
1.100919e+00	1.657065e+00	6.691297e-01
1.105607e+00	4.864750e-01	6.544273e-01
1.110295e+00	6.834800e-01	6.554853e-01
1.114983e+00	6.262700e-01	6.534698e-01
1.119672e+00	1.104245e+00	6.585919e-01
1.124360e+00	1.290545e+00	6.601530e-01
1.129048e+00	4.130700e-01	6.475505e-01
1.133736e+00	6.298500e-01	6.484350e-01
1.138425e+00	8.796150e-01	6.517450e-01
1.143113e+00	1.239005e+00	6.537200e-01
1.147801e+00	1.127625e+00	6.528534e-01
1.152489e+00	1.439525e+00	6.544905e-01
1.157177e+00	7.348550e-01	6.442461e-01
1.161866e+00	-3.010000e-03	6.354889e-01
1.166554e+00	8.965000e-01	6.445739e-01
1.171242e+00	1.332705e+00	6.498636e-01
1.175930e+00	1.642800e+00	6.518533e-01
1.180619e+00	1.360750e+00	6.475055e-01
1.185307e+00	1.364490e+00	6.467687e-01
1.189995e+00	3.412600e-01	6.341598e-01
1.194683e+00	1.132310e+00	6.421526e-01
1.199372e+00	6.146300e-01	6.353956e-01
1.204060e+00	1.989795e+00	6.509068e-01
1.208748e+00	1.817505e+00	6.494351e-01
1.213436e+00	1.890610e+00	6.478135e-01
1.218124e+00	1.082445e+00	6.366149e-01
1.222813e+00	1.057090e+00	6.363383e-01
1.227501e+00	9.125850e-01	6.336630e-01
1.232189e+00	7.724550e-01	6.315252e-01
1.236877e+00	1.053545e+00	6.324060e-01
1.241566e+00	9.215450e-01	6.296770e-01
1.246254e+00	1.995135e+00	6.435201e-01
1.250942e+00	1.478170e+00	6.515011e-01
1.255630e+00	2.186370e+00	6.780457e-01
1.260318e+00	1.362500e+00	6.785647e-01
1.265007e+00	1.112780e+00	6.832835e-01
1.269695e+00	1.652710e+00	6.979255e-01
1.274383e+00	1.348745e+00	7.014511e-01
1.279071e+00	1.389165e+00	7.102453e-01
1.283760e+00	1.221685e+00	7.130119e-01
1.288448e+00	4.514350e-01	7.083190e-01
1.293136e+00	1.910015e+00	7.326059e-01
1.297824e+00	1.683650e+00	7.353236e-01
1.302513e+00	2.106580e+00	7.463551e-01
1.307201e+00	1.802010e+00	7.444009e-01
1.311889e+00	2.247535e+00	7.489277e-01
1.316577e+00	1.522085e+00	7.154118e-01
1.321265e+00	1.750220e+00	6.998012e-01
1.325954e+00	1.085265e+00	6.792085e-01
1.330642e+00	4.498700e-01	6.622406e-01
1.335330e+00	1.443315e+00	6.656034e-01
1.340018e+00	1.662315e+00	6.628566e-01
1.344707e+00	1.515045e+00	6.565790e-01
1.349395e+00	1.331920e+00	6.487178e-01
1.354083e+00	1.004800e+00	6.393698e-01
1.358771e+00	1.304750e+00	6.387532e-01
1.363460e+00	9.995400e-01	6.325506e-01
1.368148e+00	2.021990e+00	6.421964e-01
1.372836e+00	1.462230e+00	6.324294e-01
1.377524e+00	2.057350e+00	6.384069e-01
1.382212e+00	1.643095e+00	6.328205e-01
1.386901e+00	2.187570e+00	6.375570e-01
1.391589e+00	2.053410e+00	6.343892e-01
1.396277e+00	1.740895e+00	6.300984e-01
1.400965e+00	1.362595e+00	6.247491e-01
1.405654e+00	1.331270e+00	6.234344e-01
1.410342e+00	1.026165e+00	6.184648e-01
1.415030e+00	1.594595e+00	6.238719e-01
1.419718e+00	9.796900e-01	6.164855e-01
1.424406e+00	9.657750e-01	6.137446e-01
1.429095e+00	1.944625e+00	6.231985e-01
1.433783e+00	1.086225e+00	6.131723e-01
1.438471e+00	9.399700e-01	6.108940e-01
1.443159e+00	1.241170e+00	6.124973e-01
1.447848e+00	1.606125e+00	6.152577e-01
1.452536e+00	9.820800e-01	6.078253e-01
1.457224e+00	9.507700e-01	6.059937e-01
1.461912e+00	1.604665e+00	6.133425e-01
1.466601e+00	9.014000e-01	6.031234e-01
1.471289e+00	3.595700e-01	5.963166e-01
1.475977e+00	1.639205e+00	6.105581e-01
1.480665e+00	1.911400e+00	6.123131e-01
1.485353e+00	1.030815e+00	6.126267e-01
1.490042e+00	6.282250e-01	6.264188e-01
1.494730e+00	1.550425e+00	6.477749e-01
1.499418e+00	1.208735e+00	6.504807e-01
1.504106e+00	4.047300e-01	6.485099e-01
1.508795e+00	3.454300e-01	6.540985e-01
1.513483e+00	1.007450e+00	6.489972e-01
1.518171e+00	6.369350e-01	6.296301e-01
1.522859e+00	8.385200e-01	6.204312e-01
1.527548e+00	1.248685e+00	6.196596e-01
1.532236e+00	1.582620e+00	6.179376e-01
1.536924e+00	1.494705e+00	6.121922e-01
1.541612e+00	9.182500e-01	6.016776e-01
1.546300e+00	1.016385e+00	6.020369e-01
1.550989e+00	1.101960e+00	6.011123e-01
1.555677e+00	-2.544250e-01	5.829230e-01
1.560365e+00	5.855650e-01	5.879186e-01
1.565053e+00	5.704300e-01	5.862251e-01
1.569742e+00	1.810445e+00	5.966885e-01
1.574430e+00	1.170805e+00	5.882665e-01
1.579118e+00	1.125750e+00	5.883618e-01
1.583806e+00	1.733345e+00	5.956415e-01
1.588495e+00	5.373650e-01	5.837890e-01
1.593183e+00	1.637780e+00	5.961331e-01
1.597871e+00	8.884100e-01	5.867246e-01
1.602559e+00	2.023160e+00	5.985350e-01
1.607247e+00	1.059765e+00	5.872035e-01
1.611936e+00	8.763650e-01	5.843185e-01
1.616624e+00	4.857600e-01	5.777123e-01
1.621312e+00	1.550985e+00	5.893655e-01
1.626000e+00	1.062050e+00	5.828722e-01
1.630689e+00	8.915650e-01	5.814423e-01
1.635377e+00	5.279100e-01	5.751691e-01
1.640065e+00	3.486250e-01	5.720070e-01
1.644753e+00	5.116650e-01	5.743243e-01
1.649441e+00	1.044630e+00	5.795564e-01
1.654130e+00	8.531250e-01	5.760391e-01
1.658818e+00	1.195935e+00	5.795319e-01
1.663506e+00	2.138850e-01	5.674230e-01
1.668194e+00	2.628350e-01	5.667978e-01
1.672883e+00	-5.210400e-01	5.579054e-01
1.677571e+00	3.910350e-01	5.663184e-01
1.682259e+00	1.116920e+00	5.747001e-01
1.686947e+00	9.718550e-01	5.703553e-01
1.691636e+00	1.076430e+00	5.713098e-01
1.696324e+00	7.668750e-01	5.674514e-01
1.701012e+00	9.398650e-01	5.671487e-01
1.705700e+00	2.804250e-01	5.612051e-01
1.710388e+00	8.258000e-02	5.579698e-01
1.715077e+00	2.050750e-01	5.581118e-01
1.719765e+00	1.667110e+00	5.727773e-01
1.724453e+00	6.560950e-01	5.622091e-01
1.729141e+00	-1.840300e-01	5.524204e-01
1.733830e+00	1.129630e+00	5.639364e-01
1.738518e+00	9.074300e-01	5.614562e-01
1.743206e+00	1.584600e+00	5.684040e-01
1.747894e+00	1.121455e+00	5.631072e-01
1.752583e+00	8.139950e-01	5.593824e-01
1.757271e+00	7.637950e-01	5.573111e-01
1.761959e+00	8.522850e-01	5.585616e-01
1.766647e+00	-1.564600e-01	5.467663e-01
1.771335e+00	-2.017950e-01	5.452937e-01
1.776024e+00	4.667250e-01	5.519470e-01
1.780712e+00	3.828150e-01	5.514773e-01
1.785400e+00	2.482650e-01	5.476682e-01
1.790088e+00	2.944900e-01	5.467867e-01
1.794777e+00	8.700000e-03	5.451074e-01
1.799465e+00	1.191330e+00	5.558444e-01
1.804153e+00	3.305250e-01	5.457942e-01
1.808841e+00	1.122165e+00	5.534934e-01
1.813530e+00	1.609050e-01	5.425920e-01
1.818218e+00	8.313100e-01	5.488514e-01
1.822906e+00	2.200050e-01	5.428783e-01
1.827594e+00	-2.595400e-01	5.368855e-01
1.832282e+00	5.064900e-01	5.426543e-01
1.836971e+00	-6.796000e-02	5.377009e-01
1.841659e+00	-1.761750e-01	5.354190e-01
1.846347e+00	1.817750e-01	5.389005e-01
1.851035e+00	1.309740e+00	5.485849e-01
1.855724e+00	5.627850e-01	5.412150e-01
1.860412e+00	1.298150e-01	5.364880e-01
1.865100e+00	-2.050900e-01	5.319914e-01
1.869788e+00	-4.742250e-01	5.283235e-01
1.874476e+00	3.266950e-01	5.372414e-01
1.879165e+00	8.731000e-02	5.330569e-01
1.883853e+00	4.732900e-01	5.359966e-01
1.888541e+00	2.181200e-01	5.324526e-01
1.893229e+00	5.997050e-01	5.367615e-01
1.897918e+00	-2.787600e-01	5.272405e-01
1.902606e+00	-3.628150e-01	5.254820e-01
1.907294e+00	2.383500e-01	5.311475e-01
1.911982e+00	4.811450e-01	5.323169e-01
1.916671e+00	3.339250e-01	5.304371e-01
1.921359e+00	4.595250e-01	5.311541e-01
1.926047e+00	-2.062350e-01	5.245206e-01
1.930735e+00	-1.252850e-01	5.238985e-01
1.935423e+00	7.232550e-01	5.315191e-01
1.940112e+00	6.937050e-01	5.296687e-01
1.944800e+00	-3.284000e-02	5.223732e-01
1.949488e+00	2.591100e-01	5.240884e-01
1.954176e+00	2.670200e-01	5.236620e-01
1.958865e+00	2.232850e-01	5.203691e-01
1.963553e+00	-1.128100e-01	5.173669e-01
1.968241e+00	7.488700e-01	5.246480e-01
1.972929e+00	-1.205300e-01	5.158888e-01
1.977618e+00	9.905500e-02	5.173302e-01
1.982306e+00	-8.376000e-02	5.146331e-01
1.986994e+00	2.904000e-02	5.157142e-01
1.991682e+00	1.215915e+00	5.278956e-01
1.996370e+00	4.897500e-02	5.151482e-01
2.001059e+00	2.382850e-01	5.193499e-01
2.005747e+00	-5.920750e-01	5.098466e-01
2.010435e+00	4.744250e-01	5.198700e-01
2.015123e+00	-3.274350e-01	5.115167e-01
2.019812e+00	2.121350e-01	5.165543e-01
2.024500e+00	1.621000e-02	5.140609e-01
2.029188e+00	-6.773100e-01	5.062858e-01
2.033876e+00	6.652000e-01	5.188203e-01
2.038565e+00	3.673400e-01	5.143085e-01
2.043253e+00	-7.808950e-01	5.033838e-01
2.047941e+00	-8.268350e-01	5.034757e-01
2.052629e+00	5.012300e-01	5.190231e-01
2.057317e+00	3.403750e-01	5.317568e-01
2.062006e+00	2.183400e-01	5.394506e-01
2.066694e+00	5.510500e-01	5.499760e-01
2.071382e+00	2.513950e-01	5.518178e-01
2.076070e+00	2.477300e-01	5.577766e-01
2.080759e+00	1.332000e-02	5.601524e-01
2.085447e+00	-8.440000e-03	5.629927e-01
2.090135e+00	6.657400e-01	5.729510e-01
2.094823e+00	6.127500e-02	5.678213e-01
2.099511e+00	2.979000e-02	5.695678e-01
2.104200e+00	-5.333600e-01	5.642240e-01
2.108888e+00	-3.240900e-01	5.674826e-01
2.113576e+00	-1.572000e-01	5.708345e-01
2.118264e+00	-2.816000e-01	5.637310e-01
2.122953e+00	2.536100e-01	5.540886e-01
2.127641e+00	4.160000e-01	5.449132e-01
2.132329e+00	-4.501950e-01	5.307809e-01
2.137017e+00	9.035950e-01	5.387682e-01
2.141706e+00	5.586450e-01	5.303644e-01
2.146394e+00	1.386565e+00	5.349338e-01
2.151082e+00	-2.565850e-01	5.152811e-01
2.155770e+00	7.345200e-01	5.230111e-01
2.160458e+00	-7.368500e-02	5.144501e-01
2.165147e+00	2.113700e-01	5.162648e-01
2.169835e+00	2.174400e-01	5.146748e-01
2.174523e+00	6.140000e-01	5.176495e-01
2.179211e+00	2.664250e-01	5.135084e-01
2.183900e+00	-6.650000e-04	5.100353e-01
2.188588e+00	7.688800e-01	5.165672e-01
2.193276e+00	5.906000e-02	5.086744e-01
2.197964e+00	-2.744350e-01	5.040069e-01
2.202653e+00	9.032850e-01	5.154380e-01
2.207341e+00	2.016250e-01	5.078939e-01
2.212029e+00	5.640700e-01	5.104403e-01
2.216717e+00	6.586000e-02	5.045870e-01
2.221405e+00	1.807900e-01	5.057124e-01
2.226094e+00	-1.931900e-01	5.007624e-01
2.230782e+00	8.115000e-03	5.014734e-01
2.235470e+00	-3.113300e-01	4.979921e-01
2.240158e+00	2.897600e-01	5.036606e-01
2.244847e+00	8.501000e-01	5.082755e-01
2.249535e+00	1.945900e-01	5.008296e-01
2.254223e+00	-9.908500e-02	4.969913e-01
2.258911e+00	1.855050e-01	4.988270e-01
2.263600e+00	4.424000e-02	4.977935e-01
2.268288e+00	3.385700e-01	5.003008e-01
2.272976e+00	1.617050e-01	4.977766e-01
2.277664e+00	1.515750e-01	4.970764e-01
2.282352e+00	3.469800e-01	4.975140e-01
2.287041e+00	-1.896000e-02	4.942945e-01
2.291729e+00	1.882150e-01	4.952669e-01
2.296417e+00	3.689100e-01	4.960550e-01
2.301105e+00	1.102900e-01	4.932044e-01
2.305794e+00	-5.012350e-01	4.863270e-01
2.310482e+00	1.969150e-01	4.923111e-01
2.315170e+00	3.155950e-01	4.937835e-01
2.319858e+00	5.953100e-01	4.953137e-01
2.324546e+00	5.370300e-01	4.944807e-01
2.329235e+00	3.057350e-01	4.906095e-01
2.333923e+00	7.490600e-01	4.953908e-01
2.338611e+00	3.866500e-01	4.913791e-01
2.343299e+00	2.470750e-01	4.899063e-01
2.347988e+00	2.327500e-01	4.873761e-01
2.352676e+00	9.053050e-01	4.939990e-01
2.357364e+00	-2.723500e-02	4.848246e-01
2.362052e+00	5.064750e-01	4.894195e-01
2.366741e+00	2.457600e-01	4.876200e-01
2.371429e+00	-4.102850e-01	4.800859e-01
2.376117e+00	-2.354900e-01	4.812335e-01
2.380805e+00	3.396500e-02	4.833191e-01
2.385493e+00	2.987400e-01	4.851001e-01
2.390182e+00	2.706350e-01	4.846764e-01
2.394870e+00	-8.213000e-02	4.810301e-01
2.399558e+00	1.099005e+00	4.910605e-01
2.404246e+00	6.002800e-01	4.853717e-01
2.408935e+00	-6.005050e-01	4.739288e-01
2.413623e+00	-2.401350e-01	4.774491e-01
2.418311e+00	2.813250e-01	4.812389e-01
2.422999e+00	-6.774000e-02	4.776415e-01
2.427688e+00	8.872200e-01	4.856469e-01
2.432376e+00	4.233100e-01	4.813221e-01
2.437064e+00	-2.439500e-02	4.773294e-01
2.441752e+00	1.024190e+00	4.853200e-01
2.446440e+00	5.530700e-01	4.804102e-01
2.451129e+00	-3.868400e-01	4.711233e-01
2.455817e+00	5.200000e-02	4.751044e-01
2.460505e+00	-3.947100e-01	4.701337e-01
2.465193e+00	-1.647100e-01	4.721918e-01
2.469882e+00	-4.159050e-01	4.686725e-01
2.474570e+00	-6.343500e-02	4.718383e-01
2.479258e+00	1.065100e-01	4.731828e-01
2.483946e+00	-1.651650e-01	4.702451e-01
2.488634e+00	-2.068600e-01	4.691760e-01
2.493323e+00	4.238850e-01	4.747188e-01
2.498011e+00	-1.764400e-01	4.694087e-01
2.502699e+00	-1.424650e-01	4.683605e-01
2.507387e+00	-4.636200e-01	4.656217e-01
2.512076e+00	-1.807100e-01	4.677956e-01
2.516764e+00	6.527600e-01	4.746578e-01
2.521452e+00	2.900000e-01	4.707694e-01
2.526140e+00	2.901300e-01	4.702107e-01
2.530829e+00	4.378150e-01	4.711002e-01
2.535517e+00	2.543250e-01	4.685174e-01
2.540205e+00	-3.406900e-01	4.616530e-01
2.544893e+00	-3.640950e-01	4.614079e-01
2.549581e+00	1.872800e-01	4.650589e-01
2.554270e+00	7.040000e-02	4.634235e-01
2.558958e+00	1.999700e-01	4.645521e-01
2.563646e+00	3.723400e-01	4.654572e-01
2.568334e+00	7.241300e-01	4.684064e-01
2.573023e+00	5.944300e-01	4.667501e-01
2.577711e+00	3.963000e-02	4.604616e-01
2.582399e+00	2.993950e-01	4.626562e-01
2.587087e+00	3.115800e-01	4.626394e-01
2.591776e+00	4.091550e-01	4.639199e-01
2.596464e+00	-9.141000e-02	4.593741e-01
2.601152e+00	1.258390e+00	4.708617e-01
2.605840e+00	2.348250e-01	4.623449e-01
2.610528e+00	2.723600e-01	4.616549e-01
2.615217e+00	5.166800e-01	4.639059e-01
2.619905e+00	8.654650e-01	4.668667e-01
2.624593e+00	5.637100e-01	4.627310e-01
2.629281e+00	4.444100e-01	4.622454e-01
2.633970e+00	-1.026300e-01	4.559594e-01
2.638658e+00	6.439500e-01	4.626136e-01
2.643346e+00	9.562900e-01	4.653499e-01
2.648034e+00	-2.275000e-01	4.544716e-01
2.652723e+00	8.781750e-01	4.642695e-01
2.657411e+00	3.032500e-02	4.556430e-01
2.662099e+00	-8.664550e-01	4.470767e-01
2.666787e+00	3.718050e-01	4.572867e-01
2.671475e+00	-3.576100e-01	4.509892e-01
2.676164e+00	-3.201600e-01	4.509954e-01
2.680852e+00	1.816800e-01	4.556647e-01
2.685540e+00	3.885500e-01	4.567892e-01
2.690228e+00	2.977550e-01	4.557682e-01
2.694917e+00	7.879350e-01	4.594714e-01
2.699605e+00	4.616200e-01	4.561355e-01
2.704293e+00	1.725600e-01	4.531974e-01
2.708981e+00	2.962750e-01	4.533243e-01
2.713669e+00	3.366750e-01	4.538913e-01
2.718358e+00	-2.117550e-01	4.481686e-01
2.723046e+00	4.457550e-01	4.538737e-01
2.727734e+00	8.035500e-02	4.502500e-01
2.732422e+00	-2.392000e-01	4.466723e-01
2.737111e+00	-7.193500e-02	4.475259e-01
2.741799e+00	-1.660500e-02	4.485267e-01
2.746487e+00	-1.241950e-01	4.467005e-01
2.751175e+00	-4.616750e-01	4.433681e-01
2.755864e+00	-1.583500e-02	4.463836e-01
2.760552e+00	4.433750e-01	4.503839e-01
2.765240e+00	-2.833500e-01	4.437476e-01
2.769928e+00	-8.416000e-02	4.456207e-01
2.774616e+00	5.217550e-01	4.504785e-01
2.779305e+00	8.276500e-02	4.459716e-01
2.783993e+00	6.483500e-02	4.452367e-01
2.788681e+00	1.645050e-01	4.454289e-01
2.793369e+00	7.094150e-01	4.504209e-01
2.798058e+00	2.447050e-01	4.460642e-01
2.802746e+00	1.059700e-01	4.446216e-01
2.807434e+00	-2.966950e-01	4.403870e-01
2.812122e+00	1.856350e-01	4.445852e-01
2.816811e+00	1.717950e-01	4.439390e-01
2.821499e+00	5.878400e-01	4.473644e-01
2.826187e+00	5.550150e-01	4.465413e-01
2.830875e+00	1.975900e-01	4.425496e-01
2.835563e+00	1.057300e-01	4.418388e-01
2.840252e+00	1.309750e-01	4.411664e-01
2.844940e+00	4.685000e-02	4.406963e-01
2.849628e+00	-2.815500e-02	4.396021e-01
2.854316e+00	-1.289200e-01	4.388520e-01
2.859005e+00	1.145200e-01	4.483988e-01
2.863693e+00	-3.937950e-01	4.539372e-01
2.868381e+00	-5.388300e-01	4.583634e-01
2.873069e+00	-8.444350e-01	4.605406e-01
2.877758e+00	5.937500e-02	4.729667e-01
2.882446e+00	-2.610650e-01	4.719492e-01
2.887134e+00	-9.654500e-02	4.747149e-01
2.891822e+00	-7.490000e-03	4.776064e-01
2.896510e+00	-1.331850e-01	4.783055e-01
2.901199e+00	5.724550e-01	4.860878e-01
2.905887e+00	7.523250e-01	4.888746e-01
2.910575e+00	1.768550e-01	4.839580e-01
2.915263e+00	2.029900e-01	4.854794e-01
2.919952e+00	3.958000e-01	4.877492e-01
2.924640e+00	-1.174300e-01	4.702289e-01
2.929328e+00	-2.215450e-01	4.609272e-01
2.934016e+00	-1.844500e-02	4.563950e-01
2.938704e+00	-3.807700e-01	4.501786e-01
2.943393e+00	-8.893900e-01	4.424010e-01
2.948081e+00	1.677500e-02	4.480447e-01
2.952769e+00	-3.773400e-01	4.437025e-01
2.957457e+00	-2.446200e-01	4.439410e-01
2.962146e+00	-1.005600e-01	4.434130e-01
2.966834e+00	-5.268500e-02	4.429646e-01
2.971522e+00	1.982700e-01	4.445850e-01
2.976210e+00	-3.172450e-01	4.409861e-01
2.980899e+00	-2.425100e-01	4.408633e-01
2.985587e+00	3.053950e-01	4.438135e-01
2.990275e+00	2.543250e-01	4.421049e-01
2.994963e+00	5.970200e-01	4.450263e-01
2.999651e+00	1.153350e-01	4.401937e-01
3.004340e+00	8.882000e-02	4.401483e-01
3.009028e+00	-3.732200e-01	4.352801e-01
3.013716e+00	3.634150e-01	4.408642e-01
3.018404e+00	3.689050e-01	4.403874e-01
3.023093e+00	3.163750e-01	4.392674e-01
3.027781e+00	2.714500e-01	4.379330e-01
3.032469e+00	1.066300e+00	4.450688e-01
3.037157e+00	6.434150e-01	4.405264e-01
3.041846e+00	1.344000e-01	4.362225e-01
3.046534e+00	-5.124500e-02	4.335379e-01
3.051222e+00	4.259600e-01	4.372984e-01
3.055910e+00	1.856000e-02	4.329658e-01
3.060598e+00	-7.121000e-02	4.328049e-01
3.065287e+00	-6.163550e-01	4.268601e-01
3.069975e+00	-8.090000e-02	4.309088e-01
3.074663e+00	-2.434250e-01	4.293585e-01
3.079351e+00	4.692200e-01	4.348509e-01
3.084040e+00	9.494150e-01	4.382709e-01
3.088728e+00	1.545900e-01	4.311543e-01
3.093416e+00	-2.486000e-02	4.294659e-01
3.098104e+00	1.456000e-01	4.302276e-01
3.102793e+00	4.221500e-01	4.326573e-01
3.107481e+00	1.524500e-02	4.289643e-01
3.112169e+00	-5.350000e-02	4.274771e-01
3.116857e+00	1.189350e-01	4.286601e-01
3.121545e+00	3.568650e-01	4.298237e-01
3.126234e+00	4.244050e-01	4.309808e-01
3.130922e+00	-4.074100e-01	4.232030e-01
3.135610e+00	-5.695500e-02	4.256934e-01
3.140298e+00	8.063900e-01	4.322899e-01
3.144987e+00	6.272350e-01	4.308689e-01
3.149675e+00	3.075550e-01	4.274913e-01
3.154363e+00	5.353700e-01	4.285371e-01
3.159051e+00	7.989500e-02	4.247631e-01
3.163739e+00	4.462050e-01	4.274020e-01
3.168428e+00	4.424850e-01	4.271821e-01
3.173116e+00	7.361500e-02	4.235447e-01
3.177804e+00	3.927850e-01	4.258397e-01
3.182492e+00	3.479550e-01	4.256793e-01
3.187181e+00	7.603500e-01	4.283844e-01
3.191869e+00	8.352350e-01	4.282849e-01
3.196557e+00	4.097600e-01	4.243067e-01
3.201245e+00	2.454950e-01	4.232671e-01
3.205934e+00	2.658650e-01	4.228914e-01
3.210622e+00	-7.820000e-02	4.197971e-01
3.215310e+00	-1.801450e-01	4.186644e-01
3.219998e+00	4.261650e-01	4.228173e-01
3.224686e+00	8.080850e-01	4.254414e-01
3.229375e+00	-1.859500e-02	4.171404e-01
3.234063e+00	3.806100e-01	4.201257e-01
3.238751e+00	-1.140250e-01	4.161092e-01
3.243439e+00	5.593450e-01	4.208137e-01
3.248128e+00	6.986000e-02	4.164069e-01
3.252816e+00	-4.868200e-01	4.122106e-01
3.257504e+00	-4.463600e-01	4.113723e-01
3.262192e+00	-1.730150e-01	4.137624e-01
3.266881e+00	7.043100e-01	4.199847e-01
3.271569e+00	3.742750e-01	4.170344e-01
3.276257e+00	-8.962500e-02	4.134804e-01
3.280945e+00	3.563600e-01	4.171677e-01
3.285633e+00	1.159150e-01	4.156183e-01
3.290322e+00	4.477650e-01	4.183544e-01
3.295010e+00	9.059750e-01	4.216470e-01
3.299698e+00	4.251450e-01	4.171881e-01
3.304386e+00	2.458650e-01	4.153836e-01
3.309075e+00	3.155500e-02	4.134270e-01
3.313763e+00	4.630300e-01	4.162869e-01
3.318451e+00	1.634750e-01	4.141692e-01
3.323139e+00	2.746200e-01	4.144940e-01
3.327828e+00	3.637500e-02	4.125209e-01
3.332516e+00	1.216050e-01	4.128277e-01
3.337204e+00	-1.550800e-01	4.098524e-01
3.341892e+00	4.709900e-01	4.153179e-01
3.346580e+00	5.676000e-02	4.108100e-01
3.351269e+00	1.778000e-02	4.103196e-01
3.355957e+00	-1.540500e-02	4.118614e-01
3.360645e+00	3.661800e-01	4.240892e-01
3.365333e+00	8.209700e-01	4.346870e-01
3.370022e+00	6.434550e-01	4.376832e-01
3.374710e+00	1.271450e-01	4.349242e-01
3.379398e+00	-4.204100e-01	4.314541e-01
3.384086e+00	8.791500e-02	4.373494e-01
3.388774e+00	-4.467050e-01	4.330288e-01
3.393463e+00	6.349450e-01	4.429263e-01
3.398151e+00	4.520500e-01	4.408419e-01
3.402839e+00	3.536250e-01	4.407963e-01
3.407527e+00	2.165950e-01	4.407596e-01
3.412216e+00	-8.319250e-01	4.330447e-01
3.416904e+00	3.598250e-01	4.435153e-01
3.421592e+00	3.256400e-01	4.438034e-01
3.426280e+00	2.678200e-01	4.442798e-01
3.430969e+00	1.765700e-01	4.444090e-01
3.435657e+00	3.522000e-01	4.464718e-01
3.440345e+00	-2.182450e-01	4.420749e-01
3.445033e+00	2.139600e-01	4.474269e-01
3.449721e+00	7.324600e-01	4.515057e-01
3.454410e+00	7.596650e-01	4.524368e-01
3.459098e+00	5.310000e-02	4.470660e-01
3.463786e+00	6.744100e-01	4.528232e-01
3.468474e+00	4.653850e-01	4.517944e-01
3.473163e+00	2.699350e-01	4.507998e-01
3.477851e+00	1.780500e-01	4.498785e-01
3.482539e+00	-3.701000e-02	4.489063e-01
3.487227e+00	2.112500e-02	4.493083e-01
3.491916e+00	-2.418000e-02	4.506703e-01
3.496604e+00	-3.474900e-01	4.479430e-01
3.501292e+00	-3.936250e-01	4.472379e-01
3.505980e+00	-1.899650e-01	4.496261e-01
3.510668e+00	-4.141000e-02	4.519685e-01
3.515357e+00	8.925250e-01	4.608022e-01
3.520045e+00	3.225150e-01	4.557076e-01
3.524733e+00	-4.160000e-03	4.532458e-01
3.529421e+00	-3.518500e-02	4.531699e-01
3.534110e+00	6.088500e-01	4.591487e-01
3.538798e+00	-1.654500e-02	4.543125e-01
3.543486e+00	-7.026500e-02	4.542399e-01
3.548174e+00	1.289050e-01	4.572309e-01
3.552863e+00	-1.349000e-02	4.563809e-01
3.557551e+00	6.267200e-01	4.629197e-01
3.562239e+00	-4.725000e-03	4.568827e-01
3.566927e+00	1.177050e-01	4.579191e-01
3.571615e+00	-1.544800e-01	4.555997e-01
3.576304e+00	1.981400e-01	4.595630e-01
3.580992e+00	-4.092800e-01	4.542085e-01
3.585680e+00	1.553600e-01	4.583981e-01
3.590368e+00	-6.455000e-02	4.562085e-01
3.595057e+00	-2.167900e-01	4.550280e-01
3.599745e+00	-5.464600e-01	4.510257e-01
3.604433e+00	5.443600e-01	4.611296e-01
3.609121e+00	1.382300e-01	4.577574e-01
3.613809e+00	4.182300e-01	4.600246e-01
3.618498e+00	4.361450e-01	4.600317e-01
3.623186e+00	3.412000e-02	4.564344e-01
3.627874e+00	-3.818550e-01	4.532833e-01
3.632562e+00	1.485850e-01	4.587230e-01
3.637251e+00	7.119900e-01	4.647899e-01
3.641939e+00	6.492850e-01	4.640971e-01
3.646627e+00	-4.875450e-01	4.532911e-01
3.651315e+00	1.243000e-02	4.582990e-01
3.656004e+00	1.149150e-01	4.609350e-01
3.660692e+00	2.150150e-01	4.708023e-01
3.665380e+00	3.143000e-02	4.845225e-01
3.670068e+00	1.243550e-01	4.930788e-01
3.674756e+00	2.994900e-01	5.021732e-01
3.679445e+00	7.340500e-02	5.058885e-01
3.684133e+00	-4.902250e-01	5.033769e-01
3.688821e+00	-6.736800e-01	5.047515e-01
3.693509e+00	-3.982150e-01	5.102134e-01
3.698198e+00	3.612400e-01	5.204497e-01
3.702886e+00	-4.653000e-02	5.196110e-01
3.707574e+00	1.471500e-02	5.229121e-01
3.712262e+00	1.250900e-01	5.272620e-01
3.716951e+00	-1.628550e-01	5.266719e-01
3.721639e+00	4.818900e-01	5.357144e-01
3.726327e+00	4.915500e-01	5.375405e-01
3.731015e+00	1.077800e-01	5.354441e-01
3.735703e+00	-1.109000e-01	5.360774e-01
3.740392e+00	-3.978900e-01	5.352189e-01
3.745080e+00	-3.208150e-01	5.386913e-01
3.749768e+00	2.594200e-01	5.469979e-01
3.754456e+00	2.570000e-01	5.494622e-01
3.759145e+00	9.733150e-01	5.595512e-01
3.763833e+00	-2.077550e-01	5.485208e-01
3.768521e+00	3.704100e-01	5.563341e-01
3.773209e+00	5.024100e-01	5.608254e-01
3.777897e+00	2.608900e-01	5.601389e-01
3.782586e+00	5.888500e-01	5.666106e-01
3.787274e+00	-3.078800e-01	5.588436e-01
3.791962e+00	3.180400e-01	5.665024e-01
3.796650e+00	9.560550e-01	5.766669e-01
3.801339e+00	9.163100e-01	5.786742e-01
3.806027e+00	6.125250e-01	5.780107e-01
3.810715e+00	3.170800e-01	5.759652e-01
3.815403e+00	3.590900e-01	5.793704e-01
3.820092e+00	6.305550e-01	5.852696e-01
3.824780e+00	-6.828050e-01	5.700635e-01
3.829468e+00	7.630000e-02	5.825375e-01
3.834156e+00	6.448550e-01	5.899465e-01
3.838844e+00	3.101250e-01	5.886668e-01
3.843533e+00	-8.235000e-03	5.873265e-01
3.848221e+00	-3.925800e-01	5.850337e-01
3.852909e+00	1.944700e-01	5.933037e-01
3.857597e+00	9.780000e-02	5.948723e-01
3.862286e+00	1.641650e-01	5.985857e-01
3.866974e+00	4.793100e-01	6.042445e-01
3.871662e+00	4.079700e-01	6.039421e-01
3.876350e+00	-6.704500e-02	6.003063e-01
3.881039e+00	-3.868600e-01	5.990870e-01
3.885727e+00	8.097250e-01	6.157982e-01
3.890415e+00	3.382000e-02	6.080611e-01
3.895103e+00	-1.815650e-01	6.080786e-01
3.899791e+00	6.234950e-01	6.193572e-01
3.904480e+00	5.324300e-01	6.219656e-01
3.909168e+00	7.463500e-02	6.175952e-01
3.913856e+00	2.857850e-01	6.235091e-01
3.918544e+00	-2.142500e-02	6.222521e-01
3.923233e+00	8.230000e-01	6.346130e-01
3.927921e+00	5.335300e-01	6.321624e-01
3.932609e+00	3.590900e-01	6.324580e-01
3.937297e+00	5.802000e-01	6.362812e-01
3.941986e+00	-2.038400e-01	6.256821e-01
3.946674e+00	-4.509000e-02	6.280748e-01
3.951362e+00	-1.897600e-01	6.278205e-01
3.956050e+00	-3.909050e-01	6.234237e-01
3.960738e+00	-7.293750e-01	6.193317e-01
3.965427e+00	-5.264450e-01	6.233204e-01
3.970115e+00	-5.074000e-02	6.302733e-01
3.974803e+00	-5.180250e-01	6.275334e-01
3.979491e+00	-3.016500e-01	6.319440e-01
3.984180e+00	7.687700e-01	6.469851e-01
3.988868e+00	4.854900e-01	6.478412e-01
3.993556e+00	3.388900e-01	6.470343e-01
3.998244e+00	1.203660e+00	6.586049e-01
4.002932e+00	7.168200e-01	6.552665e-01
4.007621e+00	4.623900e-01	6.552383e-01
4.012309e+00	7.337500e-02	6.505531e-01
4.016997e+00	3.658700e-01	6.561571e-01
4.021685e+00	7.157500e-01	6.631312e-01
4.026374e+00	-3.067900e-01	6.534454e-01
4.031062e+00	-7.906500e-01	6.481907e-01
4.035750e+00	-2.277500e-01	6.598584e-01
4.040438e+00	9.531500e-02	6.664850e-01
4.045127e+00	-1.097300e-01	6.645193e-01
4.049815e+00	-8.803450e-01	6.572930e-01
4.054503e+00	1.732450e-01	6.736964e-01
4.059191e+00	8.367450e-01	6.834194e-01
4.063879e+00	7.413400e-01	6.849628e-01
4.068568e+00	1.386050e-01	6.796991e-01
4.073256e+00	-4.204800e-01	6.745960e-01
4.077944e+00	5.329350e-01	6.882672e-01
4.082632e+00	1.222180e+00	6.996358e-01
4.087321e+00	1.459140e+00	7.068311e-01
4.092009e+00	1.808050e-01	6.927415e-01
4.096697e+00	2.683900e-01	6.970042e-01
4.101385e+00	-1.091335e+00	6.775277e-01
4.106074e+00	5.622450e-01	7.049451e-01
4.110762e+00	7.010000e-01	7.084144e-01
4.115450e+00	1.694600e-01	7.041400e-01
4.120138e+00	-2.964950e-01	7.015261e-01
4.124826e+00	9.710250e-01	7.215559e-01
4.129515e+00	3.728700e-01	7.172455e-01
4.134203e+00	4.782500e-01	7.189863e-01
4.138891e+00	7.397300e-01	7.260943e-01
4.143579e+00	-6.833950e-01	7.077043e-01
4.148268e+00	-1.423590e+00	7.006977e-01
4.152956e+00	-1.189265e+00	7.064420e-01
4.157644e+00	-1.745150e-01	7.211606e-01
4.162332e+00	-6.451850e-01	7.189546e-01
4.167021e+00	-7.176300e-01	7.209619e-01
4.171709e+00	5.975250e-01	7.413145e-01
4.176397e+00	9.450900e-01	7.501077e-01
4.181085e+00	3.857150e-01	7.437928e-01
4.185773e+00	-3.474300e-01	7.354579e-01
4.190462e+00	-1.451450e-01	7.430696e-01
4.195150e+00	-4.982200e-01	7.416464e-01
4.199838e+00	-6.010550e-01	7.411684e-01
4.204526e+00	2.728800e-01	7.563355e-01
4.209215e+00	3.350700e-01	7.618012e-01
4.213903e+00	2.138900e-01	7.624878e-01
4.218591e+00	4.819050e-01	7.691962e-01
4.223279e+00	2.967850e-01	7.709944e-01
4.227967e+00	7.609050e-01	7.795964e-01
4.232656e+00	4.306600e-01	7.788215e-01
4.237344e+00	-1.147125e+00	7.564112e-01
4.242032e+00	1.148400e-01	7.785811e-01
4.246720e+00	6.678850e-01	7.898525e-01
4.251409e+00	7.545550e-01	7.958207e-01
4.256097e+00	-7.460350e-01	7.788144e-01
4.260785e+00	6.543400e-01	8.019295e-01
4.265473e+00	8.429950e-01	8.069290e-01
4.270162e+00	-2.065000e-03	7.974728e-01
4.274850e+00	5.121000e-02	8.053648e-01
4.279538e+00	-5.078600e-01	8.005569e-01
4.284226e+00	5.145500e-01	8.167863e-01
4.288914e+00	-2.410500e-02	8.115341e-01
4.293603e+00	-1.845500e-02	8.125798e-01
4.298291e+00	-8.743100e-01	8.021272e-01
4.302979e+00	8.194050e-01	8.322620e-01
4.307667e+00	4.610500e-01	8.317394e-01
4.312356e+00	9.920650e-01	8.421620e-01
4.317044e+00	3.849500e-02	8.319970e-01
4.321732e+00	5.765000e-01	8.422714e-01
4.326420e+00	3.674250e-01	8.451888e-01
4.331109e+00	1.392060e+00	8.667413e-01
4.335797e+00	4.629800e-01	8.518772e-01
4.340485e+00	-4.380700e-01	8.433638e-01
4.345173e+00	8.512800e-01	8.675147e-01
4.349861e+00	-1.240900e-01	8.569228e-01
4.354550e+00	7.908100e-01	8.766417e-01
4.359238e+00	1.311985e+00	8.873368e-01
4.363926e+00	1.462650e-01	8.721588e-01
4.368614e+00	-2.407350e-01	8.711023e-01
4.373303e+00	-6.895450e-01	8.659205e-01
4.377991e+00	-2.339650e-01	8.787707e-01
4.382679e+00	-9.887850e-01	8.670079e-01
4.387367e+00	7.208100e-01	9.012616e-01
4.392056e+00	1.217850e-01	8.965744e-01
4.396744e+00	1.489730e+00	9.257687e-01
4.401432e+00	6.162000e-01	9.149781e-01
4.406120e+00	-6.831650e-01	8.930428e-01
4.410808e+00	6.796000e-02	9.092772e-01
4.415497e+00	5.755050e-01	9.183352e-01
4.420185e+00	7.744000e-01	9.207653e-01
4.424873e+00	7.376100e-01	9.203177e-01
4.429561e+00	1.248300e-01	9.121207e-01
4.434250e+00	1.307485e+00	9.352121e-01
4.438938e+00	1.204655e+00	9.326494e-01
4.443626e+00	1.498425e+00	9.396672e-01
4.448314e+00	9.157000e-01	9.310688e-01
4.453002e+00	3.356050e-01	9.249897e-01
4.457691e+00	1.137055e+00	9.451414e-01
4.462379e+00	6.605550e-01	9.420206e-01
4.467067e+00	2.189850e-01	9.361330e-01
4.471755e+00	-6.043450e-01	9.269691e-01
4.476444e+00	1.410195e+00	9.698009e-01
4.481132e+00	4.419950e-01	9.580506e-01
4.485820e+00	-8.513700e-01	9.386530e-01
4.490508e+00	-2.892000e-02	9.577650e-01
4.495197e+00	8.357500e-02	9.631082e-01
4.499885e+00	5.218250e-01	9.793723e-01
4.504573e+00	1.639685e+00	1.004488e+00
4.509261e+00	9.766800e-01	9.980473e-01
4.513949e+00	1.708750e-01	9.890324e-01
4.518638e+00	4.366250e-01	9.995166e-01
4.523326e+00	2.987800e-01	1.001033e+00
4.528014e+00	8.220000e-01	1.014083e+00
4.532702e+00	-5.410150e-01	9.993449e-01
4.537391e+00	3.251550e-01	1.021303e+00
4.542079e+00	-9.960750e-01	1.001010e+00
4.546767e+00	3.995050e-01	1.032400e+00
4.551455e+00	1.852150e-01	1.038026e+00
4.556144e+00	1.346625e+00	1.068422e+00
4.560832e+00	-2.988250e-01	1.038307e+00
4.565520e+00	-8.500550e-01	1.034683e+00
4.570208e+00	-1.521100e-01	1.057159e+00
4.574896e+00	-7.926450e-01	1.047692e+00
4.579585e+00	1.357950e-01	1.077258e+00
4.584273e+00	1.051650e+00	1.105743e+00
4.588961e+00	4.743850e-01	1.102150e+00
4.593649e+00	-1.533500e-02	1.094410e+00
4.598338e+00	-1.190485e+00	1.075643e+00
4.603026e+00	-1.809175e+00	1.070489e+00
4.607714e+00	-2.460900e-01	1.116335e+00
4.612402e+00	3.754150e-01	1.134764e+00
4.617091e+00	5.509300e-01	1.144818e+00
4.621779e+00	5.159800e-01	1.151711e+00
4.626467e+00	1.847750e+00	1.193015e+00
4.631155e+00	1.142835e+00	1.186202e+00
4.635843e+00	5.196000e-01	1.175164e+00
4.640532e+00	-3.556550e-01	1.167424e+00
4.645220e+00	-7.250750e-01	1.170737e+00
4.649908e+00	-2.217650e-01	1.193393e+00
4.654596e+00	1.320245e+00	1.237475e+00
4.659285e+00	-3.080850e-01	1.208695e+00
4.663973e+00	1.622100e-01	1.228826e+00
4.668661e+00	1.073470e+00	1.261676e+00
4.673349e+00	1.895350e+00	1.291922e+00
4.678037e+00	1.118325e+00	1.285834e+00
4.682726e+00	-4.030900e-01	1.255621e+00
4.687414e+00	8.744350e-01	1.300270e+00
4.692102e+00	7.902150e-01	1.307934e+00
4.696790e+00	6.930450e-01	1.321073e+00
4.701479e+00	-8.140500e-02	1.313920e+00
4.706167e+00	1.053600e-01	1.329873e+00
4.710855e+00	6.101700e-01	1.350883e+00
4.715543e+00	1.806195e+00	1.397802e+00
4.720232e+00	1.662150e+00	1.411004e+00
4.724920e+00	2.372490e+00	1.441878e+00
4.729608e+00	3.501900e-01	1.403935e+00
4.734296e+00	3.422250e-01	1.415414e+00
4.738984e+00	9.130050e-01	1.447468e+00
4.743673e+00	2.952300e-01	1.448002e+00
4.748361e+00	-7.461400e-01	1.430520e+00
4.753049e+00	1.343500e-02	1.464350e+00
4.757737e+00	-5.972600e-01	1.475083e+00
4.762426e+00	-1.091750e-01	1.504991e+00
4.767114e+00	1.004050e+00	1.558582e+00
4.771802e+00	-1.553575e+00	1.496738e+00
4.776490e+00	-1.497490e+00	1.508210e+00
4.781179e+00	1.024915e+00	1.620126e+00
4.785867e+00	-6.366450e-01	1.589391e+00
4.790555e+00	-4.636300e-01	1.616574e+00
4.795243e+00	-5.974400e-01	1.632398e+00
4.799931e+00	8.569400e-01	1.710251e+00
4.804620e+00	2.006530e+00	1.765628e+00
4.809308e+00	7.413600e-01	1.758065e+00
4.813996e+00	-4.960700e-01	1.745007e+00
4.818684e+00	-9.056200e-01	1.756424e+00
4.823373e+00	5.820100e-01	1.834319e+00
4.828061e+00	-3.620400e-01	1.830867e+00
4.832749e+00	5.198000e-02	1.888997e+00
4.837437e+00	-1.887265e+00	1.858594e+00
4.842125e+00	1.602365e+00	2.028257e+00
4.846814e+00	4.167450e-01	2.019541e+00
4.851502e+00	1.468650e+00	2.108867e+00
4.856190e+00	8.329700e-01	2.117787e+00
4.860878e+00	2.860070e+00	2.249406e+00
4.865567e+00	1.206435e+00	2.244814e+00
4.870255e+00	1.398915e+00	2.300556e+00
4.874943e+00	-1.537650e+00	2.232472e+00
4.879631e+00	2.468290e+00	2.482992e+00
4.884320e+00	2.221575e+00	2.552565e+00
4.889008e+00	6.903535e+00	2.847789e+00
4.893696e+00	2.185665e+00	2.728040e+00
4.898384e+00	8.404400e-01	2.771044e+00
4.903072e+00	-4.569100e-01	2.811112e+00
4.907761e+00	1.007595e+00	3.027845e+00
4.912449e+00	2.466980e+00	4.347211e+00
4.917137e+00	2.515105e+01	1.646027e+01
