# Sample description: GI
# Parent(s): ../20151214/GI_no_protection/1d/GI_np_030_00037.dat
# No protection
3.200246e-02	2.986180e+01	2.027954e+01
3.669069e-02	8.629920e+01	1.637136e+01
4.137892e-02	1.985898e+02	1.511805e+01
4.606715e-02	2.443372e+02	1.215146e+01
5.075538e-02	2.308813e+02	9.569754e+00
5.544361e-02	2.317291e+02	8.038402e+00
6.013183e-02	2.120078e+02	6.966105e+00
6.482006e-02	2.096906e+02	6.288977e+00
6.950829e-02	1.966694e+02	5.652451e+00
7.419652e-02	1.940410e+02	5.204692e+00
7.888475e-02	1.923429e+02	4.888297e+00
8.357298e-02	1.918567e+02	4.633888e+00
8.826121e-02	1.875683e+02	4.388476e+00
9.294944e-02	1.796756e+02	4.135750e+00
9.763767e-02	1.802120e+02	3.977402e+00
1.023259e-01	1.852911e+02	3.884670e+00
1.070141e-01	1.735223e+02	3.672443e+00
1.117024e-01	1.831933e+02	3.643154e+00
1.163906e-01	1.783881e+02	3.500038e+00
1.210788e-01	1.735918e+02	3.378733e+00
1.257670e-01	1.741266e+02	3.303431e+00
1.304553e-01	1.735450e+02	3.228925e+00
1.351435e-01	1.737209e+02	3.158516e+00
1.398317e-01	1.738632e+02	3.095853e+00
1.445200e-01	1.731309e+02	3.029430e+00
1.492082e-01	1.715000e+02	2.963500e+00
1.538964e-01	1.687519e+02	2.887342e+00
1.585846e-01	1.672311e+02	2.824550e+00
1.632729e-01	1.649562e+02	2.763111e+00
1.679611e-01	1.675562e+02	2.738724e+00
1.726493e-01	1.640915e+02	2.671463e+00
1.773376e-01	1.647009e+02	2.631867e+00
1.820258e-01	1.616636e+02	2.575106e+00
1.867140e-01	1.627253e+02	2.548236e+00
1.914022e-01	1.627022e+02	2.513959e+00
1.960905e-01	1.586229e+02	2.450439e+00
2.007787e-01	1.584376e+02	2.421460e+00
2.054669e-01	1.578844e+02	2.389035e+00
2.101552e-01	1.600898e+02	2.374818e+00
2.148434e-01	1.561500e+02	2.319422e+00
2.195316e-01	1.506343e+02	2.257757e+00
2.242199e-01	1.510191e+02	2.235074e+00
2.289081e-01	1.488142e+02	2.197981e+00
2.335963e-01	1.481655e+02	2.169539e+00
2.382845e-01	1.481634e+02	2.145523e+00
2.429728e-01	1.463979e+02	2.113109e+00
2.476610e-01	1.450065e+02	2.084436e+00
2.523492e-01	1.443565e+02	2.059412e+00
2.570375e-01	1.424403e+02	2.026092e+00
2.617257e-01	1.424524e+02	2.007473e+00
2.664139e-01	1.406690e+02	1.978817e+00
2.711021e-01	1.393431e+02	1.953541e+00
2.757904e-01	1.382835e+02	1.928651e+00
2.804786e-01	1.332095e+02	1.883738e+00
2.851668e-01	1.333168e+02	1.868622e+00
2.898551e-01	1.345061e+02	1.858997e+00
2.945433e-01	1.324031e+02	1.831882e+00
2.992315e-01	1.309683e+02	1.849738e+00
3.039197e-01	1.275682e+02	1.843424e+00
3.086080e-01	1.258595e+02	1.839334e+00
3.132962e-01	1.275459e+02	1.848947e+00
3.179844e-01	1.250340e+02	1.833328e+00
3.226727e-01	1.223087e+02	1.817114e+00
3.273609e-01	1.232934e+02	1.820467e+00
3.320491e-01	1.206846e+02	1.800748e+00
3.367374e-01	1.164488e+02	1.770825e+00
3.414256e-01	1.167260e+02	1.768474e+00
3.461138e-01	1.122407e+02	1.737424e+00
3.508020e-01	1.117178e+02	1.729290e+00
3.554903e-01	1.116043e+02	1.721930e+00
3.601785e-01	1.087025e+02	1.700556e+00
3.648667e-01	1.067742e+02	1.700849e+00
3.695550e-01	1.050977e+02	1.728026e+00
3.742432e-01	1.022707e+02	1.729302e+00
3.789314e-01	1.010425e+02	1.736698e+00
3.836196e-01	1.026196e+02	1.757724e+00
3.883079e-01	1.015768e+02	1.761010e+00
3.929961e-01	1.002626e+02	1.768016e+00
3.976843e-01	9.823960e+01	1.776634e+00
4.023726e-01	9.616267e+01	1.779968e+00
4.070608e-01	9.194773e+01	1.756290e+00
4.117490e-01	9.198224e+01	1.760115e+00
4.164372e-01	9.334966e+01	1.772174e+00
4.211255e-01	9.049716e+01	1.754786e+00
4.258137e-01	8.733188e+01	1.732178e+00
4.305019e-01	8.436829e+01	1.708600e+00
4.351902e-01	8.245074e+01	1.690070e+00
4.398784e-01	8.221851e+01	1.685904e+00
4.445666e-01	8.134568e+01	1.700173e+00
4.492548e-01	8.113567e+01	1.755316e+00
4.539431e-01	8.205054e+01	1.795328e+00
4.586313e-01	7.722747e+01	1.780275e+00
4.633195e-01	7.744402e+01	1.806958e+00
4.680078e-01	7.644572e+01	1.817948e+00
4.726960e-01	7.471293e+01	1.823455e+00
4.773842e-01	7.435691e+01	1.837619e+00
4.820725e-01	7.071318e+01	1.822519e+00
4.867607e-01	7.133313e+01	1.846585e+00
4.914489e-01	6.913035e+01	1.838937e+00
4.961371e-01	6.802931e+01	1.846053e+00
5.008254e-01	6.717343e+01	1.851414e+00
5.055136e-01	6.573354e+01	1.853522e+00
5.102018e-01	6.520955e+01	1.806998e+00
5.148901e-01	6.448877e+01	1.735921e+00
5.195783e-01	6.193752e+01	1.683368e+00
5.242665e-01	5.963367e+01	1.640916e+00
5.289547e-01	5.839997e+01	1.613996e+00
5.336430e-01	5.736545e+01	1.589495e+00
5.383312e-01	5.635972e+01	1.566127e+00
5.430194e-01	5.435614e+01	1.539904e+00
5.477077e-01	5.390964e+01	1.526537e+00
5.523959e-01	5.121651e+01	1.491605e+00
5.570841e-01	5.107270e+01	1.483010e+00
5.617723e-01	4.964670e+01	1.463373e+00
5.664606e-01	4.987676e+01	1.458717e+00
5.711488e-01	4.847032e+01	1.439565e+00
5.758370e-01	5.043203e+01	1.449877e+00
5.805253e-01	4.732320e+01	1.412393e+00
5.852135e-01	4.402780e+01	1.368833e+00
5.899017e-01	4.426893e+01	1.363214e+00
5.945900e-01	4.630774e+01	1.373139e+00
5.992782e-01	4.406399e+01	1.341576e+00
6.039664e-01	4.178020e+01	1.312836e+00
6.086546e-01	4.017347e+01	1.289097e+00
6.133429e-01	3.815110e+01	1.260550e+00
6.180311e-01	3.832370e+01	1.256545e+00
6.227193e-01	3.581735e+01	1.223357e+00
6.274076e-01	3.771056e+01	1.237673e+00
6.320958e-01	3.709207e+01	1.227293e+00
6.367840e-01	3.618898e+01	1.215471e+00
6.414722e-01	3.556817e+01	1.205771e+00
6.461605e-01	3.549744e+01	1.202396e+00
6.508487e-01	3.309968e+01	1.177664e+00
6.555369e-01	3.028585e+01	1.144200e+00
6.602252e-01	3.061030e+01	1.146055e+00
6.649134e-01	2.851197e+01	1.122222e+00
6.696016e-01	3.080115e+01	1.142005e+00
6.742898e-01	2.960602e+01	1.126542e+00
6.789781e-01	2.979861e+01	1.128038e+00
6.836663e-01	2.870148e+01	1.114509e+00
6.883545e-01	2.698294e+01	1.093798e+00
6.930428e-01	2.565360e+01	1.077772e+00
6.977310e-01	2.507232e+01	1.068950e+00
7.024192e-01	2.385952e+01	1.053846e+00
7.071074e-01	2.479866e+01	1.061652e+00
7.117957e-01	2.388152e+01	1.050159e+00
7.164839e-01	2.215699e+01	1.029028e+00
7.211721e-01	2.179152e+01	1.023159e+00
7.258604e-01	2.192616e+01	1.021739e+00
7.305486e-01	2.162338e+01	1.017093e+00
7.352368e-01	2.022828e+01	9.999957e-01
7.399251e-01	1.878621e+01	9.814239e-01
7.446133e-01	1.872028e+01	9.790384e-01
7.493015e-01	1.905800e+01	9.825454e-01
7.539897e-01	1.782897e+01	9.644781e-01
7.586780e-01	1.694677e+01	9.535430e-01
7.633662e-01	1.778791e+01	9.617692e-01
7.680544e-01	1.703510e+01	9.511123e-01
7.727427e-01	1.583492e+01	9.347130e-01
7.774309e-01	1.470374e+01	9.214228e-01
7.821191e-01	1.541799e+01	9.276938e-01
7.868073e-01	1.420593e+01	9.107238e-01
7.914956e-01	1.337798e+01	9.004404e-01
7.961838e-01	1.261134e+01	8.895379e-01
8.008720e-01	1.279099e+01	8.905585e-01
8.055603e-01	1.168661e+01	8.763658e-01
8.102485e-01	1.206259e+01	8.803379e-01
8.149367e-01	1.201357e+01	8.761633e-01
8.196249e-01	1.188920e+01	8.721852e-01
8.243132e-01	1.000384e+01	8.485444e-01
8.290014e-01	1.050636e+01	8.533293e-01
8.336896e-01	1.154036e+01	8.642197e-01
8.383779e-01	1.021632e+01	8.464001e-01
8.430661e-01	1.074526e+01	8.516548e-01
8.477543e-01	9.692770e+00	8.395622e-01
8.524425e-01	8.898065e+00	8.277691e-01
8.571308e-01	1.007337e+01	8.409637e-01
8.618190e-01	8.764720e+00	8.215412e-01
8.665072e-01	7.679240e+00	8.063710e-01
8.711955e-01	9.514790e+00	8.263186e-01
8.758837e-01	8.427585e+00	8.129384e-01
8.805719e-01	6.900220e+00	7.937548e-01
8.852602e-01	6.475890e+00	7.883680e-01
8.899484e-01	6.376030e+00	7.842921e-01
8.946366e-01	6.625685e+00	7.858484e-01
8.993248e-01	7.050865e+00	7.895416e-01
9.040131e-01	6.269305e+00	7.794343e-01
9.087013e-01	6.182615e+00	7.768196e-01
9.133895e-01	6.615670e+00	7.794105e-01
9.180778e-01	6.638085e+00	7.765084e-01
9.227660e-01	5.689140e+00	7.636061e-01
9.274542e-01	5.969330e+00	7.675530e-01
9.321424e-01	5.911370e+00	7.636409e-01
9.368307e-01	5.603605e+00	7.602391e-01
9.415189e-01	5.356275e+00	7.558368e-01
9.462071e-01	4.679550e+00	7.475020e-01
9.508954e-01	4.012125e+00	7.355795e-01
9.555836e-01	4.857315e+00	7.451857e-01
9.602718e-01	4.289100e+00	7.392833e-01
9.649600e-01	4.003105e+00	7.329311e-01
9.696483e-01	3.554075e+00	7.255853e-01
9.743365e-01	3.241835e+00	7.218984e-01
9.790247e-01	4.064735e+00	7.291000e-01
9.837130e-01	3.938505e+00	7.268906e-01
9.884012e-01	3.380155e+00	7.182347e-01
9.930894e-01	3.771820e+00	7.220312e-01
9.977777e-01	5.133595e+00	7.366265e-01
1.002466e+00	4.324165e+00	7.270938e-01
1.007154e+00	3.265120e+00	7.113815e-01
1.011842e+00	2.766655e+00	7.039370e-01
1.016531e+00	2.607880e+00	7.025783e-01
1.021219e+00	2.758040e+00	7.025643e-01
1.025907e+00	3.322795e+00	7.080594e-01
1.030595e+00	3.252910e+00	7.061689e-01
1.035283e+00	3.573690e+00	7.087132e-01
1.039972e+00	2.669050e+00	6.974931e-01
1.044660e+00	1.879015e+00	6.876951e-01
1.049348e+00	3.747990e+00	7.076497e-01
1.054036e+00	2.689225e+00	6.935446e-01
1.058725e+00	1.875465e+00	6.816569e-01
1.063413e+00	1.792580e+00	6.806783e-01
1.068101e+00	2.825860e+00	6.922758e-01
1.072789e+00	2.632285e+00	6.882998e-01
1.077478e+00	2.174675e+00	6.816428e-01
1.082166e+00	2.316475e+00	6.823103e-01
1.086854e+00	2.522550e+00	6.840393e-01
1.091542e+00	1.973505e+00	6.747872e-01
1.096230e+00	2.916575e+00	6.848270e-01
1.100919e+00	2.159305e+00	6.754380e-01
1.105607e+00	2.319185e+00	6.769053e-01
1.110295e+00	2.432650e+00	6.768683e-01
1.114983e+00	1.773450e+00	6.676530e-01
1.119672e+00	2.655155e+00	6.774158e-01
1.124360e+00	1.879945e+00	6.674882e-01
1.129048e+00	1.277500e+00	6.583241e-01
1.133736e+00	1.399470e+00	6.580165e-01
1.138425e+00	1.089345e+00	6.545350e-01
1.143113e+00	1.123995e+00	6.525904e-01
1.147801e+00	2.410395e+00	6.683521e-01
1.152489e+00	2.472635e+00	6.669762e-01
1.157177e+00	1.464685e+00	6.532673e-01
1.161866e+00	2.026520e+00	6.600990e-01
1.166554e+00	3.087040e+00	6.706524e-01
1.171242e+00	1.898175e+00	6.568063e-01
1.175930e+00	2.292430e+00	6.597392e-01
1.180619e+00	2.524600e+00	6.614183e-01
1.185307e+00	1.478550e+00	6.483711e-01
1.189995e+00	2.005000e+00	6.541388e-01
1.194683e+00	1.269650e+00	6.440295e-01
1.199372e+00	1.367050e+00	6.445663e-01
1.204060e+00	1.075105e+00	6.404355e-01
1.208748e+00	1.482565e+00	6.457803e-01
1.213436e+00	2.083840e+00	6.503077e-01
1.218124e+00	1.304135e+00	6.394703e-01
1.222813e+00	2.644910e+00	6.549783e-01
1.227501e+00	1.543535e+00	6.412956e-01
1.232189e+00	1.529095e+00	6.406178e-01
1.236877e+00	1.667615e+00	6.398079e-01
1.241566e+00	6.680250e-01	6.269408e-01
1.246254e+00	1.598745e+00	6.392153e-01
1.250942e+00	2.088220e+00	6.589266e-01
1.255630e+00	1.454130e+00	6.694836e-01
1.260318e+00	2.174430e+00	6.888028e-01
1.265007e+00	2.325070e+00	6.986759e-01
1.269695e+00	2.180390e+00	7.048341e-01
1.274383e+00	2.196515e+00	7.125168e-01
1.279071e+00	1.842715e+00	7.163564e-01
1.283760e+00	1.252675e+00	7.136971e-01
1.288448e+00	2.415285e+00	7.344374e-01
1.293136e+00	3.035835e+00	7.475618e-01
1.297824e+00	2.007520e+00	7.399099e-01
1.302513e+00	2.279010e+00	7.489321e-01
1.307201e+00	2.041720e+00	7.478934e-01
1.311889e+00	2.232835e+00	7.490257e-01
1.316577e+00	1.804925e+00	7.193306e-01
1.321265e+00	2.191170e+00	7.055825e-01
1.325954e+00	1.337585e+00	6.826229e-01
1.330642e+00	9.305400e-01	6.684821e-01
1.335330e+00	1.593645e+00	6.676912e-01
1.340018e+00	1.408285e+00	6.600631e-01
1.344707e+00	1.316105e+00	6.544639e-01
1.349395e+00	1.279490e+00	6.483495e-01
1.354083e+00	2.217200e+00	6.538448e-01
1.358771e+00	1.566930e+00	6.420685e-01
1.363460e+00	1.069830e+00	6.336208e-01
1.368148e+00	1.293710e+00	6.340455e-01
1.372836e+00	1.653910e+00	6.348925e-01
1.377524e+00	1.478000e-01	6.164733e-01
1.382212e+00	1.138505e+00	6.272537e-01
1.386901e+00	1.466680e+00	6.295804e-01
1.391589e+00	1.263190e+00	6.256093e-01
1.396277e+00	1.426575e+00	6.267605e-01
1.400965e+00	1.156275e+00	6.226317e-01
1.405654e+00	1.496500e+00	6.255616e-01
1.410342e+00	9.682350e-01	6.180431e-01
1.415030e+00	9.717650e-01	6.170314e-01
1.419718e+00	1.029750e+00	6.172981e-01
1.424406e+00	1.380825e+00	6.187087e-01
1.429095e+00	1.357245e+00	6.168227e-01
1.433783e+00	2.058675e+00	6.243489e-01
1.438471e+00	1.663320e+00	6.192916e-01
1.443159e+00	1.154290e+00	6.117559e-01
1.447848e+00	1.371555e+00	6.128658e-01
1.452536e+00	2.024470e+00	6.197266e-01
1.457224e+00	1.733820e+00	6.150114e-01
1.461912e+00	1.748805e+00	6.151847e-01
1.466601e+00	1.067760e+00	6.052335e-01
1.471289e+00	8.389300e-01	6.019761e-01
1.475977e+00	1.262715e+00	6.066120e-01
1.480665e+00	4.462500e-01	5.962117e-01
1.485353e+00	1.256315e+00	6.154131e-01
1.490042e+00	6.380450e-01	6.267799e-01
1.494730e+00	1.991845e+00	6.532049e-01
1.499418e+00	1.730685e+00	6.569833e-01
1.504106e+00	2.214960e+00	6.707376e-01
1.508795e+00	7.061200e-01	6.588481e-01
1.513483e+00	5.289200e-01	6.434992e-01
1.518171e+00	1.363355e+00	6.383844e-01
1.522859e+00	8.536300e-01	6.208502e-01
1.527548e+00	2.162195e+00	6.302357e-01
1.532236e+00	1.583490e+00	6.181898e-01
1.536924e+00	1.629735e+00	6.139354e-01
1.541612e+00	6.407800e-01	5.987921e-01
1.546300e+00	5.255450e-01	5.967701e-01
1.550989e+00	4.107700e-01	5.936278e-01
1.555677e+00	1.224395e+00	5.996688e-01
1.560365e+00	1.214955e+00	5.951107e-01
1.565053e+00	1.713990e+00	5.989649e-01
1.569742e+00	1.177635e+00	5.900650e-01
1.574430e+00	1.350415e+00	5.904486e-01
1.579118e+00	1.649160e+00	5.942690e-01
1.583806e+00	1.448965e+00	5.927990e-01
1.588495e+00	4.760750e-01	5.833412e-01
1.593183e+00	1.839830e+00	5.985483e-01
1.597871e+00	1.004810e+00	5.882309e-01
1.602559e+00	9.751200e-01	5.874198e-01
1.607247e+00	4.471500e-02	5.762638e-01
1.611936e+00	9.549750e-01	5.854048e-01
1.616624e+00	9.980700e-01	5.835495e-01
1.621312e+00	9.136050e-01	5.827003e-01
1.626000e+00	2.481500e-01	5.742074e-01
1.630689e+00	1.151705e+00	5.844821e-01
1.635377e+00	1.145320e+00	5.820984e-01
1.640065e+00	5.336850e-01	5.742539e-01
1.644753e+00	9.223250e-01	5.789984e-01
1.649441e+00	3.169700e-01	5.719104e-01
1.654130e+00	3.828150e-01	5.711735e-01
1.658818e+00	1.322925e+00	5.811142e-01
1.663506e+00	9.525050e-01	5.756273e-01
1.668194e+00	4.726650e-01	5.692955e-01
1.672883e+00	5.886400e-01	5.702019e-01
1.677571e+00	8.224650e-01	5.711853e-01
1.682259e+00	8.207800e-01	5.717698e-01
1.686947e+00	1.252325e+00	5.735668e-01
1.691636e+00	1.144050e+00	5.722521e-01
1.696324e+00	4.305500e-02	5.598962e-01
1.701012e+00	7.752050e-01	5.656145e-01
1.705700e+00	1.647315e+00	5.759172e-01
1.710388e+00	6.402900e-01	5.641630e-01
1.715077e+00	9.824950e-01	5.666160e-01
1.719765e+00	7.398000e-01	5.632417e-01
1.724453e+00	-1.044950e-01	5.543026e-01
1.729141e+00	-3.350600e-01	5.510084e-01
1.733830e+00	5.931800e-01	5.584884e-01
1.738518e+00	4.738200e-01	5.570884e-01
1.743206e+00	1.086440e+00	5.634305e-01
1.747894e+00	3.161550e-01	5.548414e-01
1.752583e+00	-4.260500e-02	5.505288e-01
1.757271e+00	1.102705e+00	5.610812e-01
1.761959e+00	1.702050e-01	5.515991e-01
1.766647e+00	-1.069400e-01	5.475082e-01
1.771335e+00	-1.800550e-01	5.457393e-01
1.776024e+00	5.111650e-01	5.526300e-01
1.780712e+00	2.469750e-01	5.502669e-01
1.785400e+00	1.577950e-01	5.469286e-01
1.790088e+00	1.067910e+00	5.550852e-01
1.794777e+00	9.985800e-01	5.556494e-01
1.799465e+00	8.481900e-01	5.525154e-01
1.804153e+00	2.689750e-01	5.453633e-01
1.808841e+00	8.499450e-01	5.508986e-01
1.813530e+00	4.122350e-01	5.454320e-01
1.818218e+00	5.809500e-01	5.464726e-01
1.822906e+00	6.952850e-01	5.480258e-01
1.827594e+00	4.340300e-01	5.443449e-01
1.832282e+00	3.307100e-01	5.410400e-01
1.836971e+00	-1.395700e-01	5.371629e-01
1.841659e+00	7.521850e-01	5.452673e-01
1.846347e+00	2.878350e-01	5.402118e-01
1.851035e+00	4.451900e-01	5.399356e-01
1.855724e+00	-5.563550e-01	5.297881e-01
1.860412e+00	9.120350e-01	5.447398e-01
1.865100e+00	1.616320e+00	5.508539e-01
1.869788e+00	-1.190050e-01	5.322352e-01
1.874476e+00	-2.890750e-01	5.310916e-01
1.879165e+00	4.407700e-01	5.369041e-01
1.883853e+00	6.787300e-01	5.383079e-01
1.888541e+00	4.365600e-01	5.349048e-01
1.893229e+00	6.003950e-01	5.369791e-01
1.897918e+00	4.016500e-01	5.344462e-01
1.902606e+00	5.093050e-01	5.346455e-01
1.907294e+00	-3.986000e-02	5.285028e-01
1.911982e+00	-1.774950e-01	5.257806e-01
1.916671e+00	5.909850e-01	5.332585e-01
1.921359e+00	-1.947550e-01	5.246746e-01
1.926047e+00	-8.140500e-02	5.260059e-01
1.930735e+00	3.251450e-01	5.286999e-01
1.935423e+00	-7.543650e-01	5.166172e-01
1.940112e+00	1.310450e-01	5.241677e-01
1.944800e+00	2.644700e-01	5.255978e-01
1.949488e+00	4.077200e-01	5.257928e-01
1.954176e+00	5.657500e-01	5.268655e-01
1.958865e+00	1.315815e+00	5.314757e-01
1.963553e+00	3.662400e-01	5.223889e-01
1.968241e+00	-7.517000e-02	5.165925e-01
1.972929e+00	2.830700e-01	5.201473e-01
1.977618e+00	-3.120350e-01	5.133867e-01
1.982306e+00	-4.338000e-02	5.152420e-01
1.986994e+00	2.780300e-01	5.184159e-01
1.991682e+00	3.348150e-01	5.193671e-01
1.996370e+00	5.504750e-01	5.203811e-01
2.001059e+00	2.244850e-01	5.194155e-01
2.005747e+00	5.629650e-01	5.216786e-01
2.010435e+00	8.055500e-02	5.161372e-01
2.015123e+00	4.723250e-01	5.197305e-01
2.019812e+00	-4.117450e-01	5.104925e-01
2.024500e+00	7.971600e-01	5.220217e-01
2.029188e+00	4.617800e-01	5.179053e-01
2.033876e+00	2.315800e-01	5.147250e-01
2.038565e+00	1.043700e-01	5.118901e-01
2.043253e+00	-1.927500e-02	5.112448e-01
2.047941e+00	-3.243050e-01	5.087300e-01
2.052629e+00	1.714500e-01	5.159654e-01
2.057317e+00	-4.995000e-03	5.284334e-01
2.062006e+00	-6.050000e-03	5.373198e-01
2.066694e+00	5.840100e-01	5.505373e-01
2.071382e+00	1.605950e-01	5.510637e-01
2.076070e+00	1.176100e-01	5.565918e-01
2.080759e+00	6.560000e-02	5.609426e-01
2.085447e+00	3.633900e-01	5.673008e-01
2.090135e+00	-2.065900e-01	5.635674e-01
2.094823e+00	5.674650e-01	5.736272e-01
2.099511e+00	3.851000e-01	5.737259e-01
2.104200e+00	-2.585100e-01	5.675359e-01
2.108888e+00	4.759300e-01	5.766438e-01
2.113576e+00	7.046000e-02	5.736124e-01
2.118264e+00	1.086060e+00	5.790209e-01
2.122953e+00	-4.850000e-03	5.515460e-01
2.127641e+00	4.579000e-02	5.412350e-01
2.132329e+00	-3.512550e-01	5.320262e-01
2.137017e+00	-2.868150e-01	5.267647e-01
2.141706e+00	6.525500e-02	5.255478e-01
2.146394e+00	5.810850e-01	5.271070e-01
2.151082e+00	-5.684150e-01	5.123028e-01
2.155770e+00	-2.252800e-01	5.135546e-01
2.160458e+00	-6.497500e-02	5.147396e-01
2.165147e+00	5.393400e-01	5.197416e-01
2.169835e+00	2.868100e-01	5.155698e-01
2.174523e+00	-3.392200e-01	5.083212e-01
2.179211e+00	-1.964150e-01	5.090830e-01
2.183900e+00	-2.557750e-01	5.076818e-01
2.188588e+00	-4.546200e-01	5.046100e-01
2.193276e+00	2.109900e-01	5.103819e-01
2.197964e+00	-6.318500e-02	5.063132e-01
2.202653e+00	1.084895e+00	5.174079e-01
2.207341e+00	9.734250e-01	5.156503e-01
2.212029e+00	3.576600e-01	5.086167e-01
2.216717e+00	-6.873000e-02	5.034544e-01
2.221405e+00	-1.083900e-01	5.030625e-01
2.226094e+00	6.742100e-01	5.094662e-01
2.230782e+00	4.827350e-01	5.063229e-01
2.235470e+00	3.583600e-01	5.047681e-01
2.240158e+00	2.185800e-01	5.031634e-01
2.244847e+00	3.200600e-01	5.033373e-01
2.249535e+00	8.880900e-01	5.077479e-01
2.254223e+00	9.494750e-01	5.073658e-01
2.258911e+00	6.343850e-01	5.033800e-01
2.263600e+00	8.955000e-02	4.984301e-01
2.268288e+00	4.598700e-01	5.016689e-01
2.272976e+00	4.529550e-01	5.007874e-01
2.277664e+00	3.987750e-01	4.996607e-01
2.282352e+00	9.509400e-01	5.035088e-01
2.287041e+00	1.204280e+00	5.062120e-01
2.291729e+00	6.822550e-01	5.002067e-01
2.296417e+00	3.072000e-01	4.956555e-01
2.301105e+00	6.712000e-02	4.929809e-01
2.305794e+00	-4.804500e-02	4.909240e-01
2.310482e+00	2.395650e-01	4.929143e-01
2.315170e+00	3.285750e-01	4.941013e-01
2.319858e+00	2.592000e-01	4.922957e-01
2.324546e+00	-8.885000e-02	4.886797e-01
2.329235e+00	6.385500e-02	4.884818e-01
2.333923e+00	3.811900e-01	4.920928e-01
2.338611e+00	3.347500e-01	4.910777e-01
2.343299e+00	3.646250e-01	4.912171e-01
2.347988e+00	9.682200e-01	4.945414e-01
2.352676e+00	4.823550e-01	4.901987e-01
2.357364e+00	7.574650e-01	4.924623e-01
2.362052e+00	5.416850e-01	4.899443e-01
2.366741e+00	2.163800e-01	4.875330e-01
2.371429e+00	2.511250e-01	4.865792e-01
2.376117e+00	-7.718000e-02	4.829326e-01
2.380805e+00	4.455650e-01	4.874007e-01
2.385493e+00	2.502500e-01	4.848324e-01
2.390182e+00	5.880650e-01	4.878499e-01
2.394870e+00	-3.679800e-01	4.785016e-01
2.399558e+00	1.816250e-01	4.826744e-01
2.404246e+00	6.833000e-01	4.863383e-01
2.408935e+00	9.724750e-01	4.889260e-01
2.413623e+00	2.882050e-01	4.826157e-01
2.418311e+00	2.371650e-01	4.810130e-01
2.422999e+00	-4.371900e-01	4.743296e-01
2.427688e+00	-6.520000e-02	4.769394e-01
2.432376e+00	-4.434300e-01	4.733603e-01
2.437064e+00	2.722050e-01	4.802913e-01
2.441752e+00	8.768300e-01	4.841505e-01
2.446440e+00	3.142000e-01	4.783754e-01
2.451129e+00	7.650600e-01	4.820723e-01
2.455817e+00	-2.068300e-01	4.728623e-01
2.460505e+00	4.050400e-01	4.778091e-01
2.465193e+00	7.092500e-01	4.805013e-01
2.469882e+00	6.120550e-01	4.784486e-01
2.474570e+00	3.493050e-01	4.758656e-01
2.479258e+00	-2.696000e-02	4.721246e-01
2.483946e+00	1.624850e-01	4.734815e-01
2.488634e+00	-1.135700e-01	4.702308e-01
2.493323e+00	4.897350e-01	4.755117e-01
2.498011e+00	-3.910800e-01	4.675901e-01
2.502699e+00	2.159050e-01	4.718696e-01
2.507387e+00	2.357800e-01	4.722962e-01
2.512076e+00	-1.171000e-01	4.685694e-01
2.516764e+00	-3.375300e-01	4.657067e-01
2.521452e+00	-1.024900e-01	4.673305e-01
2.526140e+00	-1.310200e-01	4.665095e-01
2.530829e+00	9.358250e-01	4.758216e-01
2.535517e+00	6.534850e-01	4.723508e-01
2.540205e+00	-3.393700e-01	4.618462e-01
2.544893e+00	4.098250e-01	4.686884e-01
2.549581e+00	2.510800e-01	4.658239e-01
2.554270e+00	1.031200e-01	4.639045e-01
2.558958e+00	6.987000e-02	4.635467e-01
2.563646e+00	2.313000e-02	4.624572e-01
2.568334e+00	2.799200e-01	4.645720e-01
2.573023e+00	8.847600e-01	4.695456e-01
2.577711e+00	4.431200e-01	4.643121e-01
2.582399e+00	9.259500e-02	4.609575e-01
2.587087e+00	1.940900e-01	4.617548e-01
2.591776e+00	6.358950e-01	4.661467e-01
2.596464e+00	6.637000e-01	4.664013e-01
2.601152e+00	-2.419300e-01	4.574758e-01
2.605840e+00	2.446550e-01	4.626152e-01
2.610528e+00	4.614400e-01	4.635459e-01
2.615217e+00	3.286000e-02	4.597119e-01
2.619905e+00	2.587650e-01	4.615986e-01
2.624593e+00	4.988100e-01	4.623285e-01
2.629281e+00	4.910400e-01	4.628455e-01
2.633970e+00	1.938200e-01	4.588262e-01
2.638658e+00	7.267000e-01	4.635352e-01
2.643346e+00	-3.586000e-02	4.566362e-01
2.648034e+00	3.053600e-01	4.594625e-01
2.652723e+00	-2.957500e-02	4.563259e-01
2.657411e+00	-2.544500e-02	4.553180e-01
2.662099e+00	1.979500e-02	4.553164e-01
2.666787e+00	2.430650e-01	4.563113e-01
2.671475e+00	1.373700e-01	4.556324e-01
2.676164e+00	1.976800e-01	4.558381e-01
2.680852e+00	-1.967200e-01	4.524431e-01
2.685540e+00	4.811400e-01	4.577924e-01
2.690228e+00	4.261950e-01	4.570902e-01
2.694917e+00	1.114850e-01	4.536378e-01
2.699605e+00	3.002900e-01	4.548792e-01
2.704293e+00	8.580000e-01	4.594469e-01
2.708981e+00	5.006350e-01	4.553173e-01
2.713669e+00	-1.365550e-01	4.498486e-01
2.718358e+00	-8.888500e-02	4.494458e-01
2.723046e+00	3.909250e-01	4.535665e-01
2.727734e+00	3.441850e-01	4.527689e-01
2.732422e+00	-5.853000e-02	4.484635e-01
2.737111e+00	-7.858500e-02	4.476420e-01
2.741799e+00	1.103050e-01	4.498299e-01
2.746487e+00	1.202725e+00	4.585497e-01
2.751175e+00	1.958750e-01	4.493996e-01
2.755864e+00	5.410850e-01	4.514844e-01
2.760552e+00	6.258150e-01	4.521630e-01
2.765240e+00	8.374200e-01	4.538017e-01
2.769928e+00	1.171000e-01	4.475756e-01
2.774616e+00	-3.346850e-01	4.430929e-01
2.779305e+00	4.947450e-01	4.497688e-01
2.783993e+00	1.083050e-01	4.457948e-01
2.788681e+00	-2.011150e-01	4.423706e-01
2.793369e+00	-6.008950e-01	4.390450e-01
2.798058e+00	2.884350e-01	4.466223e-01
2.802746e+00	1.566100e-01	4.452407e-01
2.807434e+00	4.402500e-02	4.435699e-01
2.812122e+00	3.620650e-01	4.463020e-01
2.816811e+00	7.789500e-02	4.432897e-01
2.821499e+00	7.819100e-01	4.492202e-01
2.826187e+00	4.995950e-01	4.462355e-01
2.830875e+00	2.051200e-01	4.427890e-01
2.835563e+00	2.848000e-01	4.435747e-01
2.840252e+00	-4.706350e-01	4.360511e-01
2.844940e+00	-4.393900e-01	4.366013e-01
2.849628e+00	-3.191250e-01	4.372231e-01
2.854316e+00	1.266000e-01	4.412530e-01
2.859005e+00	6.905000e-02	4.481721e-01
2.863693e+00	-6.701500e-02	4.570887e-01
2.868381e+00	1.055300e-01	4.644851e-01
2.873069e+00	1.904350e-01	4.703876e-01
2.877758e+00	2.105650e-01	4.745638e-01
2.882446e+00	2.246550e-01	4.767209e-01
2.887134e+00	6.081500e-02	4.763931e-01
2.891822e+00	4.583700e-01	4.821965e-01
2.896510e+00	-2.283250e-01	4.775852e-01
2.901199e+00	-5.919500e-02	4.802888e-01
2.905887e+00	5.041450e-01	4.867233e-01
2.910575e+00	6.416950e-01	4.885693e-01
2.915263e+00	5.253800e-01	4.887435e-01
2.919952e+00	-4.697400e-01	4.796109e-01
2.924640e+00	-1.172100e-01	4.704152e-01
2.929328e+00	6.867450e-01	4.694105e-01
2.934016e+00	1.015605e+00	4.658918e-01
2.938704e+00	4.599200e-01	4.579106e-01
2.943393e+00	4.272000e-02	4.509673e-01
2.948081e+00	3.791150e-01	4.514356e-01
2.952769e+00	6.956800e-01	4.533759e-01
2.957457e+00	1.439500e-01	4.475625e-01
2.962146e+00	2.806300e-01	4.469586e-01
2.966834e+00	9.781450e-01	4.521801e-01
2.971522e+00	6.601000e-01	4.488022e-01
2.976210e+00	-5.800250e-01	4.388302e-01
2.980899e+00	-8.732000e-02	4.424013e-01
2.985587e+00	-4.053850e-01	4.377414e-01
2.990275e+00	1.160350e-01	4.410687e-01
2.994963e+00	2.210500e-01	4.419343e-01
2.999651e+00	1.327550e-01	4.405181e-01
3.004340e+00	3.438600e-01	4.425351e-01
3.009028e+00	3.709900e-01	4.419357e-01
3.013716e+00	1.163135e+00	4.479000e-01
3.018404e+00	5.220650e-01	4.418809e-01
3.023093e+00	3.716250e-01	4.399166e-01
3.027781e+00	4.463600e-01	4.396139e-01
3.032469e+00	-7.269000e-02	4.354691e-01
3.037157e+00	1.139500e-02	4.352570e-01
3.041846e+00	3.908900e-01	4.385988e-01
3.046534e+00	2.287050e-01	4.361238e-01
3.051222e+00	-1.374700e-01	4.326158e-01
3.055910e+00	7.460600e-01	4.393739e-01
3.060598e+00	1.538200e-01	4.349089e-01
3.065287e+00	-2.037250e-01	4.306100e-01
3.069975e+00	-4.689000e-02	4.313708e-01
3.074663e+00	4.903850e-01	4.358187e-01
3.079351e+00	-5.119800e-01	4.265909e-01
3.084040e+00	4.510150e-01	4.342238e-01
3.088728e+00	4.141000e-01	4.335362e-01
3.093416e+00	1.345630e+00	4.412277e-01
3.098104e+00	7.054300e-01	4.351508e-01
3.102793e+00	2.095600e-01	4.310218e-01
3.107481e+00	1.827050e-01	4.305589e-01
3.112169e+00	1.442800e-01	4.293314e-01
3.116857e+00	2.135450e-01	4.296321e-01
3.121545e+00	5.149250e-01	4.313280e-01
3.126234e+00	3.031350e-01	4.301265e-01
3.130922e+00	2.020400e-01	4.285601e-01
3.135610e+00	5.240750e-01	4.307733e-01
3.140298e+00	-6.675000e-02	4.250913e-01
3.144987e+00	-2.144050e-01	4.239259e-01
3.149675e+00	3.545350e-01	4.280545e-01
3.154363e+00	7.773000e-01	4.307303e-01
3.159051e+00	-5.202500e-02	4.238139e-01
3.163739e+00	-4.859250e-01	4.196853e-01
3.168428e+00	5.015000e-03	4.236704e-01
3.173116e+00	5.195050e-01	4.274552e-01
3.177804e+00	9.798050e-01	4.308925e-01
3.182492e+00	2.555650e-01	4.250731e-01
3.187181e+00	4.219000e-01	4.257359e-01
3.191869e+00	4.979350e-01	4.256498e-01
3.196557e+00	2.408400e-01	4.230611e-01
3.201245e+00	-1.581650e-01	4.200482e-01
3.205934e+00	1.993500e-02	4.209996e-01
3.210622e+00	3.228000e-01	4.233154e-01
3.215310e+00	2.850750e-01	4.227196e-01
3.219998e+00	4.770550e-01	4.234053e-01
3.224686e+00	5.963250e-01	4.238634e-01
3.229375e+00	8.471250e-01	4.244757e-01
3.234063e+00	9.269000e-01	4.247872e-01
3.238751e+00	-2.173150e-01	4.154099e-01
3.243439e+00	3.240750e-01	4.190368e-01
3.248128e+00	5.493100e-01	4.205358e-01
3.252816e+00	9.475000e-02	4.172187e-01
3.257504e+00	2.234900e-01	4.171115e-01
3.262192e+00	7.389150e-01	4.214473e-01
3.266881e+00	4.542700e-01	4.180968e-01
3.271569e+00	7.598450e-01	4.203610e-01
3.276257e+00	5.134450e-01	4.186142e-01
3.280945e+00	3.858800e-01	4.175740e-01
3.285633e+00	-3.080350e-01	4.122649e-01
3.290322e+00	3.447500e-02	4.151141e-01
3.295010e+00	-3.182950e-01	4.117439e-01
3.299698e+00	3.172350e-01	4.164660e-01
3.304386e+00	3.456250e-01	4.163659e-01
3.309075e+00	7.400950e-01	4.193952e-01
3.313763e+00	2.930000e-03	4.126685e-01
3.318451e+00	5.701050e-01	4.176566e-01
3.323139e+00	9.089800e-01	4.198216e-01
3.327828e+00	4.138150e-01	4.157732e-01
3.332516e+00	6.093850e-01	4.169715e-01
3.337204e+00	9.275900e-01	4.188465e-01
3.341892e+00	1.288300e-01	4.126895e-01
3.346580e+00	-2.456700e-01	4.084811e-01
3.351269e+00	-9.516000e-02	4.095528e-01
3.355957e+00	6.030500e-02	4.126426e-01
3.360645e+00	1.529000e-01	4.224709e-01
3.365333e+00	2.787000e-01	4.302747e-01
3.370022e+00	6.260950e-01	4.377066e-01
3.374710e+00	4.777150e-01	4.381243e-01
3.379398e+00	4.416700e-01	4.391502e-01
3.384086e+00	4.924150e-01	4.410440e-01
3.388774e+00	9.368500e-02	4.379559e-01
3.393463e+00	3.260050e-01	4.404227e-01
3.398151e+00	7.493800e-01	4.435933e-01
3.402839e+00	9.020350e-01	4.457349e-01
3.407527e+00	2.700650e-01	4.414016e-01
3.412216e+00	3.531850e-01	4.437139e-01
3.416904e+00	1.371635e+00	4.524935e-01
3.421592e+00	1.029070e+00	4.501361e-01
3.426280e+00	4.521000e-01	4.460793e-01
3.430969e+00	1.175900e-01	4.440600e-01
3.435657e+00	6.745500e-01	4.494916e-01
3.440345e+00	8.126500e-02	4.449248e-01
3.445033e+00	-1.873800e-01	4.440227e-01
3.449721e+00	7.306600e-01	4.516669e-01
3.454410e+00	2.382750e-01	4.479845e-01
3.459098e+00	2.747100e-01	4.492233e-01
3.463786e+00	9.191700e-01	4.551672e-01
3.468474e+00	7.330850e-01	4.543520e-01
3.473163e+00	3.528950e-01	4.517188e-01
3.477851e+00	6.312200e-01	4.541129e-01
3.482539e+00	-5.819000e-02	4.488905e-01
3.487227e+00	-1.905500e-02	4.491208e-01
3.491916e+00	4.693600e-01	4.552868e-01
3.496604e+00	4.558800e-01	4.553813e-01
3.501292e+00	9.740550e-01	4.597526e-01
3.505980e+00	9.743500e-02	4.524149e-01
3.510668e+00	2.363200e-01	4.546626e-01
3.515357e+00	-1.689350e-01	4.514058e-01
3.520045e+00	-5.511850e-01	4.479105e-01
3.524733e+00	-2.665700e-01	4.510258e-01
3.529421e+00	-3.343250e-01	4.506081e-01
3.534110e+00	-1.176000e-02	4.536904e-01
3.538798e+00	5.550500e-02	4.551487e-01
3.543486e+00	7.423150e-01	4.617989e-01
3.548174e+00	1.021715e+00	4.654758e-01
3.552863e+00	5.230900e-01	4.614406e-01
3.557551e+00	6.564500e-01	4.633696e-01
3.562239e+00	1.439750e-01	4.584226e-01
3.566927e+00	-2.764050e-01	4.544749e-01
3.571615e+00	-1.348400e-01	4.559593e-01
3.576304e+00	-2.329200e-01	4.557814e-01
3.580992e+00	2.293000e-02	4.583759e-01
3.585680e+00	-9.622000e-02	4.562637e-01
3.590368e+00	1.454800e-01	4.583159e-01
3.595057e+00	3.885900e-01	4.607480e-01
3.599745e+00	-2.637000e-01	4.538174e-01
3.604433e+00	-1.517000e-01	4.549598e-01
3.609121e+00	-2.017000e-02	4.564857e-01
3.613809e+00	4.659000e-02	4.568091e-01
3.618498e+00	-4.071950e-01	4.524609e-01
3.623186e+00	-7.865300e-01	4.490012e-01
3.627874e+00	2.632750e-01	4.594046e-01
3.632562e+00	9.019150e-01	4.657620e-01
3.637251e+00	1.302800e-01	4.596681e-01
3.641939e+00	1.914150e-01	4.600983e-01
3.646627e+00	-1.524950e-01	4.565805e-01
3.651315e+00	-6.747700e-01	4.520938e-01
3.656004e+00	7.059500e-02	4.607081e-01
3.660692e+00	9.782500e-02	4.698982e-01
3.665380e+00	5.030700e-01	4.892537e-01
3.670068e+00	-2.234250e-01	4.898391e-01
3.674756e+00	2.290000e-03	4.993997e-01
3.679445e+00	4.274750e-01	5.096610e-01
3.684133e+00	2.193500e-02	5.088323e-01
3.688821e+00	1.959200e-01	5.139305e-01
3.693509e+00	6.666350e-01	5.214022e-01
3.698198e+00	6.821000e-01	5.239602e-01
3.702886e+00	6.144800e-01	5.266885e-01
3.707574e+00	6.786850e-01	5.300469e-01
3.712262e+00	5.511800e-01	5.319346e-01
3.716951e+00	4.349650e-01	5.331997e-01
3.721639e+00	4.119300e-01	5.351853e-01
3.726327e+00	4.284900e-01	5.370813e-01
3.731015e+00	1.588300e-01	5.362029e-01
3.735703e+00	-1.816400e-01	5.355203e-01
3.740392e+00	3.156600e-01	5.431866e-01
3.745080e+00	2.953550e-01	5.456206e-01
3.749768e+00	4.543000e-02	5.448756e-01
3.754456e+00	2.546000e-02	5.471395e-01
3.759145e+00	1.019650e-01	5.502541e-01
3.763833e+00	1.736500e-02	5.512370e-01
3.768521e+00	4.042900e-01	5.569271e-01
3.773209e+00	2.716800e-01	5.584866e-01
3.777897e+00	3.612800e-01	5.614784e-01
3.782586e+00	3.214900e-01	5.638510e-01
3.787274e+00	1.518400e-01	5.642636e-01
3.791962e+00	4.998500e-01	5.687748e-01
3.796650e+00	8.838750e-01	5.760853e-01
3.801339e+00	1.244330e+00	5.825725e-01
3.806027e+00	3.457500e-02	5.716546e-01
3.810715e+00	-7.679500e-01	5.636300e-01
3.815403e+00	-1.295800e-01	5.739666e-01
3.820092e+00	-8.372550e-01	5.684664e-01
3.824780e+00	-2.581650e-01	5.752871e-01
3.829468e+00	-2.586400e-01	5.788478e-01
3.834156e+00	5.036350e-01	5.885381e-01
3.838844e+00	-2.018050e-01	5.828746e-01
3.843533e+00	3.760550e-01	5.920800e-01
3.848221e+00	5.727100e-01	5.966837e-01
3.852909e+00	2.289100e-01	5.939448e-01
3.857597e+00	-2.648600e-01	5.907673e-01
3.862286e+00	-6.132950e-01	5.894727e-01
3.866974e+00	-4.863400e-01	5.928773e-01
3.871662e+00	2.710000e-03	5.992972e-01
3.876350e+00	7.708550e-01	6.106445e-01
3.881039e+00	2.224900e-01	6.067477e-01
3.885727e+00	7.263500e-02	6.071205e-01
3.890415e+00	5.258000e-02	6.085291e-01
3.895103e+00	4.499550e-01	6.160593e-01
3.899791e+00	1.761050e-01	6.141196e-01
3.904480e+00	4.605800e-01	6.213300e-01
3.909168e+00	4.480250e-01	6.224514e-01
3.913856e+00	9.894500e-02	6.214371e-01
3.918544e+00	6.020150e-01	6.302300e-01
3.923233e+00	9.375100e-01	6.362720e-01
3.927921e+00	-5.436000e-02	6.250426e-01
3.932609e+00	-1.183300e-01	6.266916e-01
3.937297e+00	7.082000e-02	6.301275e-01
3.941986e+00	-1.749000e-01	6.262963e-01
3.946674e+00	8.441100e-01	6.395390e-01
3.951362e+00	7.036500e-01	6.393289e-01
3.956050e+00	5.332950e-01	6.353566e-01
3.960738e+00	-4.248500e-02	6.283343e-01
3.965427e+00	-2.484350e-01	6.271108e-01
3.970115e+00	-1.481400e-01	6.292794e-01
3.974803e+00	-7.852850e-01	6.243312e-01
3.979491e+00	8.417000e-02	6.371295e-01
3.984180e+00	1.088570e+00	6.512667e-01
3.988868e+00	-2.876600e-01	6.381994e-01
3.993556e+00	-1.653000e-02	6.427213e-01
3.998244e+00	3.754800e-01	6.482903e-01
4.002932e+00	1.725800e-01	6.485113e-01
4.007621e+00	2.150400e-01	6.522963e-01
4.012309e+00	-1.200500e-02	6.496903e-01
4.016997e+00	-3.189000e-02	6.511996e-01
4.021685e+00	-2.083900e-01	6.512573e-01
4.026374e+00	-7.466900e-01	6.478277e-01
4.031062e+00	3.477500e-01	6.636250e-01
4.035750e+00	7.190400e-01	6.726311e-01
4.040438e+00	-1.295750e-01	6.637482e-01
4.045127e+00	5.929500e-01	6.741523e-01
4.049815e+00	-1.520950e-01	6.674334e-01
4.054503e+00	8.719750e-01	6.832807e-01
4.059191e+00	1.088565e+00	6.870367e-01
4.063879e+00	5.544500e-01	6.827234e-01
4.068568e+00	2.952750e-01	6.820916e-01
4.073256e+00	2.413000e-01	6.839245e-01
4.077944e+00	3.324850e-01	6.858037e-01
4.082632e+00	2.312000e-02	6.835530e-01
4.087321e+00	2.509600e-01	6.906807e-01
4.092009e+00	4.313450e-01	6.964640e-01
4.096697e+00	-3.683000e-01	6.884216e-01
4.101385e+00	-1.644750e-01	6.909356e-01
4.106074e+00	-3.121450e-01	6.929972e-01
4.110762e+00	1.297700e-01	7.007126e-01
4.115450e+00	6.453700e-01	7.110824e-01
4.120138e+00	7.303750e-01	7.162596e-01
4.124826e+00	-1.118050e-01	7.065938e-01
4.129515e+00	-2.712500e-01	7.083754e-01
4.134203e+00	2.577000e-01	7.161335e-01
4.138891e+00	5.088300e-01	7.231052e-01
4.143579e+00	5.161250e-01	7.253055e-01
4.148268e+00	9.743000e-01	7.357768e-01
4.152956e+00	1.545155e+00	7.462507e-01
4.157644e+00	8.081750e-01	7.357102e-01
4.162332e+00	-3.263950e-01	7.239452e-01
4.167021e+00	-2.328500e-01	7.284259e-01
4.171709e+00	7.386450e-01	7.436603e-01
4.176397e+00	-2.814100e-01	7.323742e-01
4.181085e+00	-4.734500e-02	7.376668e-01
4.185773e+00	5.870800e-01	7.496668e-01
4.190462e+00	8.740450e-01	7.584927e-01
4.195150e+00	9.866400e-01	7.641405e-01
4.199838e+00	1.154315e+00	7.678001e-01
4.204526e+00	1.483360e+00	7.746597e-01
4.209215e+00	6.626400e-01	7.670231e-01
4.213903e+00	6.353200e-01	7.691576e-01
4.218591e+00	-8.350000e-04	7.621421e-01
4.223279e+00	1.974500e-02	7.670604e-01
4.227967e+00	1.069925e+00	7.845840e-01
4.232656e+00	9.038400e-01	7.863483e-01
4.237344e+00	7.725950e-01	7.866635e-01
4.242032e+00	3.839800e-01	7.830693e-01
4.246720e+00	-1.005000e-03	7.797392e-01
4.251409e+00	-8.590250e-01	7.707283e-01
4.256097e+00	-4.412250e-01	7.839679e-01
4.260785e+00	9.502000e-01	8.068525e-01
4.265473e+00	9.756150e-01	8.093223e-01
4.270162e+00	-4.747500e-02	7.970574e-01
4.274850e+00	4.495200e-01	8.120677e-01
4.279538e+00	8.164700e-01	8.222273e-01
4.284226e+00	2.991300e-01	8.136500e-01
4.288914e+00	3.866950e-01	8.184872e-01
4.293603e+00	2.417650e-01	8.171383e-01
4.298291e+00	1.103100e-01	8.187138e-01
4.302979e+00	6.763350e-01	8.302646e-01
4.307667e+00	7.725200e-01	8.371492e-01
4.312356e+00	1.215095e+00	8.461228e-01
4.317044e+00	1.068175e+00	8.492951e-01
4.321732e+00	1.684260e+00	8.607869e-01
4.326420e+00	5.380500e-02	8.402713e-01
4.331109e+00	5.283500e-01	8.527902e-01
4.335797e+00	2.579600e-01	8.487501e-01
4.340485e+00	2.237900e-01	8.550047e-01
4.345173e+00	8.239100e-01	8.673936e-01
4.349861e+00	-2.224100e-01	8.555652e-01
4.354550e+00	2.638100e-01	8.679936e-01
4.359238e+00	2.131150e-01	8.688888e-01
4.363926e+00	3.208650e-01	8.755296e-01
4.368614e+00	-3.057850e-01	8.703010e-01
4.373303e+00	-4.278950e-01	8.709140e-01
4.377991e+00	8.215350e-01	8.976440e-01
4.382679e+00	1.849025e+00	9.174123e-01
4.387367e+00	6.222000e-02	8.899261e-01
4.392056e+00	5.646050e-01	9.048155e-01
4.396744e+00	1.967970e+00	9.344631e-01
4.401432e+00	-4.539100e-01	8.959577e-01
4.406120e+00	-5.264350e-01	8.962817e-01
4.410808e+00	-8.350000e-03	9.082469e-01
4.415497e+00	1.011565e+00	9.265119e-01
4.420185e+00	-2.039300e-01	9.033683e-01
4.424873e+00	-7.341100e-01	8.937757e-01
4.429561e+00	1.954800e-01	9.137633e-01
4.434250e+00	9.357500e-02	9.137474e-01
4.438938e+00	4.685450e-01	9.197812e-01
4.443626e+00	1.367465e+00	9.377098e-01
4.448314e+00	-1.584900e-01	9.119081e-01
4.453002e+00	-5.856850e-01	9.083552e-01
4.457691e+00	-3.586450e-01	9.180834e-01
4.462379e+00	-1.862650e-01	9.267498e-01
4.467067e+00	-1.673450e-01	9.292788e-01
4.471755e+00	-5.723500e-02	9.376682e-01
4.476444e+00	-5.584550e-01	9.333595e-01
4.481132e+00	-1.136355e+00	9.283288e-01
4.485820e+00	-1.072060e+00	9.347375e-01
4.490508e+00	9.641300e-01	9.770011e-01
4.495197e+00	-3.901750e-01	9.543089e-01
4.499885e+00	-3.942250e-01	9.620408e-01
4.504573e+00	-1.510050e-01	9.704672e-01
4.509261e+00	-9.741000e-02	9.775730e-01
4.513949e+00	6.925000e-03	9.861989e-01
4.518638e+00	-3.091500e-02	9.906874e-01
4.523326e+00	4.895200e-01	1.005200e+00
4.528014e+00	8.186100e-01	1.014413e+00
4.532702e+00	-4.739150e-01	1.001099e+00
4.537391e+00	2.677350e-01	1.020547e+00
4.542079e+00	2.218500e-02	1.022335e+00
4.546767e+00	-6.702450e-01	1.010764e+00
4.551455e+00	-1.406215e+00	1.005249e+00
4.556144e+00	1.901785e+00	1.079985e+00
4.560832e+00	-2.560550e-01	1.039613e+00
4.565520e+00	-7.100650e-01	1.038075e+00
4.570208e+00	-5.674200e-01	1.048744e+00
4.574896e+00	1.258500e-02	1.065385e+00
4.579585e+00	-5.196850e-01	1.063616e+00
4.584273e+00	4.221800e-01	1.092853e+00
4.588961e+00	-9.223550e-01	1.072295e+00
4.593649e+00	-1.006025e+00	1.072999e+00
4.598338e+00	-9.520500e-02	1.100448e+00
4.603026e+00	-9.822150e-01	1.089708e+00
4.607714e+00	2.130100e-01	1.126962e+00
4.612402e+00	1.275225e+00	1.155048e+00
4.617091e+00	7.671300e-01	1.150091e+00
4.621779e+00	-5.154100e-01	1.128665e+00
4.626467e+00	-7.777800e-01	1.134003e+00
4.631155e+00	-1.236095e+00	1.131763e+00
4.635843e+00	9.666400e-01	1.185905e+00
4.640532e+00	1.249295e+00	1.205169e+00
4.645220e+00	-2.874050e-01	1.181612e+00
4.649908e+00	-4.642150e-01	1.188071e+00
4.654596e+00	1.561755e+00	1.243583e+00
4.659285e+00	-4.473500e-02	1.215544e+00
4.663973e+00	6.630700e-01	1.241403e+00
4.668661e+00	-7.162600e-01	1.218392e+00
4.673349e+00	-1.110690e+00	1.218565e+00
4.678037e+00	-1.094985e+00	1.231169e+00
4.682726e+00	-1.467600e-01	1.262610e+00
4.687414e+00	9.790250e-01	1.303391e+00
4.692102e+00	-6.446150e-01	1.271651e+00
4.696790e+00	-5.187850e-01	1.290334e+00
4.701479e+00	9.500050e-01	1.341086e+00
4.706167e+00	1.468360e+00	1.365736e+00
4.710855e+00	1.597360e+00	1.377206e+00
4.715543e+00	-3.415050e-01	1.341368e+00
4.720232e+00	-2.236800e+00	1.305163e+00
4.724920e+00	-6.624000e-01	1.360551e+00
4.729608e+00	-1.056380e+00	1.365265e+00
4.734296e+00	-3.122135e+00	1.315936e+00
4.738984e+00	-3.092350e-01	1.413620e+00
4.743673e+00	6.582900e-01	1.458853e+00
4.748361e+00	5.234100e-01	1.467963e+00
4.753049e+00	1.300885e+00	1.502320e+00
4.757737e+00	3.576400e-01	1.503927e+00
4.762426e+00	2.623005e+00	1.585408e+00
4.767114e+00	8.816900e-01	1.555557e+00
4.771802e+00	-4.317450e-01	1.532482e+00
4.776490e+00	6.220100e-01	1.575724e+00
4.781179e+00	7.069500e-02	1.591065e+00
4.785867e+00	3.339850e-01	1.621063e+00
4.790555e+00	2.808400e-01	1.641339e+00
4.795243e+00	2.773600e-01	1.661878e+00
4.799931e+00	-3.822900e-01	1.669940e+00
4.804620e+00	-1.674710e+00	1.641800e+00
4.809308e+00	1.114550e+00	1.771326e+00
4.813996e+00	4.252100e-01	1.777775e+00
4.818684e+00	-4.735200e-01	1.772630e+00
4.823373e+00	-5.256200e-01	1.794983e+00
4.828061e+00	1.606270e+00	1.903246e+00
4.832749e+00	8.136400e-01	1.917934e+00
4.837437e+00	1.202245e+00	1.977200e+00
4.842125e+00	1.136535e+00	2.011491e+00
4.846814e+00	3.083850e-01	2.016077e+00
4.851502e+00	9.659000e-01	2.089899e+00
4.856190e+00	9.907100e-01	2.125047e+00
4.860878e+00	-1.985700e-01	2.123627e+00
4.865567e+00	1.630950e-01	2.201121e+00
4.870255e+00	2.132905e+00	2.333121e+00
4.874943e+00	1.407000e-01	2.311360e+00
4.879631e+00	4.648000e-01	2.392205e+00
4.884320e+00	3.362335e+00	2.605940e+00
4.889008e+00	3.773350e-01	2.543031e+00
4.893696e+00	1.196075e+00	2.679642e+00
4.898384e+00	1.805840e+00	2.822240e+00
4.903072e+00	1.025030e+00	2.893764e+00
4.907761e+00	-2.982495e+00	2.788536e+00
4.912449e+00	8.901000e-02	4.161868e+00
4.917137e+00	1.526707e+01	1.487106e+01
