# Sample description: GI
# Parent(s): ../20151214/GI_no_protection/1d/GI_np_030_00042.dat
# No protection
3.200246e-02	2.040200e+01	1.974636e+01
3.669069e-02	9.913720e+01	1.655788e+01
4.137892e-02	1.934856e+02	1.507746e+01
4.606715e-02	2.274910e+02	1.202990e+01
5.075538e-02	2.296471e+02	9.562412e+00
5.544361e-02	2.174955e+02	7.928194e+00
6.013183e-02	2.129436e+02	6.975386e+00
6.482006e-02	2.109352e+02	6.300849e+00
6.950829e-02	1.984251e+02	5.668824e+00
7.419652e-02	1.916561e+02	5.185278e+00
7.888475e-02	1.936126e+02	4.900275e+00
8.357298e-02	1.848983e+02	4.575313e+00
8.826121e-02	1.879253e+02	4.392497e+00
9.294944e-02	1.869024e+02	4.197561e+00
9.763767e-02	1.832675e+02	4.003713e+00
1.023259e-01	1.840422e+02	3.875368e+00
1.070141e-01	1.810695e+02	3.734814e+00
1.117024e-01	1.713553e+02	3.549018e+00
1.163906e-01	1.729490e+02	3.457886e+00
1.210788e-01	1.709738e+02	3.358984e+00
1.257670e-01	1.721433e+02	3.288900e+00
1.304553e-01	1.709887e+02	3.210197e+00
1.351435e-01	1.683647e+02	3.119079e+00
1.398317e-01	1.662173e+02	3.039921e+00
1.445200e-01	1.653593e+02	2.973206e+00
1.492082e-01	1.649914e+02	2.917060e+00
1.538964e-01	1.656829e+02	2.866082e+00
1.585846e-01	1.693839e+02	2.840309e+00
1.632729e-01	1.697892e+02	2.797320e+00
1.679611e-01	1.654110e+02	2.724596e+00
1.726493e-01	1.629313e+02	2.664141e+00
1.773376e-01	1.624686e+02	2.617420e+00
1.820258e-01	1.618962e+02	2.577245e+00
1.867140e-01	1.579876e+02	2.517379e+00
1.914022e-01	1.561402e+02	2.471401e+00
1.960905e-01	1.565848e+02	2.437711e+00
2.007787e-01	1.558011e+02	2.404973e+00
2.054669e-01	1.546714e+02	2.368996e+00
2.101552e-01	1.515976e+02	2.321474e+00
2.148434e-01	1.512901e+02	2.289326e+00
2.195316e-01	1.516615e+02	2.264720e+00
2.242199e-01	1.509159e+02	2.234937e+00
2.289081e-01	1.457176e+02	2.179197e+00
2.335963e-01	1.434615e+02	2.140950e+00
2.382845e-01	1.428405e+02	2.113403e+00
2.429728e-01	1.442358e+02	2.100455e+00
2.476610e-01	1.443538e+02	2.080973e+00
2.523492e-01	1.426457e+02	2.049626e+00
2.570375e-01	1.408476e+02	2.017050e+00
2.617257e-01	1.379213e+02	1.981009e+00
2.664139e-01	1.363615e+02	1.953763e+00
2.711021e-01	1.335687e+02	1.919871e+00
2.757904e-01	1.353333e+02	1.911846e+00
2.804786e-01	1.360277e+02	1.900615e+00
2.851668e-01	1.329741e+02	1.867051e+00
2.898551e-01	1.300060e+02	1.833385e+00
2.945433e-01	1.270816e+02	1.801514e+00
2.992315e-01	1.274806e+02	1.829656e+00
3.039197e-01	1.250661e+02	1.828872e+00
3.086080e-01	1.227704e+02	1.821102e+00
3.132962e-01	1.220990e+02	1.816495e+00
3.179844e-01	1.204250e+02	1.805737e+00
3.226727e-01	1.199769e+02	1.803284e+00
3.273609e-01	1.198784e+02	1.800071e+00
3.320491e-01	1.169909e+02	1.778471e+00
3.367374e-01	1.142174e+02	1.757396e+00
3.414256e-01	1.120254e+02	1.739695e+00
3.461138e-01	1.116957e+02	1.734414e+00
3.508020e-01	1.091314e+02	1.713467e+00
3.554903e-01	1.097948e+02	1.711027e+00
3.601785e-01	1.078902e+02	1.695837e+00
3.648667e-01	1.048669e+02	1.689052e+00
3.695550e-01	1.050614e+02	1.728179e+00
3.742432e-01	1.032543e+02	1.736265e+00
3.789314e-01	9.943957e+01	1.726168e+00
3.836196e-01	9.898354e+01	1.733228e+00
3.883079e-01	9.713897e+01	1.730703e+00
3.929961e-01	9.599650e+01	1.738484e+00
3.976843e-01	9.599850e+01	1.761024e+00
4.023726e-01	9.237766e+01	1.752749e+00
4.070608e-01	9.108803e+01	1.750315e+00
4.117490e-01	9.154474e+01	1.757267e+00
4.164372e-01	8.810357e+01	1.733395e+00
4.211255e-01	8.680836e+01	1.727338e+00
4.258137e-01	8.593198e+01	1.721898e+00
4.305019e-01	8.510369e+01	1.714632e+00
4.351902e-01	8.379414e+01	1.700821e+00
4.398784e-01	8.360241e+01	1.696966e+00
4.445666e-01	8.158648e+01	1.702448e+00
4.492548e-01	8.108007e+01	1.755261e+00
4.539431e-01	7.844544e+01	1.765691e+00
4.586313e-01	7.717767e+01	1.780249e+00
4.633195e-01	7.524152e+01	1.788128e+00
4.680078e-01	7.476111e+01	1.803406e+00
4.726960e-01	7.180324e+01	1.797479e+00
4.773842e-01	7.324042e+01	1.827832e+00
4.820725e-01	7.063547e+01	1.822203e+00
4.867607e-01	6.739180e+01	1.809491e+00
4.914489e-01	6.726018e+01	1.821263e+00
4.961371e-01	6.753201e+01	1.841616e+00
5.008254e-01	6.489317e+01	1.829166e+00
5.055136e-01	6.689601e+01	1.865569e+00
5.102018e-01	6.492626e+01	1.804620e+00
5.148901e-01	6.187990e+01	1.711281e+00
5.195783e-01	5.945915e+01	1.660047e+00
5.242665e-01	5.998728e+01	1.644648e+00
5.289547e-01	5.704035e+01	1.601406e+00
5.336430e-01	5.409878e+01	1.558610e+00
5.383312e-01	5.524481e+01	1.555884e+00
5.430194e-01	5.384290e+01	1.535359e+00
5.477077e-01	5.303522e+01	1.518557e+00
5.523959e-01	5.391494e+01	1.517651e+00
5.570841e-01	5.256873e+01	1.497579e+00
5.617723e-01	5.077527e+01	1.474505e+00
5.664606e-01	4.919776e+01	1.452546e+00
5.711488e-01	4.790290e+01	1.434430e+00
5.758370e-01	4.684666e+01	1.415996e+00
5.805253e-01	4.558413e+01	1.395988e+00
5.852135e-01	4.551003e+01	1.383501e+00
5.899017e-01	4.495145e+01	1.370087e+00
5.945900e-01	4.245249e+01	1.336637e+00
5.992782e-01	3.990776e+01	1.301716e+00
6.039664e-01	3.862262e+01	1.282419e+00
6.086546e-01	4.007550e+01	1.288440e+00
6.133429e-01	3.919390e+01	1.270978e+00
6.180311e-01	3.809708e+01	1.254633e+00
6.227193e-01	3.806659e+01	1.245558e+00
6.274076e-01	3.701546e+01	1.231233e+00
6.320958e-01	3.504192e+01	1.207587e+00
6.367840e-01	3.437751e+01	1.198034e+00
6.414722e-01	3.310138e+01	1.181762e+00
6.461605e-01	3.255794e+01	1.173728e+00
6.508487e-01	3.128005e+01	1.159798e+00
6.555369e-01	3.104476e+01	1.152110e+00
6.602252e-01	3.073685e+01	1.147585e+00
6.649134e-01	3.007637e+01	1.138365e+00
6.696016e-01	2.875568e+01	1.121601e+00
6.742898e-01	2.666013e+01	1.096669e+00
6.789781e-01	2.758296e+01	1.105839e+00
6.836663e-01	2.750948e+01	1.102641e+00
6.883545e-01	2.606017e+01	1.084531e+00
6.930428e-01	2.538609e+01	1.075240e+00
6.977310e-01	2.577700e+01	1.076495e+00
7.024192e-01	2.361974e+01	1.051562e+00
7.071074e-01	2.341393e+01	1.047406e+00
7.117957e-01	2.260034e+01	1.036914e+00
7.164839e-01	2.082768e+01	1.015051e+00
7.211721e-01	2.164209e+01	1.021799e+00
7.258604e-01	2.129046e+01	1.015204e+00
7.305486e-01	1.970346e+01	9.967263e-01
7.352368e-01	1.915653e+01	9.886501e-01
7.399251e-01	1.900693e+01	9.840485e-01
7.446133e-01	1.840285e+01	9.757963e-01
7.493015e-01	2.072374e+01	1.000637e+00
7.539897e-01	1.834352e+01	9.703207e-01
7.586780e-01	1.648460e+01	9.486452e-01
7.633662e-01	1.727961e+01	9.564317e-01
7.680544e-01	1.566276e+01	9.361381e-01
7.727427e-01	1.672284e+01	9.447467e-01
7.774309e-01	1.512826e+01	9.263851e-01
7.821191e-01	1.434438e+01	9.158925e-01
7.868073e-01	1.406219e+01	9.093060e-01
7.914956e-01	1.441122e+01	9.123063e-01
7.961838e-01	1.283219e+01	8.922632e-01
8.008720e-01	1.118005e+01	8.722124e-01
8.055603e-01	1.262933e+01	8.873699e-01
8.102485e-01	1.231305e+01	8.833978e-01
8.149367e-01	1.193088e+01	8.754141e-01
8.196249e-01	1.158420e+01	8.688829e-01
8.243132e-01	1.267712e+01	8.795337e-01
8.290014e-01	1.220624e+01	8.730519e-01
8.336896e-01	1.099258e+01	8.581350e-01
8.383779e-01	1.073788e+01	8.526285e-01
8.430661e-01	1.098874e+01	8.546435e-01
8.477543e-01	9.283920e+00	8.349828e-01
8.524425e-01	1.036975e+01	8.450696e-01
8.571308e-01	1.048277e+01	8.458593e-01
8.618190e-01	8.745370e+00	8.214989e-01
8.665072e-01	8.264750e+00	8.135052e-01
8.711955e-01	8.563440e+00	8.153976e-01
8.758837e-01	8.021045e+00	8.083369e-01
8.805719e-01	8.217470e+00	8.095544e-01
8.852602e-01	7.257480e+00	7.978838e-01
8.899484e-01	7.689250e+00	8.001259e-01
8.946366e-01	7.247225e+00	7.934219e-01
8.993248e-01	6.878085e+00	7.876662e-01
9.040131e-01	6.067125e+00	7.771844e-01
9.087013e-01	6.233355e+00	7.776018e-01
9.133895e-01	6.858280e+00	7.824643e-01
9.180778e-01	6.159485e+00	7.709711e-01
9.227660e-01	6.053160e+00	7.681506e-01
9.274542e-01	5.602690e+00	7.633322e-01
9.321424e-01	5.248300e+00	7.558371e-01
9.368307e-01	4.117275e+00	7.424090e-01
9.415189e-01	5.906715e+00	7.625836e-01
9.462071e-01	5.324620e+00	7.554335e-01
9.508954e-01	5.466165e+00	7.533430e-01
9.555836e-01	4.352155e+00	7.392460e-01
9.602718e-01	3.534760e+00	7.302671e-01
9.649600e-01	3.532055e+00	7.273438e-01
9.696483e-01	3.940905e+00	7.304715e-01
9.743365e-01	4.040645e+00	7.317844e-01
9.790247e-01	4.594545e+00	7.356461e-01
9.837130e-01	4.642475e+00	7.355190e-01
9.884012e-01	4.358035e+00	7.302318e-01
9.930894e-01	3.914040e+00	7.239110e-01
9.977777e-01	3.401345e+00	7.160430e-01
1.002466e+00	3.949715e+00	7.227770e-01
1.007154e+00	4.302560e+00	7.240387e-01
1.011842e+00	3.740515e+00	7.159164e-01
1.016531e+00	3.623530e+00	7.150346e-01
1.021219e+00	3.125190e+00	7.071788e-01
1.025907e+00	2.818205e+00	7.021126e-01
1.030595e+00	3.171760e+00	7.053498e-01
1.035283e+00	3.149870e+00	7.037914e-01
1.039972e+00	2.175140e+00	6.916451e-01
1.044660e+00	2.869635e+00	6.998729e-01
1.049348e+00	3.843990e+00	7.089462e-01
1.054036e+00	2.836095e+00	6.954683e-01
1.058725e+00	2.918755e+00	6.944476e-01
1.063413e+00	3.565120e+00	7.021306e-01
1.068101e+00	3.415850e+00	6.994554e-01
1.072789e+00	1.883835e+00	6.794216e-01
1.077478e+00	1.455505e+00	6.730616e-01
1.082166e+00	1.665455e+00	6.745943e-01
1.086854e+00	2.542840e+00	6.844356e-01
1.091542e+00	2.329885e+00	6.792305e-01
1.096230e+00	2.782695e+00	6.833919e-01
1.100919e+00	2.870015e+00	6.840556e-01
1.105607e+00	2.141885e+00	6.749391e-01
1.110295e+00	2.148220e+00	6.736294e-01
1.114983e+00	1.866000e+00	6.689141e-01
1.119672e+00	2.474455e+00	6.754308e-01
1.124360e+00	2.020465e+00	6.693147e-01
1.129048e+00	1.104050e+00	6.563742e-01
1.133736e+00	1.963300e+00	6.649159e-01
1.138425e+00	2.262785e+00	6.686883e-01
1.143113e+00	1.702685e+00	6.596814e-01
1.147801e+00	2.395485e+00	6.683273e-01
1.152489e+00	2.411675e+00	6.664107e-01
1.157177e+00	2.193915e+00	6.620617e-01
1.161866e+00	1.730710e+00	6.567521e-01
1.166554e+00	2.099090e+00	6.592782e-01
1.171242e+00	2.001055e+00	6.581636e-01
1.175930e+00	1.504280e+00	6.506165e-01
1.180619e+00	2.346580e+00	6.594954e-01
1.185307e+00	2.434940e+00	6.597214e-01
1.189995e+00	2.973260e+00	6.655016e-01
1.194683e+00	2.412260e+00	6.575415e-01
1.199372e+00	2.012540e+00	6.522695e-01
1.204060e+00	2.290675e+00	6.547994e-01
1.208748e+00	1.810075e+00	6.497493e-01
1.213436e+00	1.694710e+00	6.459336e-01
1.218124e+00	2.126195e+00	6.491871e-01
1.222813e+00	1.286850e+00	6.394254e-01
1.227501e+00	2.069555e+00	6.475327e-01
1.232189e+00	2.091515e+00	6.472595e-01
1.236877e+00	2.015125e+00	6.439658e-01
1.241566e+00	1.206045e+00	6.333969e-01
1.246254e+00	1.501695e+00	6.382379e-01
1.250942e+00	1.794970e+00	6.556373e-01
1.255630e+00	1.123820e+00	6.656124e-01
1.260318e+00	1.389370e+00	6.793159e-01
1.265007e+00	2.120960e+00	6.963089e-01
1.269695e+00	1.674290e+00	6.986289e-01
1.274383e+00	1.519505e+00	7.040712e-01
1.279071e+00	1.264665e+00	7.090736e-01
1.283760e+00	2.316265e+00	7.276425e-01
1.288448e+00	3.234815e+00	7.451235e-01
1.293136e+00	2.081775e+00	7.353153e-01
1.297824e+00	2.625480e+00	7.482096e-01
1.302513e+00	1.909520e+00	7.441958e-01
1.307201e+00	4.827300e-01	7.269901e-01
1.311889e+00	2.145865e+00	7.480336e-01
1.316577e+00	2.475035e+00	7.280415e-01
1.321265e+00	2.139670e+00	7.050999e-01
1.325954e+00	2.827255e+00	7.010777e-01
1.330642e+00	1.495890e+00	6.756019e-01
1.335330e+00	1.671525e+00	6.687857e-01
1.340018e+00	2.226625e+00	6.700002e-01
1.344707e+00	1.402765e+00	6.556457e-01
1.349395e+00	2.109660e+00	6.582880e-01
1.354083e+00	1.937290e+00	6.507347e-01
1.358771e+00	1.248530e+00	6.384881e-01
1.363460e+00	8.783200e-01	6.315202e-01
1.368148e+00	2.565740e+00	6.487967e-01
1.372836e+00	2.786110e+00	6.479676e-01
1.377524e+00	9.694900e-01	6.262564e-01
1.382212e+00	3.976450e-01	6.187562e-01
1.386901e+00	1.294110e+00	6.277361e-01
1.391589e+00	1.090000e+00	6.237531e-01
1.396277e+00	1.782975e+00	6.309660e-01
1.400965e+00	1.904635e+00	6.313005e-01
1.405654e+00	1.451100e+00	6.251851e-01
1.410342e+00	1.720965e+00	6.267603e-01
1.415030e+00	9.064250e-01	6.164219e-01
1.419718e+00	1.512270e+00	6.229134e-01
1.424406e+00	2.021715e+00	6.260729e-01
1.429095e+00	1.082205e+00	6.138360e-01
1.433783e+00	1.219775e+00	6.150644e-01
1.438471e+00	1.114350e+00	6.132479e-01
1.443159e+00	2.280780e+00	6.245038e-01
1.447848e+00	1.399125e+00	6.133137e-01
1.452536e+00	1.085080e+00	6.093629e-01
1.457224e+00	1.625900e+00	6.139467e-01
1.461912e+00	1.671075e+00	6.144596e-01
1.466601e+00	1.000290e+00	6.046102e-01
1.471289e+00	1.029300e+00	6.042531e-01
1.475977e+00	1.035865e+00	6.042118e-01
1.480665e+00	1.468900e+00	6.078007e-01
1.485353e+00	1.740955e+00	6.209894e-01
1.490042e+00	1.294925e+00	6.345958e-01
1.494730e+00	5.117250e-01	6.358263e-01
1.499418e+00	1.339555e+00	6.524538e-01
1.504106e+00	2.225870e+00	6.710186e-01
1.508795e+00	7.102600e-01	6.590476e-01
1.513483e+00	9.165300e-01	6.483084e-01
1.518171e+00	3.431550e-01	6.265442e-01
1.522859e+00	7.260100e-01	6.195027e-01
1.527548e+00	4.079950e-01	6.103758e-01
1.532236e+00	6.649300e-01	6.079332e-01
1.536924e+00	1.116025e+00	6.083337e-01
1.541612e+00	1.030230e+00	6.033043e-01
1.546300e+00	1.312505e+00	6.057048e-01
1.550989e+00	4.394000e-01	5.940831e-01
1.555677e+00	1.055635e+00	5.979413e-01
1.560365e+00	8.773050e-01	5.915190e-01
1.565053e+00	2.009270e+00	6.022881e-01
1.569742e+00	1.474475e+00	5.934250e-01
1.574430e+00	1.167215e+00	5.885903e-01
1.579118e+00	1.401970e+00	5.917279e-01
1.583806e+00	1.160985e+00	5.898003e-01
1.588495e+00	8.908150e-01	5.880367e-01
1.593183e+00	1.533860e+00	5.953759e-01
1.597871e+00	1.110020e+00	5.895144e-01
1.602559e+00	1.452360e+00	5.927483e-01
1.607247e+00	9.758550e-01	5.866502e-01
1.611936e+00	1.010515e+00	5.861413e-01
1.616624e+00	6.763800e-01	5.801631e-01
1.621312e+00	7.744350e-01	5.813141e-01
1.626000e+00	1.915510e+00	5.924161e-01
1.630689e+00	7.241650e-01	5.799838e-01
1.635377e+00	7.213600e-01	5.776331e-01
1.640065e+00	7.682450e-01	5.769372e-01
1.644753e+00	1.343985e+00	5.836624e-01
1.649441e+00	1.548720e+00	5.853076e-01
1.654130e+00	5.708250e-01	5.733430e-01
1.658818e+00	1.035325e+00	5.781707e-01
1.663506e+00	1.001025e+00	5.762771e-01
1.668194e+00	1.135685e+00	5.765566e-01
1.672883e+00	8.632500e-01	5.732805e-01
1.677571e+00	1.218125e+00	5.755413e-01
1.682259e+00	7.542500e-01	5.711867e-01
1.686947e+00	3.905650e-01	5.644630e-01
1.691636e+00	8.178000e-01	5.689064e-01
1.696324e+00	6.372650e-01	5.664162e-01
1.701012e+00	1.192495e+00	5.701838e-01
1.705700e+00	1.044535e+00	5.696998e-01
1.710388e+00	6.942100e-01	5.648639e-01
1.715077e+00	8.479650e-01	5.653178e-01
1.719765e+00	1.550670e+00	5.719139e-01
1.724453e+00	1.036875e+00	5.665816e-01
1.729141e+00	2.261700e-01	5.571613e-01
1.733830e+00	7.206200e-01	5.599662e-01
1.738518e+00	2.836900e-01	5.551895e-01
1.743206e+00	1.174800e-01	5.533073e-01
1.747894e+00	1.249395e+00	5.647915e-01
1.752583e+00	1.358065e+00	5.654160e-01
1.757271e+00	6.936550e-01	5.569169e-01
1.761959e+00	-2.370850e-01	5.473888e-01
1.766647e+00	2.403500e-01	5.513184e-01
1.771335e+00	-3.053250e-01	5.445251e-01
1.776024e+00	-4.740500e-02	5.468585e-01
1.780712e+00	1.245550e-01	5.491013e-01
1.785400e+00	9.035050e-01	5.548699e-01
1.790088e+00	7.116700e-01	5.515002e-01
1.794777e+00	6.216700e-01	5.518637e-01
1.799465e+00	3.050400e-01	5.469768e-01
1.804153e+00	1.613050e-01	5.443552e-01
1.808841e+00	3.956450e-01	5.462963e-01
1.813530e+00	8.676250e-01	5.502838e-01
1.818218e+00	9.177300e-01	5.500827e-01
1.822906e+00	5.294150e-01	5.464313e-01
1.827594e+00	6.074600e-01	5.462652e-01
1.832282e+00	9.593300e-01	5.476688e-01
1.836971e+00	2.587000e-01	5.414370e-01
1.841659e+00	9.955650e-01	5.478891e-01
1.846347e+00	4.179650e-01	5.416804e-01
1.851035e+00	-4.397000e-02	5.349750e-01
1.855724e+00	6.878550e-01	5.428343e-01
1.860412e+00	7.921450e-01	5.436371e-01
1.865100e+00	-8.407000e-02	5.335796e-01
1.869788e+00	6.817850e-01	5.406143e-01
1.874476e+00	5.032450e-01	5.393830e-01
1.879165e+00	1.145300e-01	5.336667e-01
1.883853e+00	6.990600e-01	5.386364e-01
1.888541e+00	7.691100e-01	5.384231e-01
1.893229e+00	4.040850e-01	5.350941e-01
1.897918e+00	4.301100e-01	5.348571e-01
1.902606e+00	8.999950e-01	5.387309e-01
1.907294e+00	6.259400e-01	5.354255e-01
1.911982e+00	4.915650e-01	5.327512e-01
1.916671e+00	3.792950e-01	5.312266e-01
1.921359e+00	7.819500e-02	5.275935e-01
1.926047e+00	-4.279950e-01	5.225622e-01
1.930735e+00	-2.278550e-01	5.231691e-01
1.935423e+00	9.007500e-02	5.254237e-01
1.940112e+00	4.914250e-01	5.279498e-01
1.944800e+00	1.685300e+00	5.399175e-01
1.949488e+00	1.986200e-01	5.238001e-01
1.954176e+00	2.962000e-02	5.215897e-01
1.958865e+00	-1.542050e-01	5.168686e-01
1.963553e+00	2.465700e-01	5.213063e-01
1.968241e+00	6.916000e-02	5.181653e-01
1.972929e+00	7.143500e-01	5.245651e-01
1.977618e+00	4.286500e-02	5.170842e-01
1.982306e+00	4.634900e-01	5.204427e-01
1.986994e+00	-2.409200e-01	5.133078e-01
1.991682e+00	6.313450e-01	5.224407e-01
1.996370e+00	1.041665e+00	5.253801e-01
2.001059e+00	1.135650e-01	5.184206e-01
2.005747e+00	-1.131950e-01	5.150167e-01
2.010435e+00	2.771950e-01	5.182227e-01
2.015123e+00	2.541750e-01	5.176733e-01
2.019812e+00	6.645250e-01	5.213692e-01
2.024500e+00	1.115600e+00	5.252707e-01
2.029188e+00	1.757330e+00	5.307158e-01
2.033876e+00	8.925200e-01	5.213802e-01
2.038565e+00	-1.502300e-01	5.094549e-01
2.043253e+00	4.314650e-01	5.158425e-01
2.047941e+00	6.699150e-01	5.187061e-01
2.052629e+00	7.094800e-01	5.213926e-01
2.057317e+00	1.412950e-01	5.300514e-01
2.062006e+00	-3.027200e-01	5.343273e-01
2.066694e+00	7.803200e-01	5.527155e-01
2.071382e+00	7.661950e-01	5.576307e-01
2.076070e+00	1.161670e+00	5.678839e-01
2.080759e+00	8.963400e-01	5.700606e-01
2.085447e+00	9.255600e-01	5.735538e-01
2.090135e+00	1.340360e+00	5.806277e-01
2.094823e+00	1.303305e+00	5.817785e-01
2.099511e+00	3.592000e-01	5.735687e-01
2.104200e+00	-1.673300e-01	5.686852e-01
2.108888e+00	1.327900e-01	5.729555e-01
2.113576e+00	1.974900e-01	5.751618e-01
2.118264e+00	4.283900e-01	5.719528e-01
2.122953e+00	6.960500e-01	5.591243e-01
2.127641e+00	4.250100e-01	5.453437e-01
2.132329e+00	5.020850e-01	5.410119e-01
2.137017e+00	-7.101500e-02	5.291188e-01
2.141706e+00	1.533650e-01	5.265670e-01
2.146394e+00	3.673450e-01	5.250717e-01
2.151082e+00	7.496150e-01	5.257320e-01
2.155770e+00	6.479500e-01	5.224694e-01
2.160458e+00	5.213450e-01	5.207393e-01
2.165147e+00	1.286760e+00	5.272458e-01
2.169835e+00	6.408100e-01	5.192093e-01
2.174523e+00	5.825900e-01	5.176575e-01
2.179211e+00	3.230250e-01	5.143882e-01
2.183900e+00	3.303050e-01	5.136443e-01
2.188588e+00	3.055700e-01	5.123141e-01
2.193276e+00	5.323600e-01	5.136726e-01
2.197964e+00	2.287650e-01	5.093276e-01
2.202653e+00	2.166350e-01	5.090150e-01
2.207341e+00	3.884350e-01	5.100471e-01
2.212029e+00	2.152700e-01	5.073300e-01
2.216717e+00	2.073300e-01	5.062934e-01
2.221405e+00	-2.402700e-01	5.018709e-01
2.226094e+00	-5.873400e-01	4.971564e-01
2.230782e+00	-1.121450e-01	5.005964e-01
2.235470e+00	2.980700e-01	5.042926e-01
2.240158e+00	5.774800e-01	5.067709e-01
2.244847e+00	3.706300e-01	5.039429e-01
2.249535e+00	-4.476300e-01	4.948307e-01
2.254223e+00	1.123750e-01	4.993678e-01
2.258911e+00	9.249500e-02	4.982268e-01
2.263600e+00	1.410100e-01	4.990431e-01
2.268288e+00	8.782800e-01	5.058037e-01
2.272976e+00	2.584500e-02	4.967643e-01
2.277664e+00	1.049055e+00	5.060054e-01
2.282352e+00	3.548600e-01	4.978970e-01
2.287041e+00	2.847900e-01	4.975370e-01
2.291729e+00	3.564750e-01	4.971941e-01
2.296417e+00	8.063400e-01	5.005517e-01
2.301105e+00	3.192200e-01	4.955216e-01
2.305794e+00	2.704500e-02	4.917607e-01
2.310482e+00	-8.190500e-02	4.899242e-01
2.315170e+00	4.685550e-01	4.955508e-01
2.319858e+00	3.286000e-02	4.902309e-01
2.324546e+00	3.966100e-01	4.934469e-01
2.329235e+00	-3.435750e-01	4.846572e-01
2.333923e+00	4.132200e-01	4.925085e-01
2.338611e+00	1.475110e+00	5.019372e-01
2.343299e+00	-2.818950e-01	4.851419e-01
2.347988e+00	2.851700e-01	4.881772e-01
2.352676e+00	1.270850e-01	4.869277e-01
2.357364e+00	4.368450e-01	4.895429e-01
2.362052e+00	4.504050e-01	4.891909e-01
2.366741e+00	5.663100e-01	4.909468e-01
2.371429e+00	6.803450e-01	4.907377e-01
2.376117e+00	6.628800e-01	4.900412e-01
2.380805e+00	1.889650e-01	4.850869e-01
2.385493e+00	1.917500e-01	4.843883e-01
2.390182e+00	1.263150e-01	4.836125e-01
2.394870e+00	5.938800e-01	4.876939e-01
2.399558e+00	9.803050e-01	4.902616e-01
2.404246e+00	7.393900e-01	4.869715e-01
2.408935e+00	3.866950e-01	4.835718e-01
2.413623e+00	6.112550e-01	4.857443e-01
2.418311e+00	6.032650e-01	4.845472e-01
2.422999e+00	5.464600e-01	4.836988e-01
2.427688e+00	3.531200e-01	4.809760e-01
2.432376e+00	4.797300e-01	4.821449e-01
2.437064e+00	8.255500e-02	4.786265e-01
2.441752e+00	-9.627000e-02	4.751793e-01
2.446440e+00	9.223200e-01	4.841237e-01
2.451129e+00	3.062700e-01	4.779212e-01
2.455817e+00	6.970300e-01	4.813972e-01
2.460505e+00	7.951100e-01	4.815287e-01
2.465193e+00	9.400700e-01	4.827326e-01
2.469882e+00	6.472050e-01	4.788807e-01
2.474570e+00	2.830350e-01	4.753576e-01
2.479258e+00	-5.151000e-02	4.720015e-01
2.483946e+00	-3.575450e-01	4.687335e-01
2.488634e+00	1.410400e-01	4.727061e-01
2.493323e+00	8.854950e-01	4.792501e-01
2.498011e+00	3.834200e-01	4.748828e-01
2.502699e+00	4.446050e-01	4.740859e-01
2.507387e+00	5.397800e-01	4.751970e-01
2.512076e+00	6.164000e-01	4.754308e-01
2.516764e+00	6.308100e-01	4.747500e-01
2.521452e+00	-4.709400e-01	4.640075e-01
2.526140e+00	2.324600e-01	4.699705e-01
2.530829e+00	4.255150e-01	4.712782e-01
2.535517e+00	-3.522250e-01	4.632040e-01
2.540205e+00	3.114700e-01	4.679516e-01
2.544893e+00	7.736350e-01	4.720951e-01
2.549581e+00	6.373800e-01	4.694421e-01
2.554270e+00	8.749100e-01	4.710177e-01
2.558958e+00	1.007520e+00	4.721445e-01
2.563646e+00	2.708700e-01	4.648217e-01
2.568334e+00	5.226100e-01	4.668764e-01
2.573023e+00	-6.126000e-02	4.610819e-01
2.577711e+00	1.089390e+00	4.702362e-01
2.582399e+00	5.551450e-01	4.652570e-01
2.587087e+00	2.323100e-01	4.622056e-01
2.591776e+00	-2.955350e-01	4.577905e-01
2.596464e+00	3.627000e-01	4.637884e-01
2.601152e+00	-8.114000e-02	4.590523e-01
2.605840e+00	2.887450e-01	4.631185e-01
2.610528e+00	9.471400e-01	4.680148e-01
2.615217e+00	7.984800e-01	4.667226e-01
2.619905e+00	1.788950e-01	4.609797e-01
2.624593e+00	4.419300e-01	4.619200e-01
2.629281e+00	-1.676400e-01	4.569961e-01
2.633970e+00	4.000400e-01	4.607906e-01
2.638658e+00	-7.360000e-02	4.564293e-01
2.643346e+00	1.779800e-01	4.586712e-01
2.648034e+00	-2.371900e-01	4.546639e-01
2.652723e+00	-3.336250e-01	4.536735e-01
2.657411e+00	-1.312450e-01	4.544632e-01
2.662099e+00	3.907550e-01	4.587530e-01
2.666787e+00	2.195850e-01	4.562028e-01
2.671475e+00	4.765800e-01	4.587714e-01
2.676164e+00	2.985200e-01	4.568438e-01
2.680852e+00	1.108060e+00	4.641661e-01
2.685540e+00	2.831100e-01	4.561304e-01
2.690228e+00	2.868950e-01	4.559526e-01
2.694917e+00	-2.239750e-01	4.507270e-01
2.699605e+00	3.299200e-01	4.552453e-01
2.704293e+00	1.070400e-01	4.528922e-01
2.708981e+00	5.052350e-01	4.554604e-01
2.713669e+00	6.671500e-02	4.517679e-01
2.718358e+00	6.895550e-01	4.564652e-01
2.723046e+00	4.646150e-01	4.543206e-01
2.727734e+00	5.131500e-02	4.502690e-01
2.732422e+00	4.606800e-01	4.531771e-01
2.737111e+00	7.158650e-01	4.547836e-01
2.741799e+00	4.653250e-01	4.530700e-01
2.746487e+00	-5.362500e-02	4.476045e-01
2.751175e+00	-2.091450e-01	4.459007e-01
2.755864e+00	9.225000e-03	4.468819e-01
2.760552e+00	-3.632500e-02	4.464201e-01
2.765240e+00	-1.653300e-01	4.450722e-01
2.769928e+00	5.360200e-01	4.513597e-01
2.774616e+00	6.287450e-01	4.516923e-01
2.779305e+00	6.994950e-01	4.516596e-01
2.783993e+00	4.271850e-01	4.486988e-01
2.788681e+00	8.117950e-01	4.513716e-01
2.793369e+00	6.279250e-01	4.499887e-01
2.798058e+00	-1.864750e-01	4.425407e-01
2.802746e+00	-3.662900e-01	4.407237e-01
2.807434e+00	-1.707500e-02	4.431311e-01
2.812122e+00	4.414500e-02	4.436183e-01
2.816811e+00	-5.215000e-03	4.426593e-01
2.821499e+00	2.569800e-01	4.447604e-01
2.826187e+00	4.395550e-01	4.458139e-01
2.830875e+00	5.096900e-01	4.455427e-01
2.835563e+00	7.157600e-01	4.474138e-01
2.840252e+00	2.757650e-01	4.427021e-01
2.844940e+00	5.167400e-01	4.450545e-01
2.849628e+00	3.931250e-01	4.435419e-01
2.854316e+00	2.656300e-01	4.425603e-01
2.859005e+00	5.633900e-01	4.526312e-01
2.863693e+00	-2.831250e-01	4.552266e-01
2.868381e+00	3.848600e-01	4.671422e-01
2.873069e+00	6.955050e-01	4.751407e-01
2.877758e+00	-3.406250e-01	4.695018e-01
2.882446e+00	2.300850e-01	4.768789e-01
2.887134e+00	2.333950e-01	4.781315e-01
2.891822e+00	5.498000e-02	4.784939e-01
2.896510e+00	-3.015850e-01	4.769921e-01
2.901199e+00	2.544350e-01	4.833807e-01
2.905887e+00	2.403550e-01	4.843296e-01
2.910575e+00	1.960500e-02	4.827513e-01
2.915263e+00	-2.498100e-01	4.814275e-01
2.919952e+00	-4.074500e-01	4.803231e-01
2.924640e+00	-1.482900e-01	4.702295e-01
2.929328e+00	4.506850e-01	4.673718e-01
2.934016e+00	2.376550e-01	4.590024e-01
2.938704e+00	-1.801900e-01	4.522707e-01
2.943393e+00	1.081200e-01	4.516517e-01
2.948081e+00	3.351850e-01	4.511483e-01
2.952769e+00	-1.504000e-01	4.460025e-01
2.957457e+00	-1.971700e-01	4.446372e-01
2.962146e+00	2.415300e-01	4.467143e-01
2.966834e+00	2.583550e-01	4.459860e-01
2.971522e+00	8.374500e-01	4.504464e-01
2.976210e+00	5.864150e-01	4.491754e-01
2.980899e+00	9.441200e-01	4.514719e-01
2.985587e+00	9.048450e-01	4.492889e-01
2.990275e+00	5.592450e-01	4.450336e-01
2.994963e+00	7.232400e-01	4.463924e-01
2.999651e+00	5.098500e-02	4.399031e-01
3.004340e+00	-3.177400e-01	4.368661e-01
3.009028e+00	2.010200e-01	4.405619e-01
3.013716e+00	5.569750e-01	4.428072e-01
3.018404e+00	7.162050e-01	4.436491e-01
3.023093e+00	6.267050e-01	4.422112e-01
3.027781e+00	-5.107000e-02	4.354060e-01
3.032469e+00	2.971800e-01	4.387655e-01
3.037157e+00	3.912550e-01	4.386346e-01
3.041846e+00	-3.525200e-01	4.322729e-01
3.046534e+00	-5.741500e-02	4.337519e-01
3.051222e+00	4.488000e-01	4.377638e-01
3.055910e+00	2.811600e-01	4.354954e-01
3.060598e+00	1.705000e-01	4.351496e-01
3.065287e+00	1.548250e-01	4.337964e-01
3.069975e+00	6.782800e-01	4.376715e-01
3.074663e+00	3.282450e-01	4.345340e-01
3.079351e+00	4.780000e-02	4.315176e-01
3.084040e+00	2.776750e-01	4.328440e-01
3.088728e+00	-7.645000e-02	4.294402e-01
3.093416e+00	-2.349700e-01	4.279253e-01
3.098104e+00	-5.280200e-01	4.247003e-01
3.102793e+00	2.299100e-01	4.312917e-01
3.107481e+00	7.700750e-01	4.356230e-01
3.112169e+00	7.563600e-01	4.346075e-01
3.116857e+00	9.954500e-02	4.287595e-01
3.121545e+00	-6.254500e-02	4.265231e-01
3.126234e+00	5.301350e-01	4.321368e-01
3.130922e+00	-1.252800e-01	4.258755e-01
3.135610e+00	2.976750e-01	4.289620e-01
3.140298e+00	1.291600e-01	4.268515e-01
3.144987e+00	5.484500e-02	4.263097e-01
3.149675e+00	-3.435500e-02	4.248643e-01
3.154363e+00	2.295700e-01	4.262273e-01
3.159051e+00	8.165500e-02	4.250399e-01
3.163739e+00	-3.018500e-02	4.236537e-01
3.168428e+00	-9.862500e-02	4.228891e-01
3.173116e+00	-1.435450e-01	4.219699e-01
3.177804e+00	7.009250e-01	4.286747e-01
3.182492e+00	5.538950e-01	4.276603e-01
3.187181e+00	-1.321900e-01	4.211791e-01
3.191869e+00	-1.757850e-01	4.200895e-01
3.196557e+00	-2.283000e-01	4.192088e-01
3.201245e+00	-3.224550e-01	4.187569e-01
3.205934e+00	2.092950e-01	4.226797e-01
3.210622e+00	5.183000e-02	4.211467e-01
3.215310e+00	-2.212050e-01	4.185772e-01
3.219998e+00	4.310850e-01	4.231190e-01
3.224686e+00	3.178350e-01	4.216524e-01
3.229375e+00	3.459350e-01	4.204331e-01
3.234063e+00	-7.160000e-03	4.171628e-01
3.238751e+00	4.072250e-01	4.206920e-01
3.243439e+00	-1.105000e-03	4.164314e-01
3.248128e+00	6.005200e-01	4.210517e-01
3.252816e+00	1.880800e-01	4.180853e-01
3.257504e+00	2.745000e-01	4.176270e-01
3.262192e+00	3.771350e-01	4.185731e-01
3.266881e+00	2.171700e-01	4.162347e-01
3.271569e+00	-4.620850e-01	4.103449e-01
3.276257e+00	5.451500e-02	4.149294e-01
3.280945e+00	3.924100e-01	4.177215e-01
3.285633e+00	-6.043950e-01	4.098810e-01
3.290322e+00	-2.278950e-01	4.130312e-01
3.295010e+00	8.500150e-01	4.214520e-01
3.299698e+00	6.902150e-01	4.196141e-01
3.304386e+00	2.916950e-01	4.160166e-01
3.309075e+00	7.154350e-01	4.192886e-01
3.313763e+00	1.034220e+00	4.211921e-01
3.318451e+00	1.668850e-01	4.144527e-01
3.323139e+00	3.953800e-01	4.157380e-01
3.327828e+00	-9.206500e-02	4.117181e-01
3.332516e+00	1.830750e-01	4.135862e-01
3.337204e+00	7.617500e-01	4.175994e-01
3.341892e+00	8.638800e-01	4.187571e-01
3.346580e+00	5.283000e-01	4.149163e-01
3.351269e+00	2.123600e-01	4.121662e-01
3.355957e+00	-1.652650e-01	4.108855e-01
3.360645e+00	-4.856000e-02	4.208726e-01
3.365333e+00	6.127600e-01	4.332008e-01
3.370022e+00	3.498350e-01	4.354400e-01
3.374710e+00	2.876650e-01	4.365825e-01
3.379398e+00	-1.058000e-02	4.353156e-01
3.384086e+00	4.041150e-01	4.403761e-01
3.388774e+00	-9.439500e-02	4.364041e-01
3.393463e+00	-2.790950e-01	4.352289e-01
3.398151e+00	3.043000e-02	4.374306e-01
3.402839e+00	1.347750e-01	4.391515e-01
3.407527e+00	4.176150e-01	4.427926e-01
3.412216e+00	-1.000500e-02	4.406217e-01
3.416904e+00	1.150750e-01	4.416323e-01
3.421592e+00	5.126400e-01	4.457231e-01
3.426280e+00	-2.385000e-01	4.400564e-01
3.430969e+00	2.677100e-01	4.454904e-01
3.435657e+00	7.131500e-01	4.499321e-01
3.440345e+00	5.603500e-02	4.447999e-01
3.445033e+00	-9.379000e-02	4.449599e-01
3.449721e+00	1.245000e-01	4.463809e-01
3.454410e+00	4.432350e-01	4.499112e-01
3.459098e+00	2.086500e-01	4.487342e-01
3.463786e+00	2.424100e-01	4.492526e-01
3.468474e+00	4.944500e-02	4.483486e-01
3.473163e+00	1.010050e-01	4.495623e-01
3.477851e+00	6.993200e-01	4.548219e-01
3.482539e+00	6.476000e-01	4.553332e-01
3.487227e+00	4.722050e-01	4.536484e-01
3.491916e+00	1.541700e-01	4.525580e-01
3.496604e+00	-7.694000e-02	4.506787e-01
3.501292e+00	1.440750e-01	4.524061e-01
3.505980e+00	5.272500e-02	4.521110e-01
3.510668e+00	2.490200e-01	4.548795e-01
3.515357e+00	2.510350e-01	4.553213e-01
3.520045e+00	8.352250e-01	4.606058e-01
3.524733e+00	8.022500e-01	4.608176e-01
3.529421e+00	-1.611550e-01	4.522975e-01
3.534110e+00	4.685700e-01	4.581633e-01
3.538798e+00	4.502350e-01	4.588399e-01
3.543486e+00	6.465750e-01	4.610390e-01
3.548174e+00	5.332850e-01	4.611844e-01
3.552863e+00	2.070000e-01	4.586748e-01
3.557551e+00	1.194800e-01	4.586014e-01
3.562239e+00	2.928150e-01	4.598840e-01
3.566927e+00	5.415550e-01	4.620676e-01
3.571615e+00	3.247600e-01	4.602779e-01
3.576304e+00	2.301700e-01	4.601395e-01
3.580992e+00	4.540000e-03	4.583098e-01
3.585680e+00	8.024700e-01	4.645817e-01
3.590368e+00	2.652300e-01	4.595152e-01
3.595057e+00	1.624100e-01	4.587883e-01
3.599745e+00	3.792800e-01	4.598117e-01
3.604433e+00	1.230300e-01	4.575796e-01
3.609121e+00	7.466000e-02	4.574577e-01
3.613809e+00	-3.155100e-01	4.535776e-01
3.618498e+00	9.875500e-02	4.572296e-01
3.623186e+00	1.021800e-01	4.573416e-01
3.627874e+00	4.681750e-01	4.613800e-01
3.632562e+00	5.106450e-01	4.623159e-01
3.637251e+00	1.251500e-01	4.597243e-01
3.641939e+00	-4.143500e-02	4.580604e-01
3.646627e+00	3.750650e-01	4.615413e-01
3.651315e+00	1.685100e-01	4.600197e-01
3.656004e+00	5.363750e-01	4.650781e-01
3.660692e+00	3.227150e-01	4.720912e-01
3.665380e+00	-8.366000e-02	4.837066e-01
3.670068e+00	1.965450e-01	4.940927e-01
3.674756e+00	1.055500e+00	5.099630e-01
3.679445e+00	6.836350e-01	5.123465e-01
3.684133e+00	7.707550e-01	5.165400e-01
3.688821e+00	1.067110e+00	5.228908e-01
3.693509e+00	1.120625e+00	5.261355e-01
3.698198e+00	5.121600e-01	5.223289e-01
3.702886e+00	4.987300e-01	5.256093e-01
3.707574e+00	5.370650e-01	5.286951e-01
3.712262e+00	1.770000e-02	5.264555e-01
3.716951e+00	-3.805850e-01	5.246749e-01
3.721639e+00	-1.743900e-01	5.290690e-01
3.726327e+00	5.926000e-02	5.332617e-01
3.731015e+00	8.844500e-01	5.440664e-01
3.735703e+00	3.623100e-01	5.415132e-01
3.740392e+00	6.313900e-01	5.467069e-01
3.745080e+00	7.253250e-01	5.503837e-01
3.749768e+00	3.043800e-01	5.478252e-01
3.754456e+00	7.901500e-01	5.556029e-01
3.759145e+00	2.458500e-02	5.495245e-01
3.763833e+00	-6.305550e-01	5.441297e-01
3.768521e+00	-3.720800e-01	5.483963e-01
3.773209e+00	1.684000e-01	5.574625e-01
3.777897e+00	7.701000e-01	5.661431e-01
3.782586e+00	6.212200e-01	5.673202e-01
3.787274e+00	1.640400e-01	5.645278e-01
3.791962e+00	-1.186600e-01	5.618952e-01
3.796650e+00	4.594550e-01	5.714409e-01
3.801339e+00	1.988000e-02	5.688744e-01
3.806027e+00	-1.120550e-01	5.701002e-01
3.810715e+00	3.571300e-01	5.767788e-01
3.815403e+00	7.786000e-02	5.764932e-01
3.820092e+00	-4.574250e-01	5.730512e-01
3.824780e+00	1.119085e+00	5.913463e-01
3.829468e+00	4.950100e-01	5.877598e-01
3.834156e+00	-3.989250e-01	5.780784e-01
3.838844e+00	1.031150e-01	5.866012e-01
3.843533e+00	-3.135850e-01	5.840688e-01
3.848221e+00	7.644700e-01	5.990611e-01
3.852909e+00	2.043900e-01	5.937873e-01
3.857597e+00	7.979800e-01	6.035288e-01
3.862286e+00	-2.245450e-01	5.942987e-01
3.866974e+00	-1.287800e-01	5.973345e-01
3.871662e+00	-1.797900e-01	5.972200e-01
3.876350e+00	1.517450e-01	6.033315e-01
3.881039e+00	3.130000e-03	6.042205e-01
3.885727e+00	5.295250e-01	6.128021e-01
3.890415e+00	-3.983300e-01	6.031179e-01
3.895103e+00	4.155150e-01	6.157779e-01
3.899791e+00	1.164205e+00	6.263006e-01
3.904480e+00	6.756100e-01	6.240985e-01
3.909168e+00	1.390350e-01	6.187746e-01
3.913856e+00	1.614650e-01	6.223529e-01
3.918544e+00	6.071850e-01	6.304354e-01
3.923233e+00	-2.710700e-01	6.213675e-01
3.927921e+00	2.623500e-01	6.291636e-01
3.932609e+00	-1.287000e-02	6.281664e-01
3.937297e+00	3.188900e-01	6.333963e-01
3.941986e+00	5.714900e-01	6.358797e-01
3.946674e+00	2.744000e-01	6.325166e-01
3.951362e+00	4.910000e-01	6.368093e-01
3.956050e+00	2.196750e-01	6.315561e-01
3.960738e+00	1.024395e+00	6.418474e-01
3.965427e+00	4.938550e-01	6.366253e-01
3.970115e+00	9.166000e-01	6.428598e-01
3.974803e+00	9.151550e-01	6.461011e-01
3.979491e+00	5.040000e-01	6.426039e-01
3.984180e+00	3.513200e-01	6.420872e-01
3.988868e+00	-4.227900e-01	6.365970e-01
3.993556e+00	-2.580800e-01	6.397430e-01
3.998244e+00	7.701500e-01	6.534969e-01
4.002932e+00	6.119900e-01	6.543257e-01
4.007621e+00	-1.074000e-02	6.495084e-01
4.012309e+00	-7.601500e-02	6.489966e-01
4.016997e+00	6.084000e-01	6.597221e-01
4.021685e+00	6.392100e-01	6.625436e-01
4.026374e+00	-1.511500e-01	6.559144e-01
4.031062e+00	-4.902100e-01	6.526318e-01
4.035750e+00	-1.139500e-01	6.617826e-01
4.040438e+00	-2.713450e-01	6.619998e-01
4.045127e+00	1.147300e-01	6.679379e-01
4.049815e+00	1.016500e-02	6.697661e-01
4.054503e+00	5.622850e-01	6.793181e-01
4.059191e+00	9.748450e-01	6.856804e-01
4.063879e+00	1.737200e-01	6.777376e-01
4.068568e+00	1.904450e-01	6.808227e-01
4.073256e+00	-3.236200e-01	6.763465e-01
4.077944e+00	9.810450e-01	6.947653e-01
4.082632e+00	5.016700e-01	6.902830e-01
4.087321e+00	-1.277700e-01	6.856041e-01
4.092009e+00	4.683650e-01	6.971289e-01
4.096697e+00	3.987000e-01	6.992330e-01
4.101385e+00	6.860850e-01	7.029377e-01
4.106074e+00	8.534750e-01	7.094056e-01
4.110762e+00	5.157100e-01	7.062723e-01
4.115450e+00	-1.202980e+00	6.849820e-01
4.120138e+00	-1.199750e-01	7.044655e-01
4.124826e+00	1.115635e+00	7.240133e-01
4.129515e+00	1.085120e+00	7.276754e-01
4.134203e+00	1.031300e+00	7.272330e-01
4.138891e+00	4.283400e-01	7.221227e-01
4.143579e+00	1.645150e-01	7.204324e-01
4.148268e+00	-4.111500e-01	7.160349e-01
4.152956e+00	6.046550e-01	7.330587e-01
4.157644e+00	4.550550e-01	7.307797e-01
4.162332e+00	-3.050650e-01	7.244216e-01
4.167021e+00	3.733300e-01	7.374728e-01
4.171709e+00	5.460450e-01	7.410207e-01
4.176397e+00	4.329800e-01	7.430944e-01
4.181085e+00	3.333350e-01	7.434781e-01
4.185773e+00	6.283300e-01	7.504437e-01
4.190462e+00	1.285095e+00	7.646826e-01
4.195150e+00	2.616000e-01	7.535498e-01
4.199838e+00	3.546650e-01	7.560843e-01
4.204526e+00	-1.098090e+00	7.358467e-01
4.209215e+00	-1.261300e-01	7.552834e-01
4.213903e+00	1.156510e+00	7.771391e-01
4.218591e+00	1.176755e+00	7.801388e-01
4.223279e+00	4.534500e-02	7.676252e-01
4.227967e+00	-1.340735e+00	7.474493e-01
4.232656e+00	5.164900e-01	7.806168e-01
4.237344e+00	1.081275e+00	7.915525e-01
4.242032e+00	-2.326300e-01	7.736270e-01
4.246720e+00	-2.821350e-01	7.754908e-01
4.251409e+00	-1.079550e-01	7.828314e-01
4.256097e+00	1.819550e-01	7.939665e-01
4.260785e+00	4.005000e-01	7.984483e-01
4.265473e+00	2.488250e-01	7.980523e-01
4.270162e+00	4.813750e-01	8.056777e-01
4.274850e+00	5.621900e-01	8.140482e-01
4.279538e+00	-1.008840e+00	7.928195e-01
4.284226e+00	-8.827500e-01	7.945960e-01
4.288914e+00	-1.257385e+00	7.917764e-01
4.293603e+00	-1.247350e-01	8.113427e-01
4.298291e+00	5.649800e-01	8.263054e-01
4.302979e+00	1.130455e+00	8.378068e-01
4.307667e+00	-8.870000e-01	8.098761e-01
4.312356e+00	4.128250e-01	8.331763e-01
4.317044e+00	2.663750e-01	8.362970e-01
4.321732e+00	5.998400e-01	8.431780e-01
4.326420e+00	-1.106245e+00	8.207481e-01
4.331109e+00	-2.289800e-01	8.402481e-01
4.335797e+00	9.250000e-02	8.461367e-01
4.340485e+00	-6.008000e-01	8.410794e-01
4.345173e+00	-6.647700e-01	8.421079e-01
4.349861e+00	-5.951200e-01	8.493060e-01
4.354550e+00	1.166620e+00	8.835406e-01
4.359238e+00	-1.259550e-01	8.632002e-01
4.363926e+00	-4.992250e-01	8.614042e-01
4.368614e+00	-3.840450e-01	8.691188e-01
4.373303e+00	1.205500e-02	8.788815e-01
4.377991e+00	1.443150e-01	8.859993e-01
4.382679e+00	1.436550e-01	8.878641e-01
4.387367e+00	2.622600e-01	8.936932e-01
4.392056e+00	-1.804450e-01	8.917011e-01
4.396744e+00	-5.956500e-01	8.890908e-01
4.401432e+00	1.265980e+00	9.271143e-01
4.406120e+00	9.534450e-01	9.233204e-01
4.410808e+00	4.784800e-01	9.172631e-01
4.415497e+00	-6.306850e-01	8.969203e-01
4.420185e+00	-6.134900e-01	8.960305e-01
4.424873e+00	2.799600e-01	9.126027e-01
4.429561e+00	1.102590e+00	9.303119e-01
4.434250e+00	1.059305e+00	9.313665e-01
4.438938e+00	1.981150e-01	9.150769e-01
4.443626e+00	-3.859950e-01	9.061982e-01
4.448314e+00	-7.306500e-01	9.015374e-01
4.453002e+00	7.420250e-01	9.329613e-01
4.457691e+00	-7.716150e-01	9.105695e-01
4.462379e+00	-1.350355e+00	9.050121e-01
4.467067e+00	-9.321950e-01	9.150203e-01
4.471755e+00	6.136500e-02	9.401048e-01
4.476444e+00	8.361150e-01	9.598054e-01
4.481132e+00	-2.359350e-01	9.458285e-01
4.485820e+00	6.872700e-01	9.685736e-01
4.490508e+00	1.079230e+00	9.793834e-01
4.495197e+00	-2.561050e-01	9.571297e-01
4.499885e+00	7.625250e-01	9.845793e-01
4.504573e+00	1.106865e+00	9.949898e-01
4.509261e+00	8.760000e-03	9.798752e-01
4.513949e+00	8.757850e-01	1.003379e+00
4.518638e+00	1.092145e+00	1.012923e+00
4.523326e+00	3.996600e-01	1.003649e+00
4.528014e+00	-1.073640e+00	9.764497e-01
4.532702e+00	-1.496050e-01	1.007885e+00
4.537391e+00	2.182465e+00	1.058648e+00
4.542079e+00	1.460675e+00	1.051434e+00
4.546767e+00	8.182250e-01	1.041539e+00
4.551455e+00	-5.799150e-01	1.022843e+00
4.556144e+00	-1.316775e+00	1.013900e+00
4.560832e+00	1.311955e+00	1.072280e+00
4.565520e+00	9.893750e-01	1.073897e+00
4.570208e+00	-3.565600e-01	1.053474e+00
4.574896e+00	4.703650e-01	1.075328e+00
4.579585e+00	6.571750e-01	1.088982e+00
4.584273e+00	2.035880e+00	1.126947e+00
4.588961e+00	5.122050e-01	1.103639e+00
4.593649e+00	5.477650e-01	1.107309e+00
4.598338e+00	-4.939750e-01	1.091878e+00
4.603026e+00	-1.744175e+00	1.072638e+00
4.607714e+00	-8.063700e-01	1.104459e+00
4.612402e+00	6.169050e-01	1.140824e+00
4.617091e+00	1.262430e+00	1.161327e+00
4.621779e+00	1.756770e+00	1.180077e+00
4.626467e+00	1.313000e-01	1.155204e+00
4.631155e+00	-6.079350e-01	1.146774e+00
4.635843e+00	2.945400e-01	1.170677e+00
4.640532e+00	3.823500e-02	1.177407e+00
4.645220e+00	-1.107965e+00	1.162267e+00
4.649908e+00	9.465950e-01	1.221651e+00
4.654596e+00	-5.146750e-01	1.194641e+00
4.659285e+00	1.722775e+00	1.257785e+00
4.663973e+00	1.860910e+00	1.270147e+00
4.668661e+00	1.045660e+00	1.261786e+00
4.673349e+00	1.182800e-01	1.249571e+00
4.678037e+00	9.417650e-01	1.282312e+00
4.682726e+00	5.290900e-01	1.279869e+00
4.687414e+00	7.598650e-01	1.298208e+00
4.692102e+00	2.321650e-01	1.294551e+00
4.696790e+00	1.493505e+00	1.342139e+00
4.701479e+00	1.180875e+00	1.347281e+00
4.706167e+00	1.085540e+00	1.356207e+00
4.710855e+00	1.868860e+00	1.384527e+00
4.715543e+00	1.496645e+00	1.390594e+00
4.720232e+00	9.453700e-01	1.392921e+00
4.724920e+00	2.867900e-01	1.386995e+00
4.729608e+00	-4.845600e-01	1.381654e+00
4.734296e+00	9.419850e-01	1.432899e+00
4.738984e+00	9.587950e-01	1.449634e+00
4.743673e+00	6.234500e-01	1.458196e+00
4.748361e+00	-5.211000e-02	1.451684e+00
4.753049e+00	2.251350e-01	1.471470e+00
4.757737e+00	-4.322700e-01	1.480915e+00
4.762426e+00	-3.619450e-01	1.498317e+00
4.767114e+00	1.067920e+00	1.561439e+00
4.771802e+00	2.277465e+00	1.614596e+00
4.776490e+00	8.077000e-01	1.581808e+00
4.781179e+00	2.654450e-01	1.597529e+00
4.785867e+00	6.992950e-01	1.632962e+00
4.790555e+00	-4.117000e-01	1.619267e+00
4.795243e+00	-3.613300e-01	1.641239e+00
4.799931e+00	2.374600e-01	1.690939e+00
4.804620e+00	2.649830e+00	1.787591e+00
4.809308e+00	3.179690e+00	1.839748e+00
4.813996e+00	1.767240e+00	1.823914e+00
4.818684e+00	1.193570e+00	1.831679e+00
4.823373e+00	2.852490e+00	1.914960e+00
4.828061e+00	-4.881600e-01	1.827308e+00
4.832749e+00	-3.622100e-01	1.874648e+00
4.837437e+00	-4.683150e-01	1.914792e+00
4.842125e+00	-8.534450e-01	1.935108e+00
4.846814e+00	-1.672785e+00	1.937029e+00
4.851502e+00	-1.320300e+00	1.997864e+00
4.856190e+00	2.204390e+00	2.174365e+00
4.860878e+00	7.716000e-01	2.165092e+00
4.865567e+00	6.109750e-01	2.220864e+00
4.870255e+00	2.239815e+00	2.338223e+00
4.874943e+00	-7.400600e-01	2.271263e+00
4.879631e+00	4.258200e-01	2.390921e+00
4.884320e+00	4.949350e-01	2.472743e+00
4.889008e+00	4.184705e+00	2.726265e+00
4.893696e+00	5.215405e+00	2.875919e+00
4.898384e+00	1.351350e+00	2.799391e+00
4.903072e+00	2.411410e+00	2.968692e+00
4.907761e+00	3.905075e+00	3.193055e+00
4.912449e+00	4.459200e+00	4.500650e+00
4.917137e+00	1.036532e+01	1.401561e+01
