# Sample description: GI
# Parent(s): ../20151214/GI_no_protection/1d/GI_np_030_00082.dat
# No protection
3.200246e-02	1.852510e+01	1.965150e+01
3.669069e-02	7.028380e+01	1.615520e+01
4.137892e-02	1.670534e+02	1.485783e+01
4.606715e-02	1.997227e+02	1.183033e+01
5.075538e-02	2.007910e+02	9.344074e+00
5.544361e-02	1.849937e+02	7.671577e+00
6.013183e-02	1.922968e+02	6.807964e+00
6.482006e-02	1.898503e+02	6.125606e+00
6.950829e-02	1.804172e+02	5.515844e+00
7.419652e-02	1.698769e+02	4.996792e+00
7.888475e-02	1.705968e+02	4.702535e+00
8.357298e-02	1.718652e+02	4.464596e+00
8.826121e-02	1.666532e+02	4.211136e+00
9.294944e-02	1.591923e+02	3.961804e+00
9.763767e-02	1.536227e+02	3.752498e+00
1.023259e-01	1.546351e+02	3.629921e+00
1.070141e-01	1.575306e+02	3.541799e+00
1.117024e-01	1.542475e+02	3.409479e+00
1.163906e-01	1.538598e+02	3.305055e+00
1.210788e-01	1.478839e+02	3.174523e+00
1.257670e-01	1.456307e+02	3.079514e+00
1.304553e-01	1.424524e+02	2.986461e+00
1.351435e-01	1.430311e+02	2.923738e+00
1.398317e-01	1.460367e+02	2.887118e+00
1.445200e-01	1.434624e+02	2.808607e+00
1.492082e-01	1.431086e+02	2.754672e+00
1.538964e-01	1.365422e+02	2.650841e+00
1.585846e-01	1.413450e+02	2.638432e+00
1.632729e-01	1.390173e+02	2.577806e+00
1.679611e-01	1.382671e+02	2.532332e+00
1.726493e-01	1.353480e+02	2.469912e+00
1.773376e-01	1.339281e+02	2.418539e+00
1.820258e-01	1.331978e+02	2.379222e+00
1.867140e-01	1.339001e+02	2.352713e+00
1.914022e-01	1.327445e+02	2.312706e+00
1.960905e-01	1.324627e+02	2.276187e+00
2.007787e-01	1.334164e+02	2.256738e+00
2.054669e-01	1.307504e+02	2.211299e+00
2.101552e-01	1.297588e+02	2.178310e+00
2.148434e-01	1.305279e+02	2.155109e+00
2.195316e-01	1.260027e+02	2.099069e+00
2.242199e-01	1.244389e+02	2.064982e+00
2.289081e-01	1.221894e+02	2.028128e+00
2.335963e-01	1.241249e+02	2.018420e+00
2.382845e-01	1.203172e+02	1.970841e+00
2.429728e-01	1.211666e+02	1.956212e+00
2.476610e-01	1.194070e+02	1.925891e+00
2.523492e-01	1.171517e+02	1.891614e+00
2.570375e-01	1.193577e+02	1.885491e+00
2.617257e-01	1.143574e+02	1.835945e+00
2.664139e-01	1.143508e+02	1.819138e+00
2.711021e-01	1.148845e+02	1.806340e+00
2.757904e-01	1.117741e+02	1.769368e+00
2.804786e-01	1.099562e+02	1.743716e+00
2.851668e-01	1.083352e+02	1.718838e+00
2.898551e-01	1.066732e+02	1.693168e+00
2.945433e-01	1.070830e+02	1.681963e+00
2.992315e-01	1.039508e+02	1.686023e+00
3.039197e-01	1.025426e+02	1.689335e+00
3.086080e-01	1.040209e+02	1.704729e+00
3.132962e-01	1.022390e+02	1.692420e+00
3.179844e-01	1.018395e+02	1.689277e+00
3.226727e-01	9.655988e+01	1.654640e+00
3.273609e-01	9.563875e+01	1.645968e+00
3.320491e-01	9.682318e+01	1.650265e+00
3.367374e-01	9.368677e+01	1.625774e+00
3.414256e-01	9.270159e+01	1.615333e+00
3.461138e-01	9.186523e+01	1.606747e+00
3.508020e-01	9.230949e+01	1.605122e+00
3.554903e-01	8.809852e+01	1.570409e+00
3.601785e-01	8.750063e+01	1.563349e+00
3.648667e-01	8.636595e+01	1.567072e+00
3.695550e-01	8.750134e+01	1.610144e+00
3.742432e-01	8.657803e+01	1.622362e+00
3.789314e-01	8.284488e+01	1.609856e+00
3.836196e-01	8.143014e+01	1.608761e+00
3.883079e-01	7.941847e+01	1.603351e+00
3.929961e-01	7.829711e+01	1.609476e+00
3.976843e-01	7.740560e+01	1.623222e+00
4.023726e-01	7.509176e+01	1.621758e+00
4.070608e-01	7.578813e+01	1.633894e+00
4.117490e-01	7.386274e+01	1.621793e+00
4.164372e-01	7.233390e+01	1.611011e+00
4.211255e-01	7.179906e+01	1.610194e+00
4.258137e-01	7.054496e+01	1.601033e+00
4.305019e-01	6.897946e+01	1.587343e+00
4.351902e-01	6.842290e+01	1.579210e+00
4.398784e-01	6.805215e+01	1.573875e+00
4.445666e-01	6.652245e+01	1.580943e+00
4.492548e-01	6.601711e+01	1.629198e+00
4.539431e-01	6.572272e+01	1.656462e+00
4.586313e-01	6.257198e+01	1.651184e+00
4.633195e-01	6.150390e+01	1.664278e+00
4.680078e-01	6.002027e+01	1.667993e+00
4.726960e-01	5.824396e+01	1.670176e+00
4.773842e-01	5.786336e+01	1.682197e+00
4.820725e-01	5.830412e+01	1.703935e+00
4.867607e-01	5.913089e+01	1.729428e+00
4.914489e-01	5.751636e+01	1.725133e+00
4.961371e-01	5.477000e+01	1.713543e+00
5.008254e-01	5.390312e+01	1.716915e+00
5.055136e-01	5.221876e+01	1.714155e+00
5.102018e-01	5.144688e+01	1.667851e+00
5.148901e-01	5.253284e+01	1.619539e+00
5.195783e-01	5.095597e+01	1.577114e+00
5.242665e-01	4.797133e+01	1.527354e+00
5.289547e-01	4.776978e+01	1.511158e+00
5.336430e-01	5.033117e+01	1.522836e+00
5.383312e-01	4.725687e+01	1.478768e+00
5.430194e-01	4.663636e+01	1.465950e+00
5.477077e-01	4.573316e+01	1.448169e+00
5.523959e-01	4.344411e+01	1.416266e+00
5.570841e-01	4.065102e+01	1.381082e+00
5.617723e-01	4.256376e+01	1.394971e+00
5.664606e-01	4.077510e+01	1.370296e+00
5.711488e-01	3.821675e+01	1.338731e+00
5.758370e-01	3.852616e+01	1.334154e+00
5.805253e-01	3.884628e+01	1.330127e+00
5.852135e-01	3.699859e+01	1.299787e+00
5.899017e-01	3.675065e+01	1.289876e+00
5.945900e-01	3.420034e+01	1.255084e+00
5.992782e-01	3.423406e+01	1.245663e+00
6.039664e-01	3.441696e+01	1.241190e+00
6.086546e-01	3.407485e+01	1.229828e+00
6.133429e-01	3.296015e+01	1.209918e+00
6.180311e-01	3.194573e+01	1.194311e+00
6.227193e-01	3.254566e+01	1.191848e+00
6.274076e-01	2.986351e+01	1.160645e+00
6.320958e-01	2.970491e+01	1.154746e+00
6.367840e-01	2.910605e+01	1.145732e+00
6.414722e-01	2.811581e+01	1.131880e+00
6.461605e-01	2.947949e+01	1.143427e+00
6.508487e-01	2.680676e+01	1.114740e+00
6.555369e-01	2.862318e+01	1.128293e+00
6.602252e-01	2.672015e+01	1.107263e+00
6.649134e-01	2.624947e+01	1.099851e+00
6.696016e-01	2.487339e+01	1.082051e+00
6.742898e-01	2.447903e+01	1.074562e+00
6.789781e-01	2.440396e+01	1.073546e+00
6.836663e-01	2.457070e+01	1.072919e+00
6.883545e-01	2.321805e+01	1.055420e+00
6.930428e-01	2.135054e+01	1.033183e+00
6.977310e-01	2.151456e+01	1.032244e+00
7.024192e-01	2.159740e+01	1.030757e+00
7.071074e-01	2.193576e+01	1.032434e+00
7.117957e-01	1.923819e+01	1.001365e+00
7.164839e-01	1.991243e+01	1.005849e+00
7.211721e-01	2.044210e+01	1.009636e+00
7.258604e-01	1.851355e+01	9.857907e-01
7.305486e-01	1.777360e+01	9.762613e-01
7.352368e-01	1.732017e+01	9.691732e-01
7.399251e-01	1.847411e+01	9.789141e-01
7.446133e-01	1.656101e+01	9.561184e-01
7.493015e-01	1.680672e+01	9.587498e-01
7.539897e-01	1.792979e+01	9.664690e-01
7.586780e-01	1.591773e+01	9.429886e-01
7.633662e-01	1.586794e+01	9.414860e-01
7.680544e-01	1.596276e+01	9.401299e-01
7.727427e-01	1.473826e+01	9.232856e-01
7.774309e-01	1.504570e+01	9.261029e-01
7.821191e-01	1.282737e+01	8.992704e-01
7.868073e-01	1.437736e+01	9.134927e-01
7.914956e-01	1.443565e+01	9.132120e-01
7.961838e-01	1.370273e+01	9.027705e-01
8.008720e-01	1.249149e+01	8.879547e-01
8.055603e-01	1.269519e+01	8.887345e-01
8.102485e-01	1.143272e+01	8.739026e-01
8.149367e-01	1.177642e+01	8.742479e-01
8.196249e-01	1.151234e+01	8.686572e-01
8.243132e-01	1.168066e+01	8.687821e-01
8.290014e-01	1.047902e+01	8.537938e-01
8.336896e-01	1.153236e+01	8.649210e-01
8.383779e-01	1.159502e+01	8.630558e-01
8.430661e-01	1.104190e+01	8.558449e-01
8.477543e-01	9.051500e+00	8.328357e-01
8.524425e-01	1.047937e+01	8.469160e-01
8.571308e-01	9.378765e+00	8.336835e-01
8.618190e-01	9.510640e+00	8.310204e-01
8.665072e-01	9.433820e+00	8.277851e-01
8.711955e-01	8.600080e+00	8.163924e-01
8.758837e-01	9.002405e+00	8.204054e-01
8.805719e-01	8.486390e+00	8.132685e-01
8.852602e-01	7.648470e+00	8.030695e-01
8.899484e-01	7.530020e+00	7.987957e-01
8.946366e-01	7.082875e+00	7.920201e-01
8.993248e-01	6.939515e+00	7.889418e-01
9.040131e-01	7.293135e+00	7.923240e-01
9.087013e-01	6.719645e+00	7.839428e-01
9.133895e-01	6.896680e+00	7.834602e-01
9.180778e-01	8.440845e+00	7.983838e-01
9.227660e-01	8.477960e+00	7.972173e-01
9.274542e-01	6.730310e+00	7.773029e-01
9.321424e-01	6.615050e+00	7.727205e-01
9.368307e-01	6.411395e+00	7.705493e-01
9.415189e-01	7.221235e+00	7.786029e-01
9.462071e-01	6.874560e+00	7.743037e-01
9.508954e-01	6.191075e+00	7.624914e-01
9.555836e-01	6.289025e+00	7.629234e-01
9.602718e-01	6.481160e+00	7.660376e-01
9.649600e-01	4.861515e+00	7.439771e-01
9.696483e-01	5.440455e+00	7.490161e-01
9.743365e-01	5.135495e+00	7.454203e-01
9.790247e-01	5.532125e+00	7.473226e-01
9.837130e-01	5.276235e+00	7.435708e-01
9.884012e-01	4.535755e+00	7.328684e-01
9.930894e-01	4.579510e+00	7.323998e-01
9.977777e-01	5.383305e+00	7.402466e-01
1.002466e+00	5.788275e+00	7.450317e-01
1.007154e+00	5.731020e+00	7.414139e-01
1.011842e+00	4.585615e+00	7.265204e-01
1.016531e+00	4.708130e+00	7.284417e-01
1.021219e+00	5.079420e+00	7.309469e-01
1.025907e+00	4.715865e+00	7.253098e-01
1.030595e+00	4.249350e+00	7.187233e-01
1.035283e+00	4.199330e+00	7.168023e-01
1.039972e+00	4.797840e+00	7.234597e-01
1.044660e+00	5.531575e+00	7.317073e-01
1.049348e+00	4.108020e+00	7.125568e-01
1.054036e+00	3.906185e+00	7.087044e-01
1.058725e+00	4.151405e+00	7.095786e-01
1.063413e+00	4.476430e+00	7.133261e-01
1.068101e+00	3.022750e+00	6.952633e-01
1.072789e+00	2.603365e+00	6.885829e-01
1.077478e+00	2.566915e+00	6.869871e-01
1.082166e+00	3.019585e+00	6.913392e-01
1.086854e+00	2.896770e+00	6.891273e-01
1.091542e+00	3.622525e+00	6.950543e-01
1.096230e+00	3.928535e+00	6.973561e-01
1.100919e+00	3.629365e+00	6.934654e-01
1.105607e+00	3.348395e+00	6.897013e-01
1.110295e+00	2.837150e+00	6.822846e-01
1.114983e+00	3.117910e+00	6.842399e-01
1.119672e+00	3.255785e+00	6.850974e-01
1.124360e+00	3.156065e+00	6.831829e-01
1.129048e+00	3.396530e+00	6.840525e-01
1.133736e+00	3.446800e+00	6.828327e-01
1.138425e+00	3.414715e+00	6.826294e-01
1.143113e+00	3.188315e+00	6.776509e-01
1.147801e+00	2.437595e+00	6.692839e-01
1.152489e+00	3.306615e+00	6.773068e-01
1.157177e+00	3.442815e+00	6.770822e-01
1.161866e+00	3.293840e+00	6.754832e-01
1.166554e+00	2.597520e+00	6.655770e-01
1.171242e+00	3.389995e+00	6.747493e-01
1.175930e+00	3.875730e+00	6.785974e-01
1.180619e+00	2.778700e+00	6.649712e-01
1.185307e+00	1.942340e+00	6.544261e-01
1.189995e+00	3.697640e+00	6.742359e-01
1.194683e+00	2.632410e+00	6.605417e-01
1.199372e+00	2.824960e+00	6.621165e-01
1.204060e+00	1.808855e+00	6.496484e-01
1.208748e+00	2.418575e+00	6.572491e-01
1.213436e+00	2.964410e+00	6.610250e-01
1.218124e+00	2.458835e+00	6.534721e-01
1.222813e+00	1.877100e+00	6.467422e-01
1.227501e+00	1.932915e+00	6.464016e-01
1.232189e+00	2.153735e+00	6.484218e-01
1.236877e+00	2.570245e+00	6.507759e-01
1.241566e+00	2.607675e+00	6.500094e-01
1.246254e+00	2.310315e+00	6.479661e-01
1.250942e+00	1.962990e+00	6.580630e-01
1.255630e+00	2.698840e+00	6.850493e-01
1.260318e+00	2.534120e+00	6.938091e-01
1.265007e+00	3.356980e+00	7.119481e-01
1.269695e+00	2.559660e+00	7.102143e-01
1.274383e+00	1.858875e+00	7.088874e-01
1.279071e+00	1.972425e+00	7.186731e-01
1.283760e+00	1.276315e+00	7.146600e-01
1.288448e+00	1.419225e+00	7.221073e-01
1.293136e+00	2.297505e+00	7.386505e-01
1.297824e+00	2.485590e+00	7.468916e-01
1.302513e+00	1.562310e+00	7.400681e-01
1.307201e+00	1.931010e+00	7.471002e-01
1.311889e+00	2.224025e+00	7.495940e-01
1.316577e+00	2.664735e+00	7.309480e-01
1.321265e+00	7.004900e-01	6.874169e-01
1.325954e+00	1.674055e+00	6.874269e-01
1.330642e+00	3.730370e+00	7.029573e-01
1.335330e+00	2.267165e+00	6.764334e-01
1.340018e+00	3.054035e+00	6.802239e-01
1.344707e+00	2.161355e+00	6.650946e-01
1.349395e+00	1.704120e+00	6.539739e-01
1.354083e+00	1.221400e+00	6.427726e-01
1.358771e+00	2.489150e+00	6.533316e-01
1.363460e+00	2.052850e+00	6.455983e-01
1.368148e+00	1.646690e+00	6.387162e-01
1.372836e+00	2.632990e+00	6.466801e-01
1.377524e+00	3.513800e+00	6.556726e-01
1.382212e+00	1.751585e+00	6.348927e-01
1.386901e+00	2.424600e+00	6.410753e-01
1.391589e+00	1.970020e+00	6.342716e-01
1.396277e+00	2.133985e+00	6.353819e-01
1.400965e+00	2.069515e+00	6.336013e-01
1.405654e+00	1.928780e+00	6.310375e-01
1.410342e+00	2.672905e+00	6.378840e-01
1.415030e+00	2.980485e+00	6.401864e-01
1.419718e+00	2.047620e+00	6.293683e-01
1.424406e+00	1.481785e+00	6.204196e-01
1.429095e+00	1.194645e+00	6.155402e-01
1.433783e+00	1.916250e-01	6.037290e-01
1.438471e+00	1.428530e+00	6.172199e-01
1.443159e+00	1.593080e+00	6.172619e-01
1.447848e+00	1.779505e+00	6.180033e-01
1.452536e+00	1.578550e+00	6.153271e-01
1.457224e+00	1.367390e+00	6.114775e-01
1.461912e+00	2.381695e+00	6.227379e-01
1.466601e+00	1.969260e+00	6.158507e-01
1.471289e+00	9.768500e-01	6.040806e-01
1.475977e+00	1.107745e+00	6.054344e-01
1.480665e+00	1.441590e+00	6.079170e-01
1.485353e+00	1.477635e+00	6.184675e-01
1.490042e+00	8.309950e-01	6.296192e-01
1.494730e+00	1.584745e+00	6.490265e-01
1.499418e+00	1.406505e+00	6.537079e-01
1.504106e+00	6.759800e-01	6.527008e-01
1.508795e+00	1.693480e+00	6.716081e-01
1.513483e+00	1.939000e+00	6.609105e-01
1.518171e+00	1.411385e+00	6.395278e-01
1.522859e+00	2.021280e+00	6.348719e-01
1.527548e+00	2.222145e+00	6.314857e-01
1.532236e+00	1.674200e+00	6.197734e-01
1.536924e+00	8.739150e-01	6.060279e-01
1.541612e+00	7.614500e-01	6.007009e-01
1.546300e+00	1.010665e+00	6.027604e-01
1.550989e+00	4.148800e-01	5.942174e-01
1.555677e+00	8.708350e-01	5.963067e-01
1.560365e+00	2.046995e+00	6.047440e-01
1.565053e+00	1.503000e+00	5.972227e-01
1.569742e+00	2.031485e+00	5.998481e-01
1.574430e+00	1.311385e+00	5.905652e-01
1.579118e+00	1.278730e+00	5.907977e-01
1.583806e+00	1.216135e+00	5.908090e-01
1.588495e+00	1.170950e-01	5.798923e-01
1.593183e+00	3.600800e-01	5.829172e-01
1.597871e+00	1.476530e+00	5.939175e-01
1.602559e+00	5.296300e-01	5.830614e-01
1.607247e+00	1.662335e+00	5.945090e-01
1.611936e+00	1.372275e+00	5.904739e-01
1.616624e+00	1.803050e+00	5.928006e-01
1.621312e+00	1.479785e+00	5.893694e-01
1.626000e+00	1.378490e+00	5.870589e-01
1.630689e+00	6.806150e-01	5.799101e-01
1.635377e+00	6.163300e-01	5.768869e-01
1.640065e+00	6.588150e-01	5.761444e-01
1.644753e+00	6.806550e-01	5.769120e-01
1.649441e+00	8.937100e-01	5.786889e-01
1.654130e+00	1.528245e+00	5.840300e-01
1.658818e+00	1.219505e+00	5.805417e-01
1.663506e+00	5.546450e-01	5.718645e-01
1.668194e+00	9.341550e-01	5.747943e-01
1.672883e+00	7.689600e-01	5.726643e-01
1.677571e+00	6.788650e-01	5.701648e-01
1.682259e+00	5.831300e-01	5.697456e-01
1.686947e+00	5.075050e-01	5.661152e-01
1.691636e+00	3.964900e-01	5.647775e-01
1.696324e+00	1.094815e+00	5.716856e-01
1.701012e+00	2.073355e+00	5.798492e-01
1.705700e+00	1.555885e+00	5.754855e-01
1.710388e+00	1.776960e+00	5.766746e-01
1.715077e+00	1.506885e+00	5.726605e-01
1.719765e+00	1.175590e+00	5.683692e-01
1.724453e+00	8.856350e-01	5.653761e-01
1.729141e+00	8.057900e-01	5.637091e-01
1.733830e+00	1.295090e+00	5.664127e-01
1.738518e+00	2.751400e-01	5.554814e-01
1.743206e+00	1.203010e+00	5.651674e-01
1.747894e+00	1.617585e+00	5.690140e-01
1.752583e+00	1.852915e+00	5.709346e-01
1.757271e+00	1.132465e+00	5.619058e-01
1.761959e+00	8.818250e-01	5.596013e-01
1.766647e+00	-1.247300e-01	5.478196e-01
1.771335e+00	9.980450e-01	5.586621e-01
1.776024e+00	7.142950e-01	5.552658e-01
1.780712e+00	4.021350e-01	5.524013e-01
1.785400e+00	5.433050e-01	5.514877e-01
1.790088e+00	4.570000e-01	5.492118e-01
1.794777e+00	8.440900e-01	5.545572e-01
1.799465e+00	7.926600e-01	5.524444e-01
1.804153e+00	1.669955e+00	5.603740e-01
1.808841e+00	8.277450e-01	5.511727e-01
1.813530e+00	3.952150e-01	5.457535e-01
1.818218e+00	1.980200e-01	5.429776e-01
1.822906e+00	8.566750e-01	5.501943e-01
1.827594e+00	8.052100e-01	5.486868e-01
1.832282e+00	1.278170e+00	5.513202e-01
1.836971e+00	1.568430e+00	5.552602e-01
1.841659e+00	-2.824500e-02	5.376678e-01
1.846347e+00	1.101875e+00	5.490847e-01
1.851035e+00	1.855350e+00	5.548291e-01
1.855724e+00	1.555350e-01	5.377124e-01
1.860412e+00	6.092250e-01	5.421367e-01
1.865100e+00	1.306680e+00	5.482288e-01
1.869788e+00	8.573150e-01	5.427827e-01
1.874476e+00	6.063150e-01	5.408102e-01
1.879165e+00	4.387300e-01	5.373745e-01
1.883853e+00	1.736450e+00	5.495015e-01
1.888541e+00	9.181100e-01	5.403113e-01
1.893229e+00	1.143995e+00	5.429891e-01
1.897918e+00	9.725500e-01	5.407432e-01
1.902606e+00	6.012050e-01	5.360708e-01
1.907294e+00	6.990300e-01	5.365374e-01
1.911982e+00	2.608450e-01	5.307643e-01
1.916671e+00	-3.372450e-01	5.242392e-01
1.921359e+00	5.810950e-01	5.330831e-01
1.926047e+00	6.160550e-01	5.335878e-01
1.930735e+00	8.476150e-01	5.344701e-01
1.935423e+00	2.318850e-01	5.272328e-01
1.940112e+00	1.456525e+00	5.380112e-01
1.944800e+00	8.857400e-01	5.323396e-01
1.949488e+00	7.480200e-01	5.296937e-01
1.954176e+00	5.357200e-01	5.270468e-01
1.958865e+00	6.479050e-01	5.253177e-01
1.963553e+00	5.869400e-01	5.250743e-01
1.968241e+00	1.637800e-01	5.194764e-01
1.972929e+00	9.414900e-01	5.271797e-01
1.977618e+00	2.765950e-01	5.197886e-01
1.982306e+00	2.560900e-01	5.187259e-01
1.986994e+00	6.869800e-01	5.229735e-01
1.991682e+00	7.011550e-01	5.234955e-01
1.996370e+00	6.867450e-01	5.222173e-01
2.001059e+00	7.536650e-01	5.251651e-01
2.005747e+00	1.332745e+00	5.297734e-01
2.010435e+00	5.212950e-01	5.210167e-01
2.015123e+00	3.365950e-01	5.188537e-01
2.019812e+00	3.129650e-01	5.182359e-01
2.024500e+00	-3.982200e-01	5.105634e-01
2.029188e+00	4.412800e-01	5.181757e-01
2.033876e+00	1.134700e+00	5.241176e-01
2.038565e+00	6.323900e-01	5.176110e-01
2.043253e+00	-1.766150e-01	5.101373e-01
2.047941e+00	9.985000e-03	5.125348e-01
2.052629e+00	4.217200e-01	5.189167e-01
2.057317e+00	5.851950e-01	5.349441e-01
2.062006e+00	-1.699900e-01	5.360922e-01
2.066694e+00	8.596500e-01	5.539259e-01
2.071382e+00	7.617550e-01	5.579686e-01
2.076070e+00	2.748900e-01	5.587986e-01
2.080759e+00	-2.363000e-02	5.604807e-01
2.085447e+00	9.118800e-01	5.738013e-01
2.090135e+00	8.283700e-01	5.754754e-01
2.094823e+00	8.267550e-01	5.769938e-01
2.099511e+00	1.138790e+00	5.825168e-01
2.104200e+00	1.400300e+00	5.863796e-01
2.108888e+00	6.392900e-01	5.789813e-01
2.113576e+00	2.363600e-01	5.759932e-01
2.118264e+00	1.083000e-02	5.677266e-01
2.122953e+00	1.894600e-01	5.541288e-01
2.127641e+00	3.777900e-01	5.452250e-01
2.132329e+00	8.424850e-01	5.448842e-01
2.137017e+00	7.409250e-01	5.378185e-01
2.141706e+00	-9.498500e-02	5.243850e-01
2.146394e+00	5.313550e-01	5.270887e-01
2.151082e+00	4.693350e-01	5.232900e-01
2.155770e+00	1.051950e+00	5.268544e-01
2.160458e+00	1.005535e+00	5.259116e-01
2.165147e+00	1.065850e+00	5.254357e-01
2.169835e+00	-1.009500e-01	5.121513e-01
2.174523e+00	2.334100e-01	5.145386e-01
2.179211e+00	-2.028250e-01	5.094844e-01
2.183900e+00	-5.655500e-02	5.101432e-01
2.188588e+00	-1.965500e-01	5.076631e-01
2.193276e+00	2.234100e-01	5.109721e-01
2.197964e+00	4.561550e-01	5.119286e-01
2.202653e+00	4.561950e-01	5.117300e-01
2.207341e+00	3.335250e-01	5.098587e-01
2.212029e+00	1.024960e+00	5.156021e-01
2.216717e+00	2.988100e-01	5.075434e-01
2.221405e+00	3.514000e-02	5.049397e-01
2.226094e+00	5.469500e-01	5.086920e-01
2.230782e+00	4.285150e-01	5.062564e-01
2.235470e+00	8.528100e-01	5.100388e-01
2.240158e+00	9.397900e-01	5.106267e-01
2.244847e+00	6.187500e-01	5.067020e-01
2.249535e+00	6.972200e-01	5.063697e-01
2.254223e+00	2.095950e-01	5.006621e-01
2.258911e+00	-4.976500e-02	4.971779e-01
2.263600e+00	8.910000e-03	4.980994e-01
2.268288e+00	7.292400e-01	5.047228e-01
2.272976e+00	4.133750e-01	5.008637e-01
2.277664e+00	5.605250e-01	5.016765e-01
2.282352e+00	4.541100e-01	4.991991e-01
2.287041e+00	5.620100e-01	5.005482e-01
2.291729e+00	7.429550e-01	5.012450e-01
2.296417e+00	3.948000e-01	4.969527e-01
2.301105e+00	5.894900e-01	4.984575e-01
2.305794e+00	3.861150e-01	4.955615e-01
2.310482e+00	1.442250e-01	4.924471e-01
2.315170e+00	4.198450e-01	4.954272e-01
2.319858e+00	1.479040e+00	5.043168e-01
2.324546e+00	8.607700e-01	4.982027e-01
2.329235e+00	6.601500e-02	4.889495e-01
2.333923e+00	3.366400e-01	4.921182e-01
2.338611e+00	8.118800e-01	4.960561e-01
2.343299e+00	7.080550e-01	4.949229e-01
2.347988e+00	1.290950e+00	4.980264e-01
2.352676e+00	5.172950e-01	4.909788e-01
2.357364e+00	2.706550e-01	4.883017e-01
2.362052e+00	4.359350e-01	4.893915e-01
2.366741e+00	7.561800e-01	4.930708e-01
2.371429e+00	8.174650e-01	4.923639e-01
2.376117e+00	4.044600e-01	4.879449e-01
2.380805e+00	7.918650e-01	4.911005e-01
2.385493e+00	1.495970e+00	4.969168e-01
2.390182e+00	-3.355500e-02	4.824311e-01
2.394870e+00	3.950000e-01	4.861647e-01
2.399558e+00	7.840150e-01	4.887714e-01
2.404246e+00	8.120700e-01	4.879863e-01
2.408935e+00	6.522350e-01	4.863919e-01
2.413623e+00	-1.228500e-02	4.802291e-01
2.418311e+00	7.864150e-01	4.865879e-01
2.422999e+00	1.126490e+00	4.894162e-01
2.427688e+00	6.332200e-01	4.839229e-01
2.432376e+00	4.514200e-01	4.822138e-01
2.437064e+00	3.037450e-01	4.810252e-01
2.441752e+00	7.112000e-02	4.770825e-01
2.446440e+00	1.419000e-02	4.760037e-01
2.451129e+00	4.289500e-01	4.793947e-01
2.455817e+00	4.690000e-01	4.796156e-01
2.460505e+00	4.921300e-01	4.790558e-01
2.465193e+00	1.117040e+00	4.846887e-01
2.469882e+00	5.750500e-02	4.737310e-01
2.474570e+00	8.327650e-01	4.807667e-01
2.479258e+00	4.154100e-01	4.766700e-01
2.483946e+00	1.336950e-01	4.736471e-01
2.488634e+00	3.295700e-01	4.747805e-01
2.493323e+00	1.574850e-01	4.728744e-01
2.498011e+00	3.502700e-01	4.749050e-01
2.502699e+00	1.077465e+00	4.802092e-01
2.507387e+00	-3.866000e-02	4.701893e-01
2.512076e+00	4.083700e-01	4.738514e-01
2.516764e+00	-1.222800e-01	4.681359e-01
2.521452e+00	4.303100e-01	4.726747e-01
2.526140e+00	-1.955600e-01	4.663375e-01
2.530829e+00	-4.204450e-01	4.637862e-01
2.535517e+00	-9.905500e-02	4.658718e-01
2.540205e+00	5.537200e-01	4.704905e-01
2.544893e+00	8.523950e-01	4.731331e-01
2.549581e+00	7.671700e-01	4.709416e-01
2.554270e+00	1.159460e+00	4.739029e-01
2.558958e+00	1.944100e-01	4.651089e-01
2.563646e+00	1.976100e-01	4.644746e-01
2.568334e+00	2.485300e-01	4.647117e-01
2.573023e+00	-3.057000e-01	4.591583e-01
2.577711e+00	3.678500e-01	4.640539e-01
2.582399e+00	7.049050e-01	4.669294e-01
2.587087e+00	5.732000e-01	4.656111e-01
2.591776e+00	2.048350e-01	4.626742e-01
2.596464e+00	1.250000e-01	4.619493e-01
2.601152e+00	1.296200e-01	4.612954e-01
2.605840e+00	1.124450e-01	4.618379e-01
2.610528e+00	4.730200e-01	4.640747e-01
2.615217e+00	9.380000e-02	4.606866e-01
2.619905e+00	-4.132850e-01	4.559009e-01
2.624593e+00	1.089800e-01	4.592253e-01
2.629281e+00	2.452600e-01	4.610550e-01
2.633970e+00	1.319000e-02	4.576086e-01
2.638658e+00	5.265000e-01	4.621650e-01
2.643346e+00	5.049000e-02	4.578359e-01
2.648034e+00	3.068500e-01	4.598963e-01
2.652723e+00	3.396350e-01	4.600689e-01
2.657411e+00	-2.784450e-01	4.534409e-01
2.662099e+00	1.076695e+00	4.651761e-01
2.666787e+00	1.025875e+00	4.637121e-01
2.671475e+00	5.581000e-01	4.598153e-01
2.676164e+00	7.116300e-01	4.608436e-01
2.680852e+00	6.933000e-02	4.552526e-01
2.685540e+00	2.708200e-01	4.563354e-01
2.690228e+00	9.826250e-01	4.624333e-01
2.694917e+00	5.720550e-01	4.581599e-01
2.699605e+00	5.599100e-01	4.576048e-01
2.704293e+00	-3.070000e-03	4.522196e-01
2.708981e+00	4.151850e-01	4.549751e-01
2.713669e+00	6.692950e-01	4.574310e-01
2.718358e+00	-1.731450e-01	4.491012e-01
2.723046e+00	9.088050e-01	4.585489e-01
2.727734e+00	7.829550e-01	4.570556e-01
2.732422e+00	1.951700e-01	4.511353e-01
2.737111e+00	6.932350e-01	4.548983e-01
2.741799e+00	4.565950e-01	4.533058e-01
2.746487e+00	5.872850e-01	4.535872e-01
2.751175e+00	6.736450e-01	4.540236e-01
2.755864e+00	6.637850e-01	4.529763e-01
2.760552e+00	4.650850e-01	4.511641e-01
2.765240e+00	7.014100e-01	4.530284e-01
2.769928e+00	6.958100e-01	4.530695e-01
2.774616e+00	3.655750e-01	4.496968e-01
2.779305e+00	2.572050e-01	4.480934e-01
2.783993e+00	1.482150e-01	4.465547e-01
2.788681e+00	6.714500e-02	4.451520e-01
2.793369e+00	-9.519500e-02	4.439449e-01
2.798058e+00	2.016150e-01	4.462689e-01
2.802746e+00	4.032800e-01	4.478112e-01
2.807434e+00	3.543850e-01	4.467026e-01
2.812122e+00	-5.025500e-02	4.430939e-01
2.816811e+00	4.948250e-01	4.473423e-01
2.821499e+00	5.605900e-01	4.477127e-01
2.826187e+00	7.725050e-01	4.490098e-01
2.830875e+00	5.096900e-01	4.458502e-01
2.835563e+00	5.013300e-01	4.458647e-01
2.840252e+00	8.292250e-01	4.478084e-01
2.844940e+00	3.257300e-01	4.437039e-01
2.849628e+00	5.541150e-01	4.452430e-01
2.854316e+00	2.609800e-01	4.428255e-01
2.859005e+00	2.301500e-01	4.500082e-01
2.863693e+00	4.834250e-01	4.624770e-01
2.868381e+00	3.861000e-02	4.642959e-01
2.873069e+00	3.789750e-01	4.725594e-01
2.877758e+00	9.967500e-02	4.739622e-01
2.882446e+00	2.690050e-01	4.775741e-01
2.887134e+00	4.794250e-01	4.807792e-01
2.891822e+00	4.725400e-01	4.827711e-01
2.896510e+00	5.482350e-01	4.853893e-01
2.901199e+00	3.937050e-01	4.850344e-01
2.905887e+00	1.406850e-01	4.837141e-01
2.910575e+00	1.045625e+00	4.928298e-01
2.915263e+00	5.127900e-01	4.890709e-01
2.919952e+00	3.311800e-01	4.877695e-01
2.924640e+00	1.004170e+00	4.812468e-01
2.929328e+00	5.464950e-01	4.685665e-01
2.934016e+00	7.684150e-01	4.641058e-01
2.938704e+00	5.138900e-01	4.588109e-01
2.943393e+00	6.792700e-01	4.570282e-01
2.948081e+00	7.233550e-01	4.548850e-01
2.952769e+00	3.217600e-01	4.505002e-01
2.957457e+00	-4.939900e-01	4.422925e-01
2.962146e+00	-3.229800e-01	4.420113e-01
2.966834e+00	2.639650e-01	4.463433e-01
2.971522e+00	6.751900e-01	4.493446e-01
2.976210e+00	3.825350e-01	4.477103e-01
2.980899e+00	-1.080000e-02	4.434783e-01
2.985587e+00	2.729050e-01	4.441100e-01
2.990275e+00	-2.268750e-01	4.384559e-01
2.994963e+00	8.836000e-01	4.480843e-01
2.999651e+00	8.210850e-01	4.468909e-01
3.004340e+00	3.876800e-01	4.433197e-01
3.009028e+00	-4.213800e-01	4.354257e-01
3.013716e+00	3.099950e-01	4.409778e-01
3.018404e+00	2.940550e-01	4.403157e-01
3.023093e+00	-6.721500e-02	4.365130e-01
3.027781e+00	3.846000e-02	4.364854e-01
3.032469e+00	2.425700e-01	4.385972e-01
3.037157e+00	1.406450e-01	4.367748e-01
3.041846e+00	5.479700e-01	4.403465e-01
3.046534e+00	5.189750e-01	4.390164e-01
3.051222e+00	3.506300e-01	4.372237e-01
3.055910e+00	7.099000e-01	4.394678e-01
3.060598e+00	3.792300e-01	4.372375e-01
3.065287e+00	-2.758750e-01	4.303791e-01
3.069975e+00	-1.207400e-01	4.311282e-01
3.074663e+00	1.099650e-01	4.329642e-01
3.079351e+00	4.173000e-01	4.349771e-01
3.084040e+00	-5.945500e-02	4.302530e-01
3.088728e+00	-4.906500e-01	4.261610e-01
3.093416e+00	-7.943000e-02	4.295590e-01
3.098104e+00	3.770300e-01	4.327638e-01
3.102793e+00	8.027600e-01	4.364394e-01
3.107481e+00	-1.405650e-01	4.281924e-01
3.112169e+00	2.461500e-01	4.305913e-01
3.116857e+00	2.290150e-01	4.301566e-01
3.121545e+00	5.632650e-01	4.321308e-01
3.126234e+00	4.861050e-01	4.320644e-01
3.130922e+00	4.905200e-01	4.313899e-01
3.135610e+00	9.445000e-03	4.268148e-01
3.140298e+00	-8.518000e-02	4.253233e-01
3.144987e+00	6.794950e-01	4.318706e-01
3.149675e+00	6.630550e-01	4.310374e-01
3.154363e+00	6.101500e-01	4.297250e-01
3.159051e+00	3.692750e-01	4.277580e-01
3.163739e+00	1.987150e-01	4.258798e-01
3.168428e+00	-3.013050e-01	4.214603e-01
3.173116e+00	2.234950e-01	4.253620e-01
3.177804e+00	6.154450e-01	4.282581e-01
3.182492e+00	7.816500e-02	4.239724e-01
3.187181e+00	7.636000e-01	4.289715e-01
3.191869e+00	3.600650e-01	4.248873e-01
3.196557e+00	3.982800e-01	4.247656e-01
3.201245e+00	-5.954850e-01	4.167310e-01
3.205934e+00	1.427750e-01	4.224148e-01
3.210622e+00	1.043640e+00	4.296712e-01
3.215310e+00	1.430750e-01	4.219214e-01
3.219998e+00	3.112150e-01	4.224140e-01
3.224686e+00	-4.085000e-03	4.192599e-01
3.229375e+00	-1.137150e-01	4.168895e-01
3.234063e+00	1.018830e+00	4.259286e-01
3.238751e+00	-2.430500e-02	4.174014e-01
3.243439e+00	3.038750e-01	4.192529e-01
3.248128e+00	5.351100e-01	4.208036e-01
3.252816e+00	1.079240e+00	4.256865e-01
3.257504e+00	1.041950e+00	4.242153e-01
3.262192e+00	5.485550e-01	4.202723e-01
3.266881e+00	3.576200e-01	4.176827e-01
3.271569e+00	7.027650e-01	4.202785e-01
3.276257e+00	6.182250e-01	4.198559e-01
3.280945e+00	5.137700e-01	4.190068e-01
3.285633e+00	7.047550e-01	4.210014e-01
3.290322e+00	8.212950e-01	4.219574e-01
3.295010e+00	3.020550e-01	4.172575e-01
3.299698e+00	1.037085e+00	4.227267e-01
3.304386e+00	2.969550e-01	4.163469e-01
3.309075e+00	4.676750e-01	4.175542e-01
3.313763e+00	-8.320000e-03	4.129532e-01
3.318451e+00	-5.509450e-01	4.087979e-01
3.323139e+00	-2.084200e-01	4.110556e-01
3.327828e+00	1.193450e-01	4.137421e-01
3.332516e+00	6.061650e-01	4.173268e-01
3.337204e+00	5.371400e-01	4.160629e-01
3.341892e+00	-4.899000e-02	4.116076e-01
3.346580e+00	4.825500e-01	4.148303e-01
3.351269e+00	2.504000e-01	4.127618e-01
3.355957e+00	6.086350e-01	4.174853e-01
3.360645e+00	1.178490e+00	4.313796e-01
3.365333e+00	9.084000e-02	4.290679e-01
3.370022e+00	3.506750e-01	4.357477e-01
3.374710e+00	7.804750e-01	4.411274e-01
3.379398e+00	-1.983200e-01	4.339716e-01
3.384086e+00	3.987450e-01	4.406335e-01
3.388774e+00	5.012050e-01	4.419139e-01
3.393463e+00	3.962550e-01	4.414365e-01
3.398151e+00	5.400900e-01	4.421841e-01
3.402839e+00	1.695000e-03	4.382842e-01
3.407527e+00	2.929750e-01	4.420063e-01
3.412216e+00	4.356650e-01	4.448421e-01
3.416904e+00	1.554650e-01	4.422940e-01
3.421592e+00	5.755200e-01	4.465832e-01
3.426280e+00	7.068300e-01	4.487265e-01
3.430969e+00	4.438600e-01	4.473553e-01
3.435657e+00	5.695000e-02	4.444316e-01
3.440345e+00	-8.005000e-03	4.445351e-01
3.445033e+00	5.526000e-01	4.510131e-01
3.449721e+00	8.083100e-01	4.527663e-01
3.454410e+00	9.196500e-02	4.470853e-01
3.459098e+00	9.022200e-01	4.552052e-01
3.463786e+00	4.329400e-01	4.512660e-01
3.468474e+00	-1.391650e-01	4.469577e-01
3.473163e+00	3.967150e-01	4.525242e-01
3.477851e+00	7.467900e-01	4.555586e-01
3.482539e+00	6.940000e-02	4.504552e-01
3.487227e+00	4.875050e-01	4.540988e-01
3.491916e+00	-2.252400e-01	4.494365e-01
3.496604e+00	8.533500e-01	4.593522e-01
3.501292e+00	1.251950e-01	4.525474e-01
3.505980e+00	-9.910500e-02	4.510422e-01
3.510668e+00	5.228800e-01	4.576635e-01
3.515357e+00	5.312350e-01	4.581646e-01
3.520045e+00	7.322150e-01	4.599992e-01
3.524733e+00	6.609500e-01	4.598654e-01
3.529421e+00	5.480850e-01	4.590617e-01
3.534110e+00	2.546500e-01	4.565367e-01
3.538798e+00	5.552350e-01	4.601074e-01
3.543486e+00	8.306150e-01	4.630173e-01
3.548174e+00	1.606350e-01	4.581179e-01
3.552863e+00	1.872700e-01	4.588114e-01
3.557551e+00	6.099000e-02	4.583838e-01
3.562239e+00	3.360550e-01	4.605956e-01
3.566927e+00	1.693500e-02	4.575930e-01
3.571615e+00	2.471800e-01	4.598862e-01
3.576304e+00	5.955800e-01	4.637901e-01
3.580992e+00	3.341200e-01	4.616489e-01
3.585680e+00	3.989100e-01	4.612288e-01
3.590368e+00	1.466200e-01	4.587458e-01
3.595057e+00	4.635400e-01	4.618516e-01
3.599745e+00	-9.786000e-02	4.557609e-01
3.604433e+00	1.301000e-02	4.568881e-01
3.609121e+00	1.591900e-01	4.585478e-01
3.613809e+00	9.363000e-01	4.653232e-01
3.618498e+00	7.711450e-01	4.636790e-01
3.623186e+00	-3.132400e-01	4.538216e-01
3.627874e+00	4.227450e-01	4.612838e-01
3.632562e+00	-4.695850e-01	4.536111e-01
3.637251e+00	3.615300e-01	4.622066e-01
3.641939e+00	1.973850e-01	4.605741e-01
3.646627e+00	1.095650e-01	4.594196e-01
3.651315e+00	9.685000e-02	4.596771e-01
3.656004e+00	8.738500e-02	4.612841e-01
3.660692e+00	-2.194850e-01	4.673646e-01
3.665380e+00	3.941200e-01	4.886552e-01
3.670068e+00	1.063500e-02	4.926026e-01
3.674756e+00	-4.986200e-01	4.948050e-01
3.679445e+00	3.590250e-01	5.094378e-01
3.684133e+00	6.792850e-01	5.159745e-01
3.688821e+00	1.730000e-02	5.125671e-01
3.693509e+00	-4.288150e-01	5.105609e-01
3.698198e+00	2.602700e-01	5.200844e-01
3.702886e+00	2.369400e-01	5.232519e-01
3.707574e+00	5.102950e-01	5.287814e-01
3.712262e+00	8.457300e-01	5.354896e-01
3.716951e+00	6.661650e-01	5.361146e-01
3.721639e+00	2.907000e-02	5.316081e-01
3.726327e+00	4.543900e-01	5.378484e-01
3.731015e+00	8.282300e-01	5.438457e-01
3.735703e+00	6.597100e-01	5.450732e-01
3.740392e+00	3.967800e-01	5.445593e-01
3.745080e+00	-3.332550e-01	5.392588e-01
3.749768e+00	-4.578000e-02	5.443742e-01
3.754456e+00	-2.115300e-01	5.450274e-01
3.759145e+00	-4.392450e-01	5.447573e-01
3.763833e+00	3.395750e-01	5.553046e-01
3.768521e+00	-5.257800e-01	5.470437e-01
3.773209e+00	1.414200e-01	5.575465e-01
3.777897e+00	-2.147800e-01	5.555295e-01
3.782586e+00	4.939000e-02	5.613133e-01
3.787274e+00	1.047800e-01	5.642491e-01
3.791962e+00	1.008860e+00	5.750022e-01
3.796650e+00	2.029500e-02	5.668499e-01
3.801339e+00	-1.165000e-02	5.689062e-01
3.806027e+00	-1.089050e-01	5.705299e-01
3.810715e+00	7.702100e-01	5.818884e-01
3.815403e+00	1.908700e-01	5.781939e-01
3.820092e+00	3.482450e-01	5.827947e-01
3.824780e+00	5.167450e-01	5.848362e-01
3.829468e+00	1.600900e-01	5.842765e-01
3.834156e+00	1.698650e-01	5.851793e-01
3.838844e+00	5.936850e-01	5.927495e-01
3.843533e+00	3.315000e-03	5.882310e-01
3.848221e+00	9.839400e-01	6.020337e-01
3.852909e+00	3.521100e-01	5.959487e-01
3.857597e+00	1.526100e-01	5.963035e-01
3.862286e+00	3.025950e-01	6.010191e-01
3.866974e+00	1.080400e-01	6.005955e-01
3.871662e+00	-8.118000e-01	5.899028e-01
3.876350e+00	1.598850e-01	6.038465e-01
3.881039e+00	4.581400e-01	6.101529e-01
3.885727e+00	5.736050e-01	6.137578e-01
3.890415e+00	-2.073400e-01	6.058919e-01
3.895103e+00	-8.672500e-02	6.100437e-01
3.899791e+00	4.975050e-01	6.186272e-01
3.904480e+00	-4.057700e-01	6.111847e-01
3.909168e+00	4.237750e-01	6.227220e-01
3.913856e+00	5.988350e-01	6.281899e-01
3.918544e+00	1.670550e-01	6.254161e-01
3.923233e+00	-3.639600e-01	6.206239e-01
3.927921e+00	7.051500e-01	6.351256e-01
3.932609e+00	-2.978000e-02	6.283859e-01
3.937297e+00	5.667400e-01	6.369447e-01
3.941986e+00	8.138100e-01	6.393564e-01
3.946674e+00	8.480700e-01	6.401739e-01
3.951362e+00	-1.118200e-01	6.296326e-01
3.956050e+00	6.140650e-01	6.369502e-01
3.960738e+00	1.934305e+00	6.534865e-01
3.965427e+00	1.876375e+00	6.541767e-01
3.970115e+00	7.515000e-01	6.412369e-01
3.974803e+00	9.443750e-01	6.469130e-01
3.979491e+00	-1.492100e-01	6.347274e-01
3.984180e+00	-8.351700e-01	6.272198e-01
3.988868e+00	-1.529200e-01	6.405206e-01
3.993556e+00	-6.480200e-01	6.351072e-01
3.998244e+00	1.726500e-01	6.462654e-01
4.002932e+00	-1.155800e-01	6.453576e-01
4.007621e+00	-8.621000e-02	6.489724e-01
4.012309e+00	3.964050e-01	6.556196e-01
4.016997e+00	-1.859600e-01	6.497625e-01
4.021685e+00	-1.031700e-01	6.532472e-01
4.026374e+00	7.090000e-02	6.593054e-01
4.031062e+00	-1.952800e-01	6.570283e-01
4.035750e+00	3.737500e-01	6.687057e-01
4.040438e+00	6.214450e-01	6.743246e-01
4.045127e+00	1.434590e+00	6.858365e-01
4.049815e+00	6.132950e-01	6.782854e-01
4.054503e+00	-2.469150e-01	6.689050e-01
4.059191e+00	3.494050e-01	6.777784e-01
4.063879e+00	-3.816000e-02	6.753264e-01
4.068568e+00	1.668265e+00	7.010888e-01
4.073256e+00	6.987100e-01	6.907519e-01
4.077944e+00	-3.018500e-02	6.814527e-01
4.082632e+00	8.286100e-01	6.952195e-01
4.087321e+00	8.759300e-01	6.998666e-01
4.092009e+00	-3.157850e-01	6.867493e-01
4.096697e+00	3.381300e-01	6.988793e-01
4.101385e+00	5.951850e-01	7.021656e-01
4.106074e+00	-3.154500e-02	6.975811e-01
4.110762e+00	-1.330200e-01	6.976486e-01
4.115450e+00	2.520600e-01	7.062232e-01
4.120138e+00	-8.046650e-01	6.951699e-01
4.124826e+00	-1.024735e+00	6.941146e-01
4.129515e+00	-4.534700e-01	7.064106e-01
4.134203e+00	6.413200e-01	7.222378e-01
4.138891e+00	7.985000e-02	7.176396e-01
4.143579e+00	-4.519500e-02	7.179071e-01
4.148268e+00	1.174920e+00	7.392905e-01
4.152956e+00	6.446750e-01	7.341389e-01
4.157644e+00	3.001750e-01	7.290362e-01
4.162332e+00	8.228450e-01	7.413501e-01
4.167021e+00	-2.135000e-01	7.293778e-01
4.171709e+00	-1.184395e+00	7.158009e-01
4.176397e+00	7.631000e-02	7.383524e-01
4.181085e+00	9.046150e-01	7.523896e-01
4.185773e+00	7.505900e-01	7.527642e-01
4.190462e+00	-5.695250e-01	7.376427e-01
4.195150e+00	3.855500e-01	7.559219e-01
4.199838e+00	7.726150e-01	7.628475e-01
4.204526e+00	1.190300e-01	7.550003e-01
4.209215e+00	-4.280000e-02	7.570731e-01
4.213903e+00	1.566300e-01	7.626142e-01
4.218591e+00	4.956450e-01	7.704103e-01
4.223279e+00	-7.149050e-01	7.564034e-01
4.227967e+00	-6.511150e-01	7.588337e-01
4.232656e+00	-1.086020e+00	7.562057e-01
4.237344e+00	6.774500e-02	7.765091e-01
4.242032e+00	-6.674800e-01	7.673010e-01
4.246720e+00	-7.488850e-01	7.686202e-01
4.251409e+00	1.871950e-01	7.880139e-01
4.256097e+00	-8.322350e-01	7.784544e-01
4.260785e+00	1.385800e-01	7.948732e-01
4.265473e+00	1.503950e-01	7.970385e-01
4.270162e+00	5.635550e-01	8.075385e-01
4.274850e+00	8.413900e-01	8.190516e-01
4.279538e+00	3.159200e-01	8.149663e-01
4.284226e+00	-1.031500e-01	8.078936e-01
4.288914e+00	-4.539500e-02	8.122495e-01
4.293603e+00	-4.677050e-01	8.062633e-01
4.298291e+00	-6.244900e-01	8.073392e-01
4.302979e+00	-6.917350e-01	8.084440e-01
4.307667e+00	-5.372100e-01	8.163040e-01
4.312356e+00	-3.621750e-01	8.208529e-01
4.317044e+00	-2.575500e-02	8.320130e-01
4.321732e+00	1.092580e+00	8.519010e-01
4.326420e+00	6.097850e-01	8.503321e-01
4.331109e+00	-1.086090e+00	8.261693e-01
4.335797e+00	3.527700e-01	8.511305e-01
4.340485e+00	-4.873800e-01	8.436169e-01
4.345173e+00	6.902900e-01	8.659293e-01
4.349861e+00	-2.591200e-01	8.557143e-01
4.354550e+00	-7.312300e-01	8.515348e-01
4.359238e+00	-3.885450e-01	8.592084e-01
4.363926e+00	1.059955e+00	8.890494e-01
4.368614e+00	1.498625e+00	9.022967e-01
4.373303e+00	1.019365e+00	8.970419e-01
4.377991e+00	5.537500e-02	8.850423e-01
4.382679e+00	7.902450e-01	8.998821e-01
4.387367e+00	2.279900e-01	8.936998e-01
4.392056e+00	1.967750e-01	8.990887e-01
4.396744e+00	1.113930e+00	9.203738e-01
4.401432e+00	6.704500e-01	9.171470e-01
4.406120e+00	1.410865e+00	9.321022e-01
4.410808e+00	8.175200e-01	9.239879e-01
4.415497e+00	1.124765e+00	9.293803e-01
4.420185e+00	4.634400e-01	9.163571e-01
4.424873e+00	1.157400e-01	9.102401e-01
4.429561e+00	4.048000e-01	9.183991e-01
4.434250e+00	4.646500e-02	9.137249e-01
4.438938e+00	1.319750e-01	9.145025e-01
4.443626e+00	3.758250e-01	9.207502e-01
4.448314e+00	6.476000e-02	9.168383e-01
4.453002e+00	5.701450e-01	9.304803e-01
4.457691e+00	2.259750e-01	9.297510e-01
4.462379e+00	4.916500e-02	9.319764e-01
4.467067e+00	4.838550e-01	9.422802e-01
4.471755e+00	-2.800050e-01	9.343276e-01
4.476444e+00	7.249350e-01	9.584011e-01
4.481132e+00	4.958500e-02	9.519025e-01
4.485820e+00	7.645400e-01	9.706937e-01
4.490508e+00	7.140000e-03	9.597092e-01
4.495197e+00	1.098135e+00	9.837498e-01
4.499885e+00	-6.097500e-02	9.694092e-01
4.504573e+00	7.179500e-02	9.757072e-01
4.509261e+00	4.841200e-01	9.898293e-01
4.513949e+00	1.076325e+00	1.007949e+00
4.518638e+00	1.742185e+00	1.026157e+00
4.523326e+00	2.841990e+00	1.051604e+00
4.528014e+00	1.557470e+00	1.029879e+00
4.532702e+00	1.535225e+00	1.042030e+00
4.537391e+00	1.450750e-01	1.019005e+00
4.542079e+00	-8.338450e-01	1.005685e+00
4.546767e+00	-6.911950e-01	1.011252e+00
4.551455e+00	-1.417050e-01	1.032647e+00
4.556144e+00	5.700150e-01	1.054016e+00
4.560832e+00	-1.298350e-01	1.043214e+00
4.565520e+00	-4.128550e-01	1.045340e+00
4.570208e+00	3.573000e-02	1.062515e+00
4.574896e+00	-9.623750e-01	1.045378e+00
4.579585e+00	-7.550750e-01	1.059487e+00
4.584273e+00	-3.818000e-01	1.076579e+00
4.588961e+00	3.386050e-01	1.100682e+00
4.593649e+00	-9.064950e-01	1.076197e+00
4.598338e+00	-1.407675e+00	1.072143e+00
4.603026e+00	-8.284650e-01	1.094167e+00
4.607714e+00	6.990800e-01	1.138692e+00
4.612402e+00	3.625550e-01	1.135961e+00
4.617091e+00	9.551200e-01	1.155325e+00
4.621779e+00	7.552500e-01	1.158606e+00
4.626467e+00	-7.723300e-01	1.135167e+00
4.631155e+00	-2.000050e-01	1.157053e+00
4.635843e+00	-1.424600e-01	1.161294e+00
4.640532e+00	5.654450e-01	1.190512e+00
4.645220e+00	1.416705e+00	1.222441e+00
4.649908e+00	-1.174965e+00	1.172005e+00
4.654596e+00	-1.414225e+00	1.173486e+00
4.659285e+00	3.399850e-01	1.225920e+00
4.663973e+00	5.966200e-01	1.240940e+00
4.668661e+00	-8.108000e-02	1.235236e+00
4.673349e+00	3.004100e-01	1.254927e+00
4.678037e+00	8.765750e-01	1.281600e+00
4.682726e+00	-5.720300e-01	1.252958e+00
4.687414e+00	5.017150e-01	1.292620e+00
4.692102e+00	-7.821500e-02	1.287479e+00
4.696790e+00	1.602595e+00	1.345804e+00
4.701479e+00	1.239695e+00	1.349711e+00
4.706167e+00	-1.360260e+00	1.292494e+00
4.710855e+00	4.905800e-01	1.349489e+00
4.715543e+00	1.182985e+00	1.383322e+00
4.720232e+00	9.517100e-01	1.394052e+00
4.724920e+00	1.487830e+00	1.420359e+00
4.729608e+00	-6.551200e-01	1.377826e+00
4.734296e+00	1.136755e+00	1.439245e+00
4.738984e+00	9.894250e-01	1.451487e+00
4.743673e+00	-1.475700e-01	1.437243e+00
4.748361e+00	2.270840e+00	1.518651e+00
4.753049e+00	1.198585e+00	1.500755e+00
4.757737e+00	-1.487900e-01	1.490366e+00
4.762426e+00	4.444750e-01	1.523489e+00
4.767114e+00	1.890440e+00	1.586737e+00
4.771802e+00	1.498105e+00	1.592603e+00
4.776490e+00	1.719300e-01	1.563181e+00
4.781179e+00	-8.922500e-02	1.587485e+00
4.785867e+00	2.943825e+00	1.703297e+00
4.790555e+00	-1.427400e-01	1.629143e+00
4.795243e+00	-1.654870e+00	1.598942e+00
4.799931e+00	-1.521280e+00	1.632856e+00
4.804620e+00	-8.716600e-01	1.671284e+00
4.809308e+00	3.305300e-01	1.746409e+00
4.813996e+00	-1.766210e+00	1.702018e+00
4.818684e+00	-2.168970e+00	1.712500e+00
4.823373e+00	2.041040e+00	1.888231e+00
4.828061e+00	1.190290e+00	1.890058e+00
4.832749e+00	-2.301510e+00	1.801469e+00
4.837437e+00	-1.360755e+00	1.881651e+00
4.842125e+00	5.130350e-01	1.989561e+00
4.846814e+00	1.142365e+00	2.050488e+00
4.851502e+00	-3.966200e-01	2.037150e+00
4.856190e+00	2.644400e-01	2.097201e+00
4.860878e+00	3.596440e+00	2.281820e+00
4.865567e+00	1.745985e+00	2.270479e+00
4.870255e+00	1.253705e+00	2.297244e+00
4.874943e+00	-1.857990e+00	2.220173e+00
4.879631e+00	-1.866340e+00	2.282880e+00
4.884320e+00	-4.570750e-01	2.428371e+00
4.889008e+00	1.159695e+00	2.583973e+00
4.893696e+00	4.642445e+00	2.850815e+00
4.898384e+00	8.617200e-01	2.775784e+00
4.903072e+00	-3.934370e+00	2.613261e+00
4.907761e+00	-1.897035e+00	2.858577e+00
4.912449e+00	3.599800e-01	4.187432e+00
4.917137e+00	7.573725e+00	1.351147e+01
