# Sample description: GI
# Parent(s): ../20151214/GI_no_protection/1d/GI_np_030_00065.dat
# No protection
3.200246e-02	2.576320e+01	2.005980e+01
3.669069e-02	7.844050e+01	1.626771e+01
4.137892e-02	1.433954e+02	1.464378e+01
4.606715e-02	2.179860e+02	1.196332e+01
5.075538e-02	1.969118e+02	9.310190e+00
5.544361e-02	1.902600e+02	7.711977e+00
6.013183e-02	1.831627e+02	6.728017e+00
6.482006e-02	1.776764e+02	6.017373e+00
6.950829e-02	1.786314e+02	5.498130e+00
7.419652e-02	1.765967e+02	5.055080e+00
7.888475e-02	1.697863e+02	4.693663e+00
8.357298e-02	1.619353e+02	4.374312e+00
8.826121e-02	1.614959e+02	4.163751e+00
9.294944e-02	1.566377e+02	3.937703e+00
9.763767e-02	1.588428e+02	3.797135e+00
1.023259e-01	1.612755e+02	3.686131e+00
1.070141e-01	1.554605e+02	3.522851e+00
1.117024e-01	1.558611e+02	3.421933e+00
1.163906e-01	1.494981e+02	3.267414e+00
1.210788e-01	1.435625e+02	3.137237e+00
1.257670e-01	1.453234e+02	3.075905e+00
1.304553e-01	1.511526e+02	3.056061e+00
1.351435e-01	1.480982e+02	2.963266e+00
1.398317e-01	1.420880e+02	2.854828e+00
1.445200e-01	1.424278e+02	2.799513e+00
1.492082e-01	1.429509e+02	2.752494e+00
1.538964e-01	1.406164e+02	2.681337e+00
1.585846e-01	1.380464e+02	2.612495e+00
1.632729e-01	1.389747e+02	2.576590e+00
1.679611e-01	1.370711e+02	2.522556e+00
1.726493e-01	1.343980e+02	2.462025e+00
1.773376e-01	1.361943e+02	2.434233e+00
1.820258e-01	1.372817e+02	2.407831e+00
1.867140e-01	1.336344e+02	2.349994e+00
1.914022e-01	1.301962e+02	2.293757e+00
1.960905e-01	1.305989e+02	2.262300e+00
2.007787e-01	1.335581e+02	2.256932e+00
2.054669e-01	1.293589e+02	2.200908e+00
2.101552e-01	1.279161e+02	2.164897e+00
2.148434e-01	1.278044e+02	2.135911e+00
2.195316e-01	1.264963e+02	2.101680e+00
2.242199e-01	1.271320e+02	2.082348e+00
2.289081e-01	1.262583e+02	2.054611e+00
2.335963e-01	1.227485e+02	2.008603e+00
2.382845e-01	1.229495e+02	1.987520e+00
2.429728e-01	1.213443e+02	1.956695e+00
2.476610e-01	1.203436e+02	1.931325e+00
2.523492e-01	1.188057e+02	1.901703e+00
2.570375e-01	1.192865e+02	1.884379e+00
2.617257e-01	1.170930e+02	1.852895e+00
2.664139e-01	1.152301e+02	1.824129e+00
2.711021e-01	1.136289e+02	1.797732e+00
2.757904e-01	1.143245e+02	1.784874e+00
2.804786e-01	1.122567e+02	1.757638e+00
2.851668e-01	1.080519e+02	1.716446e+00
2.898551e-01	1.077621e+02	1.699442e+00
2.945433e-01	1.080058e+02	1.687141e+00
2.992315e-01	1.062990e+02	1.700447e+00
3.039197e-01	1.067643e+02	1.716011e+00
3.086080e-01	1.053025e+02	1.712430e+00
3.132962e-01	1.005676e+02	1.680860e+00
3.179844e-01	9.870091e+01	1.667998e+00
3.226727e-01	9.967208e+01	1.674752e+00
3.273609e-01	9.863884e+01	1.665402e+00
3.320491e-01	9.743528e+01	1.653766e+00
3.367374e-01	9.854167e+01	1.657572e+00
3.414256e-01	9.489840e+01	1.629529e+00
3.461138e-01	9.383583e+01	1.619449e+00
3.508020e-01	9.201850e+01	1.602605e+00
3.554903e-01	9.051412e+01	1.586272e+00
3.601785e-01	9.108064e+01	1.587082e+00
3.648667e-01	8.792656e+01	1.577283e+00
3.695550e-01	8.531464e+01	1.594117e+00
3.742432e-01	8.396873e+01	1.603046e+00
3.789314e-01	8.367417e+01	1.615370e+00
3.836196e-01	8.209504e+01	1.613139e+00
3.883079e-01	8.051237e+01	1.611023e+00
3.929961e-01	7.978870e+01	1.620289e+00
3.976843e-01	7.868610e+01	1.632609e+00
4.023726e-01	7.951707e+01	1.656033e+00
4.070608e-01	7.722383e+01	1.644718e+00
4.117490e-01	7.395083e+01	1.621939e+00
4.164372e-01	7.588826e+01	1.639110e+00
4.211255e-01	7.236286e+01	1.614234e+00
4.258137e-01	7.346649e+01	1.624349e+00
4.305019e-01	7.286344e+01	1.618661e+00
4.351902e-01	6.973069e+01	1.589474e+00
4.398784e-01	6.863601e+01	1.578169e+00
4.445666e-01	6.870977e+01	1.598786e+00
4.492548e-01	6.719675e+01	1.638952e+00
4.539431e-01	6.474837e+01	1.647125e+00
4.586313e-01	6.343194e+01	1.658563e+00
4.633195e-01	6.406467e+01	1.687711e+00
4.680078e-01	6.212759e+01	1.687622e+00
4.726960e-01	5.920984e+01	1.679075e+00
4.773842e-01	5.918956e+01	1.694779e+00
4.820725e-01	5.881408e+01	1.708450e+00
4.867607e-01	5.845810e+01	1.722037e+00
4.914489e-01	5.674386e+01	1.716580e+00
4.961371e-01	5.452105e+01	1.710327e+00
5.008254e-01	5.681061e+01	1.747058e+00
5.055136e-01	5.318495e+01	1.724025e+00
5.102018e-01	5.198117e+01	1.672957e+00
5.148901e-01	5.258571e+01	1.619517e+00
5.195783e-01	4.860372e+01	1.552509e+00
5.242665e-01	4.825371e+01	1.529711e+00
5.289547e-01	4.880392e+01	1.521092e+00
5.336430e-01	4.717594e+01	1.490751e+00
5.383312e-01	4.775547e+01	1.483254e+00
5.430194e-01	4.603525e+01	1.459411e+00
5.477077e-01	4.374111e+01	1.427563e+00
5.523959e-01	4.441571e+01	1.425587e+00
5.570841e-01	4.283915e+01	1.402913e+00
5.617723e-01	4.031974e+01	1.371658e+00
5.664606e-01	4.087409e+01	1.370827e+00
5.711488e-01	3.894008e+01	1.345725e+00
5.758370e-01	3.843389e+01	1.332744e+00
5.805253e-01	3.866071e+01	1.327778e+00
5.852135e-01	3.791666e+01	1.308730e+00
5.899017e-01	3.747854e+01	1.296835e+00
5.945900e-01	3.636489e+01	1.276790e+00
5.992782e-01	3.709026e+01	1.274211e+00
6.039664e-01	3.390599e+01	1.235546e+00
6.086546e-01	3.455765e+01	1.234293e+00
6.133429e-01	3.336048e+01	1.213569e+00
6.180311e-01	3.272642e+01	1.201833e+00
6.227193e-01	3.258451e+01	1.191827e+00
6.274076e-01	3.047016e+01	1.166470e+00
6.320958e-01	2.877381e+01	1.144725e+00
6.367840e-01	2.878627e+01	1.142033e+00
6.414722e-01	2.849977e+01	1.135472e+00
6.461605e-01	2.863193e+01	1.134317e+00
6.508487e-01	2.748850e+01	1.121460e+00
6.555369e-01	2.792739e+01	1.120731e+00
6.602252e-01	2.630472e+01	1.102540e+00
6.649134e-01	2.565192e+01	1.093208e+00
6.696016e-01	2.570964e+01	1.090484e+00
6.742898e-01	2.657658e+01	1.096181e+00
6.789781e-01	2.427819e+01	1.071845e+00
6.836663e-01	2.319304e+01	1.057958e+00
6.883545e-01	2.435528e+01	1.067098e+00
6.930428e-01	2.380044e+01	1.059006e+00
6.977310e-01	2.189311e+01	1.035959e+00
7.024192e-01	1.967602e+01	1.009524e+00
7.071074e-01	2.011348e+01	1.012397e+00
7.117957e-01	2.099459e+01	1.020118e+00
7.164839e-01	2.092714e+01	1.016473e+00
7.211721e-01	2.171892e+01	1.022971e+00
7.258604e-01	1.857466e+01	9.861213e-01
7.305486e-01	1.930134e+01	9.927015e-01
7.352368e-01	1.746719e+01	9.704662e-01
7.399251e-01	1.831115e+01	9.767898e-01
7.446133e-01	1.864138e+01	9.787376e-01
7.493015e-01	1.695146e+01	9.600239e-01
7.539897e-01	1.589088e+01	9.435325e-01
7.586780e-01	1.640977e+01	9.481423e-01
7.633662e-01	1.461055e+01	9.270409e-01
7.680544e-01	1.532314e+01	9.326632e-01
7.727427e-01	1.483872e+01	9.240973e-01
7.774309e-01	1.436617e+01	9.181490e-01
7.821191e-01	1.372829e+01	9.092428e-01
7.868073e-01	1.351512e+01	9.034141e-01
7.914956e-01	1.228546e+01	8.884508e-01
7.961838e-01	1.240891e+01	8.877242e-01
8.008720e-01	1.308923e+01	8.944594e-01
8.055603e-01	1.219400e+01	8.827007e-01
8.102485e-01	1.207189e+01	8.809467e-01
8.149367e-01	1.221081e+01	8.789174e-01
8.196249e-01	1.104671e+01	8.629804e-01
8.243132e-01	1.159063e+01	8.674478e-01
8.290014e-01	1.038953e+01	8.524568e-01
8.336896e-01	1.023132e+01	8.496250e-01
8.383779e-01	1.078269e+01	8.534397e-01
8.430661e-01	9.568925e+00	8.384912e-01
8.477543e-01	9.325950e+00	8.357626e-01
8.524425e-01	8.707935e+00	8.260036e-01
8.571308e-01	8.252765e+00	8.201802e-01
8.618190e-01	9.092360e+00	8.258525e-01
8.665072e-01	1.012162e+01	8.354607e-01
8.711955e-01	8.302870e+00	8.126094e-01
8.758837e-01	7.471775e+00	8.021042e-01
8.805719e-01	7.851940e+00	8.055278e-01
8.852602e-01	7.730060e+00	8.037548e-01
8.899484e-01	7.572160e+00	7.990179e-01
8.946366e-01	7.082045e+00	7.917360e-01
8.993248e-01	8.649355e+00	8.087441e-01
9.040131e-01	7.592055e+00	7.955681e-01
9.087013e-01	6.810785e+00	7.847539e-01
9.133895e-01	6.842750e+00	7.825501e-01
9.180778e-01	6.766325e+00	7.784751e-01
9.227660e-01	6.333800e+00	7.717711e-01
9.274542e-01	7.025270e+00	7.805109e-01
9.321424e-01	7.024530e+00	7.772860e-01
9.368307e-01	6.825785e+00	7.751663e-01
9.415189e-01	7.336645e+00	7.796784e-01
9.462071e-01	5.685570e+00	7.600049e-01
9.508954e-01	5.773655e+00	7.572731e-01
9.555836e-01	5.060675e+00	7.480555e-01
9.602718e-01	5.474170e+00	7.539092e-01
9.649600e-01	5.791185e+00	7.547912e-01
9.696483e-01	4.600705e+00	7.387123e-01
9.743365e-01	4.031205e+00	7.319225e-01
9.790247e-01	5.311555e+00	7.444527e-01
9.837130e-01	4.515675e+00	7.342545e-01
9.884012e-01	4.775475e+00	7.354797e-01
9.930894e-01	5.480250e+00	7.428190e-01
9.977777e-01	4.805415e+00	7.331592e-01
1.002466e+00	3.916695e+00	7.226294e-01
1.007154e+00	4.788350e+00	7.300688e-01
1.011842e+00	4.574885e+00	7.261416e-01
1.016531e+00	4.908180e+00	7.305457e-01
1.021219e+00	2.777690e+00	7.032037e-01
1.025907e+00	2.936475e+00	7.037911e-01
1.030595e+00	3.686710e+00	7.117778e-01
1.035283e+00	3.579480e+00	7.091860e-01
1.039972e+00	4.588400e+00	7.207578e-01
1.044660e+00	3.484415e+00	7.074754e-01
1.049348e+00	3.420790e+00	7.041614e-01
1.054036e+00	3.828105e+00	7.075366e-01
1.058725e+00	4.604165e+00	7.146373e-01
1.063413e+00	3.978050e+00	7.072441e-01
1.068101e+00	2.938460e+00	6.940165e-01
1.072789e+00	4.617315e+00	7.121022e-01
1.077478e+00	3.877875e+00	7.022902e-01
1.082166e+00	4.403995e+00	7.073505e-01
1.086854e+00	3.612130e+00	6.973358e-01
1.091542e+00	3.484755e+00	6.931942e-01
1.096230e+00	2.415165e+00	6.792446e-01
1.100919e+00	2.797475e+00	6.834320e-01
1.105607e+00	3.147025e+00	6.870981e-01
1.110295e+00	2.977930e+00	6.837095e-01
1.114983e+00	3.868240e+00	6.927559e-01
1.119672e+00	3.731005e+00	6.903943e-01
1.124360e+00	2.426745e+00	6.743704e-01
1.129048e+00	2.543940e+00	6.738227e-01
1.133736e+00	2.565900e+00	6.722885e-01
1.138425e+00	3.043605e+00	6.780814e-01
1.143113e+00	3.518725e+00	6.812491e-01
1.147801e+00	2.442015e+00	6.691045e-01
1.152489e+00	3.115995e+00	6.748639e-01
1.157177e+00	3.148715e+00	6.734481e-01
1.161866e+00	1.846600e+00	6.583505e-01
1.166554e+00	1.881480e+00	6.569388e-01
1.171242e+00	1.715495e+00	6.550259e-01
1.175930e+00	2.504760e+00	6.625912e-01
1.180619e+00	2.104590e+00	6.568956e-01
1.185307e+00	2.025910e+00	6.551786e-01
1.189995e+00	2.688240e+00	6.624480e-01
1.194683e+00	2.852220e+00	6.628450e-01
1.199372e+00	1.913080e+00	6.513349e-01
1.204060e+00	2.805545e+00	6.609578e-01
1.208748e+00	2.319455e+00	6.558788e-01
1.213436e+00	2.746900e+00	6.583114e-01
1.218124e+00	2.522305e+00	6.539752e-01
1.222813e+00	2.750730e+00	6.565594e-01
1.227501e+00	1.891835e+00	6.457031e-01
1.232189e+00	2.341935e+00	6.503557e-01
1.236877e+00	2.648455e+00	6.514423e-01
1.241566e+00	1.886425e+00	6.415151e-01
1.246254e+00	1.846055e+00	6.424281e-01
1.250942e+00	2.454070e+00	6.635669e-01
1.255630e+00	1.797320e+00	6.740191e-01
1.260318e+00	1.560630e+00	6.816655e-01
1.265007e+00	2.375820e+00	6.997002e-01
1.269695e+00	2.257850e+00	7.062047e-01
1.274383e+00	1.290525e+00	7.013782e-01
1.279071e+00	1.596495e+00	7.136021e-01
1.283760e+00	2.077645e+00	7.248224e-01
1.288448e+00	2.482045e+00	7.357187e-01
1.293136e+00	2.723195e+00	7.439408e-01
1.297824e+00	2.142590e+00	7.421172e-01
1.302513e+00	1.373140e+00	7.372717e-01
1.307201e+00	1.540720e+00	7.416106e-01
1.311889e+00	2.871215e+00	7.579169e-01
1.316577e+00	2.368535e+00	7.269399e-01
1.321265e+00	1.674240e+00	6.995204e-01
1.325954e+00	2.474375e+00	6.970258e-01
1.330642e+00	2.792680e+00	6.915615e-01
1.335330e+00	2.441575e+00	6.782883e-01
1.340018e+00	2.920245e+00	6.784203e-01
1.344707e+00	1.344165e+00	6.551718e-01
1.349395e+00	1.466940e+00	6.509435e-01
1.354083e+00	2.384400e+00	6.561557e-01
1.358771e+00	2.738400e+00	6.559601e-01
1.363460e+00	1.984250e+00	6.445866e-01
1.368148e+00	1.369290e+00	6.352842e-01
1.372836e+00	2.061510e+00	6.399415e-01
1.377524e+00	1.897610e+00	6.371938e-01
1.382212e+00	1.398695e+00	6.306178e-01
1.386901e+00	8.432100e-01	6.227320e-01
1.391589e+00	1.996280e+00	6.343505e-01
1.396277e+00	1.724315e+00	6.305159e-01
1.400965e+00	1.069605e+00	6.219904e-01
1.405654e+00	2.133270e+00	6.331248e-01
1.410342e+00	2.081315e+00	6.310430e-01
1.415030e+00	1.579455e+00	6.243006e-01
1.419718e+00	2.555710e+00	6.348137e-01
1.424406e+00	1.635375e+00	6.219417e-01
1.429095e+00	1.264425e+00	6.161207e-01
1.433783e+00	1.090765e+00	6.138135e-01
1.438471e+00	1.194210e+00	6.143629e-01
1.443159e+00	2.524830e+00	6.274185e-01
1.447848e+00	2.465935e+00	6.254120e-01
1.452536e+00	2.368000e+00	6.238775e-01
1.457224e+00	2.888010e+00	6.280866e-01
1.461912e+00	1.657675e+00	6.145223e-01
1.466601e+00	1.034110e+00	6.051993e-01
1.471289e+00	1.080370e+00	6.050347e-01
1.475977e+00	1.532995e+00	6.099667e-01
1.480665e+00	1.087170e+00	6.037581e-01
1.485353e+00	1.821425e+00	6.221021e-01
1.490042e+00	2.521565e+00	6.489085e-01
1.494730e+00	1.388295e+00	6.464855e-01
1.499418e+00	5.719650e-01	6.433980e-01
1.504106e+00	1.771760e+00	6.658037e-01
1.508795e+00	1.741610e+00	6.719626e-01
1.513483e+00	1.857360e+00	6.597200e-01
1.518171e+00	2.100535e+00	6.472720e-01
1.522859e+00	1.633890e+00	6.302223e-01
1.527548e+00	1.481805e+00	6.229103e-01
1.532236e+00	1.525980e+00	6.178957e-01
1.536924e+00	1.557005e+00	6.134753e-01
1.541612e+00	1.934970e+00	6.135650e-01
1.546300e+00	6.127650e-01	5.980919e-01
1.550989e+00	6.547200e-01	5.967035e-01
1.555677e+00	7.923950e-01	5.952298e-01
1.560365e+00	7.905000e-03	5.820172e-01
1.565053e+00	3.721100e-01	5.845908e-01
1.569742e+00	8.804350e-01	5.871507e-01
1.574430e+00	1.617195e+00	5.936731e-01
1.579118e+00	4.504900e-01	5.815183e-01
1.583806e+00	7.610250e-01	5.856242e-01
1.588495e+00	1.699715e+00	5.970447e-01
1.593183e+00	1.048110e+00	5.902908e-01
1.597871e+00	1.107420e+00	5.896890e-01
1.602559e+00	1.718070e+00	5.958271e-01
1.607247e+00	9.419450e-01	5.864818e-01
1.611936e+00	9.762150e-01	5.859696e-01
1.616624e+00	1.116640e+00	5.851735e-01
1.621312e+00	1.211665e+00	5.862690e-01
1.626000e+00	1.108840e+00	5.839401e-01
1.630689e+00	1.323085e+00	5.866609e-01
1.635377e+00	8.825100e-01	5.795839e-01
1.640065e+00	1.479565e+00	5.848160e-01
1.644753e+00	1.136095e+00	5.816317e-01
1.649441e+00	1.345640e+00	5.833417e-01
1.654130e+00	1.475595e+00	5.832671e-01
1.658818e+00	8.348250e-01	5.762163e-01
1.663506e+00	1.817425e+00	5.851683e-01
1.668194e+00	1.256285e+00	5.780437e-01
1.672883e+00	1.207290e+00	5.771542e-01
1.677571e+00	1.223085e+00	5.757925e-01
1.682259e+00	8.000400e-01	5.718735e-01
1.686947e+00	1.175585e+00	5.730769e-01
1.691636e+00	7.451300e-01	5.683252e-01
1.696324e+00	1.041865e+00	5.709259e-01
1.701012e+00	2.852500e-02	5.578967e-01
1.705700e+00	4.461750e-01	5.635228e-01
1.710388e+00	2.140100e-01	5.599209e-01
1.715077e+00	-2.799950e-01	5.534129e-01
1.719765e+00	4.109600e-01	5.600582e-01
1.724453e+00	1.075365e+00	5.671822e-01
1.729141e+00	1.257960e+00	5.682742e-01
1.733830e+00	8.480600e-01	5.615085e-01
1.738518e+00	1.309200e+00	5.662162e-01
1.743206e+00	1.327430e+00	5.662724e-01
1.747894e+00	1.069165e+00	5.631013e-01
1.752583e+00	8.943850e-01	5.607648e-01
1.757271e+00	5.218500e-02	5.503108e-01
1.761959e+00	5.354850e-01	5.557727e-01
1.766647e+00	4.451000e-01	5.536713e-01
1.771335e+00	9.780950e-01	5.582610e-01
1.776024e+00	9.076050e-01	5.570925e-01
1.780712e+00	1.484295e+00	5.634490e-01
1.785400e+00	9.707150e-01	5.557606e-01
1.790088e+00	5.170600e-01	5.496523e-01
1.794777e+00	1.270440e+00	5.587704e-01
1.799465e+00	1.342010e+00	5.579302e-01
1.804153e+00	8.499450e-01	5.517358e-01
1.808841e+00	7.603650e-01	5.502831e-01
1.813530e+00	1.330765e+00	5.552434e-01
1.818218e+00	2.782200e-01	5.436287e-01
1.822906e+00	8.752650e-01	5.501957e-01
1.827594e+00	7.523900e-01	5.479520e-01
1.832282e+00	2.201800e-01	5.401954e-01
1.836971e+00	2.788000e-01	5.418324e-01
1.841659e+00	8.553650e-01	5.466391e-01
1.846347e+00	9.572350e-01	5.474160e-01
1.851035e+00	1.197140e+00	5.479655e-01
1.855724e+00	6.488050e-01	5.426201e-01
1.860412e+00	2.160150e-01	5.378963e-01
1.865100e+00	1.130270e+00	5.462492e-01
1.869788e+00	7.499750e-01	5.414984e-01
1.874476e+00	8.565450e-01	5.431745e-01
1.879165e+00	6.750700e-01	5.396092e-01
1.883853e+00	1.094950e+00	5.428490e-01
1.888541e+00	1.041240e+00	5.413743e-01
1.893229e+00	4.078950e-01	5.353175e-01
1.897918e+00	4.826700e-01	5.355781e-01
1.902606e+00	1.391350e-01	5.311641e-01
1.907294e+00	-4.863000e-02	5.287133e-01
1.911982e+00	2.476050e-01	5.304454e-01
1.916671e+00	8.713450e-01	5.363996e-01
1.921359e+00	6.096050e-01	5.331877e-01
1.926047e+00	3.623150e-01	5.308321e-01
1.930735e+00	2.632750e-01	5.283715e-01
1.935423e+00	6.963350e-01	5.317585e-01
1.940112e+00	1.312595e+00	5.363907e-01
1.944800e+00	9.393900e-01	5.326926e-01
1.949488e+00	5.213400e-01	5.272359e-01
1.954176e+00	7.161300e-01	5.286691e-01
1.958865e+00	8.215150e-01	5.268707e-01
1.963553e+00	5.104100e-01	5.241288e-01
1.968241e+00	3.464000e-01	5.211317e-01
1.972929e+00	3.740500e-01	5.213538e-01
1.977618e+00	2.324350e-01	5.191664e-01
1.982306e+00	4.367500e-01	5.203548e-01
1.986994e+00	2.929600e-01	5.188606e-01
1.991682e+00	5.853050e-01	5.221625e-01
1.996370e+00	4.936350e-01	5.201093e-01
2.001059e+00	3.478650e-01	5.209451e-01
2.005747e+00	1.101950e-01	5.174443e-01
2.010435e+00	-1.112450e-01	5.145020e-01
2.015123e+00	2.646250e-01	5.179559e-01
2.019812e+00	1.908350e-01	5.168383e-01
2.024500e+00	9.305000e-01	5.236330e-01
2.029188e+00	6.474000e-01	5.200384e-01
2.033876e+00	4.453000e-01	5.171423e-01
2.038565e+00	2.858600e-01	5.139922e-01
2.043253e+00	4.057250e-01	5.157651e-01
2.047941e+00	6.290750e-01	5.184833e-01
2.052629e+00	-2.491700e-01	5.120667e-01
2.057317e+00	6.510550e-01	5.354274e-01
2.062006e+00	2.208800e-01	5.399957e-01
2.066694e+00	3.894900e-01	5.488065e-01
2.071382e+00	5.321750e-01	5.553408e-01
2.076070e+00	7.279200e-01	5.634655e-01
2.080759e+00	7.199900e-01	5.683594e-01
2.085447e+00	4.663200e-01	5.687505e-01
2.090135e+00	7.822300e-01	5.747735e-01
2.094823e+00	1.304475e+00	5.819915e-01
2.099511e+00	8.029600e-01	5.786481e-01
2.104200e+00	1.187080e+00	5.838544e-01
2.108888e+00	4.963500e-01	5.771984e-01
2.113576e+00	6.076900e-01	5.799251e-01
2.118264e+00	6.865500e-01	5.749869e-01
2.122953e+00	1.048870e+00	5.630333e-01
2.127641e+00	8.428300e-01	5.498927e-01
2.132329e+00	7.306850e-01	5.435497e-01
2.137017e+00	-1.763150e-01	5.282108e-01
2.141706e+00	-5.800500e-02	5.245835e-01
2.146394e+00	8.586650e-01	5.301920e-01
2.151082e+00	8.063250e-01	5.264785e-01
2.155770e+00	6.020800e-01	5.221906e-01
2.160458e+00	7.105000e-03	5.157597e-01
2.165147e+00	-2.177000e-02	5.144197e-01
2.169835e+00	4.719500e-01	5.177097e-01
2.174523e+00	3.309700e-01	5.153339e-01
2.179211e+00	6.395450e-01	5.177040e-01
2.183900e+00	3.608750e-01	5.141246e-01
2.188588e+00	-1.509600e-01	5.079440e-01
2.193276e+00	5.308100e-01	5.138343e-01
2.197964e+00	3.438750e-01	5.106427e-01
2.202653e+00	1.084450e-01	5.081198e-01
2.207341e+00	6.848850e-01	5.131299e-01
2.212029e+00	2.316000e-01	5.076656e-01
2.216717e+00	2.881700e-01	5.072635e-01
2.221405e+00	1.139980e+00	5.155386e-01
2.226094e+00	7.156300e-01	5.101591e-01
2.230782e+00	1.641635e+00	5.178032e-01
2.235470e+00	8.289300e-01	5.096314e-01
2.240158e+00	3.928300e-01	5.051499e-01
2.244847e+00	-1.782300e-01	4.987430e-01
2.249535e+00	1.791900e-01	5.011608e-01
2.254223e+00	8.914450e-01	5.070962e-01
2.258911e+00	1.273305e+00	5.098081e-01
2.263600e+00	1.184690e+00	5.092734e-01
2.268288e+00	8.513300e-01	5.057197e-01
2.272976e+00	6.748250e-01	5.032083e-01
2.277664e+00	9.582750e-01	5.053141e-01
2.282352e+00	8.493600e-01	5.028242e-01
2.287041e+00	1.580900e-01	4.964848e-01
2.291729e+00	5.902950e-01	4.996109e-01
2.296417e+00	9.142900e-01	5.017532e-01
2.301105e+00	7.297300e-01	4.996253e-01
2.305794e+00	4.541350e-01	4.960430e-01
2.310482e+00	1.018245e+00	5.006291e-01
2.315170e+00	9.457550e-01	5.002591e-01
2.319858e+00	9.941700e-01	4.995770e-01
2.324546e+00	9.022800e-01	4.984233e-01
2.329235e+00	4.122950e-01	4.921007e-01
2.333923e+00	-4.068900e-01	4.848024e-01
2.338611e+00	5.030000e-02	4.886380e-01
2.343299e+00	1.057850e-01	4.890287e-01
2.347988e+00	7.900100e-01	4.931410e-01
2.352676e+00	-6.952500e-02	4.852137e-01
2.357364e+00	2.695950e-01	4.881230e-01
2.362052e+00	-4.194500e-02	4.846744e-01
2.366741e+00	-1.071000e-02	4.856532e-01
2.371429e+00	3.306250e-01	4.876089e-01
2.376117e+00	-1.164500e-01	4.828329e-01
2.380805e+00	6.755850e-01	4.898409e-01
2.385493e+00	6.908800e-01	4.892561e-01
2.390182e+00	4.881550e-01	4.871900e-01
2.394870e+00	5.151300e-01	4.871242e-01
2.399558e+00	8.144350e-01	4.888862e-01
2.404246e+00	7.529600e-01	4.872660e-01
2.408935e+00	5.508950e-01	4.852767e-01
2.413623e+00	-1.070450e-01	4.791681e-01
2.418311e+00	3.730450e-01	4.825617e-01
2.422999e+00	2.083700e-01	4.807007e-01
2.427688e+00	2.766200e-01	4.804251e-01
2.432376e+00	4.632200e-01	4.821570e-01
2.437064e+00	4.152500e-02	4.784068e-01
2.441752e+00	-2.039600e-01	4.743270e-01
2.446440e+00	4.989900e-01	4.803693e-01
2.451129e+00	4.293600e-01	4.792327e-01
2.455817e+00	6.114900e-01	4.807715e-01
2.460505e+00	7.812500e-01	4.815668e-01
2.465193e+00	7.524000e-01	4.811725e-01
2.469882e+00	4.412550e-01	4.771395e-01
2.474570e+00	-3.433500e-02	4.725640e-01
2.479258e+00	3.631400e-01	4.760211e-01
2.483946e+00	-1.961750e-01	4.704072e-01
2.488634e+00	6.660000e-03	4.716194e-01
2.493323e+00	4.075050e-01	4.750241e-01
2.498011e+00	4.478200e-01	4.756395e-01
2.502699e+00	2.493050e-01	4.724470e-01
2.507387e+00	3.077800e-01	4.732286e-01
2.512076e+00	2.120500e-01	4.718808e-01
2.516764e+00	1.010300e-01	4.700425e-01
2.521452e+00	7.422000e-02	4.692323e-01
2.526140e+00	-3.797600e-01	4.644635e-01
2.530829e+00	2.087850e-01	4.694508e-01
2.535517e+00	2.242500e-02	4.668332e-01
2.540205e+00	3.127000e-01	4.681242e-01
2.544893e+00	-5.145500e-02	4.647342e-01
2.549581e+00	6.215400e-01	4.694602e-01
2.554270e+00	2.686100e-01	4.656809e-01
2.558958e+00	8.471500e-01	4.708648e-01
2.563646e+00	5.206700e-01	4.672508e-01
2.568334e+00	3.418400e-01	4.653990e-01
2.573023e+00	2.921000e-01	4.644611e-01
2.577711e+00	5.987900e-01	4.659854e-01
2.582399e+00	9.859500e-02	4.612745e-01
2.587087e+00	2.458900e-01	4.624883e-01
2.591776e+00	2.816750e-01	4.632116e-01
2.596464e+00	-1.476800e-01	4.593011e-01
2.601152e+00	1.298860e+00	4.716753e-01
2.605840e+00	2.904650e-01	4.632936e-01
2.610528e+00	2.382600e-01	4.617894e-01
2.615217e+00	1.078810e+00	4.693878e-01
2.619905e+00	9.590250e-01	4.681510e-01
2.624593e+00	6.357800e-01	4.638239e-01
2.629281e+00	3.326000e-01	4.616834e-01
2.633970e+00	5.007700e-01	4.618560e-01
2.638658e+00	1.606000e-02	4.574002e-01
2.643346e+00	-3.638000e-02	4.568913e-01
2.648034e+00	3.027700e-01	4.597006e-01
2.652723e+00	3.408550e-01	4.599208e-01
2.657411e+00	-1.079650e-01	4.548306e-01
2.662099e+00	8.381350e-01	4.629014e-01
2.666787e+00	4.175450e-01	4.581361e-01
2.671475e+00	9.459000e-02	4.555073e-01
2.676164e+00	4.300900e-01	4.581773e-01
2.680852e+00	5.778000e-01	4.596369e-01
2.685540e+00	4.389800e-01	4.576777e-01
2.690228e+00	8.765350e-01	4.613388e-01
2.694917e+00	-1.172750e-01	4.518430e-01
2.699605e+00	2.443700e-01	4.546393e-01
2.704293e+00	-1.856400e-01	4.504257e-01
2.708981e+00	3.921650e-01	4.546132e-01
2.713669e+00	7.586550e-01	4.580608e-01
2.718358e+00	9.062250e-01	4.585301e-01
2.723046e+00	5.268050e-01	4.550269e-01
2.727734e+00	9.238500e-02	4.507899e-01
2.732422e+00	5.545200e-01	4.541622e-01
2.737111e+00	-9.394500e-02	4.477595e-01
2.741799e+00	1.153450e-01	4.501305e-01
2.746487e+00	5.009750e-01	4.526708e-01
2.751175e+00	6.005250e-01	4.532247e-01
2.755864e+00	-5.883500e-02	4.464299e-01
2.760552e+00	5.295250e-01	4.515748e-01
2.765240e+00	5.042500e-01	4.511438e-01
2.769928e+00	7.011700e-01	4.529598e-01
2.774616e+00	5.674650e-01	4.513119e-01
2.779305e+00	4.450350e-01	4.495889e-01
2.783993e+00	1.993550e-01	4.468512e-01
2.788681e+00	2.205500e-02	4.445997e-01
2.793369e+00	9.809500e-02	4.454983e-01
2.798058e+00	3.664950e-01	4.475604e-01
2.802746e+00	1.535200e-01	4.454670e-01
2.807434e+00	4.747500e-02	4.438527e-01
2.812122e+00	-2.736450e-01	4.409697e-01
2.816811e+00	4.369500e-02	4.432417e-01
2.821499e+00	-4.491300e-01	4.387018e-01
2.826187e+00	-1.225150e-01	4.410507e-01
2.830875e+00	2.998000e-02	4.415068e-01
2.835563e+00	4.508300e-01	4.452720e-01
2.840252e+00	8.343750e-01	4.476980e-01
2.844940e+00	9.393500e-01	4.488524e-01
2.849628e+00	5.994950e-01	4.454816e-01
2.854316e+00	6.720900e-01	4.462278e-01
2.859005e+00	5.940000e-02	4.483416e-01
2.863693e+00	-2.240950e-01	4.559210e-01
2.868381e+00	3.741000e-02	4.641244e-01
2.873069e+00	2.354950e-01	4.710719e-01
2.877758e+00	2.427550e-01	4.751342e-01
2.882446e+00	1.053595e+00	4.847242e-01
2.887134e+00	8.640450e-01	4.842130e-01
2.891822e+00	3.454700e-01	4.814070e-01
2.896510e+00	4.445050e-01	4.842443e-01
2.901199e+00	3.657450e-01	4.846021e-01
2.905887e+00	2.185250e-01	4.842885e-01
2.910575e+00	3.373250e-01	4.859551e-01
2.915263e+00	5.618700e-01	4.893685e-01
2.919952e+00	6.520400e-01	4.906585e-01
2.924640e+00	4.680800e-01	4.761382e-01
2.929328e+00	6.202950e-01	4.690750e-01
2.934016e+00	-1.041550e-01	4.560525e-01
2.938704e+00	3.757300e-01	4.574197e-01
2.943393e+00	1.012900e-01	4.517465e-01
2.948081e+00	4.923450e-01	4.526931e-01
2.952769e+00	2.658500e-01	4.498505e-01
2.957457e+00	2.478300e-01	4.487349e-01
2.962146e+00	3.276900e-01	4.476278e-01
2.966834e+00	9.160850e-01	4.518979e-01
2.971522e+00	4.537600e-01	4.472548e-01
2.976210e+00	1.810850e-01	4.457950e-01
2.980899e+00	-1.083800e-01	4.424679e-01
2.985587e+00	-2.825650e-01	4.390767e-01
2.990275e+00	-1.547450e-01	4.389403e-01
2.994963e+00	4.010700e-01	4.437538e-01
2.999651e+00	2.293500e-02	4.398093e-01
3.004340e+00	2.982500e-01	4.423916e-01
3.009028e+00	6.493100e-01	4.445895e-01
3.013716e+00	2.940750e-01	4.406876e-01
3.018404e+00	-2.235000e-03	4.375916e-01
3.023093e+00	2.291150e-01	4.389349e-01
3.027781e+00	1.146000e-02	4.360999e-01
3.032469e+00	-7.737000e-02	4.356763e-01
3.037157e+00	4.420350e-01	4.392223e-01
3.041846e+00	2.018700e-01	4.372233e-01
3.046534e+00	4.905050e-01	4.386208e-01
3.051222e+00	6.799600e-01	4.398909e-01
3.055910e+00	4.071600e-01	4.367274e-01
3.060598e+00	7.478400e-01	4.402244e-01
3.065287e+00	4.990350e-01	4.368925e-01
3.069975e+00	7.032400e-01	4.380342e-01
3.074663e+00	5.752050e-01	4.367886e-01
3.079351e+00	3.198300e-01	4.339953e-01
3.084040e+00	5.349750e-01	4.351849e-01
3.088728e+00	6.956900e-01	4.361729e-01
3.093416e+00	5.807800e-01	4.350433e-01
3.098104e+00	5.751400e-01	4.342961e-01
3.102793e+00	3.070000e-02	4.297415e-01
3.107481e+00	4.415050e-01	4.330004e-01
3.112169e+00	1.455600e-01	4.295867e-01
3.116857e+00	-6.658350e-01	4.223416e-01
3.121545e+00	-2.712150e-01	4.248843e-01
3.126234e+00	-9.490500e-02	4.269936e-01
3.130922e+00	1.203000e-02	4.271914e-01
3.135610e+00	8.276450e-01	4.335647e-01
3.140298e+00	2.587400e-01	4.280964e-01
3.144987e+00	2.434650e-01	4.280531e-01
3.149675e+00	-5.006500e-02	4.248772e-01
3.154363e+00	1.435300e-01	4.256468e-01
3.159051e+00	-1.094750e-01	4.235679e-01
3.163739e+00	3.490450e-01	4.269975e-01
3.168428e+00	4.319950e-01	4.275049e-01
3.173116e+00	8.362350e-01	4.303399e-01
3.177804e+00	-3.965000e-03	4.229132e-01
3.182492e+00	-2.628650e-01	4.209484e-01
3.187181e+00	5.772800e-01	4.272743e-01
3.191869e+00	4.856500e-02	4.221267e-01
3.196557e+00	6.986300e-01	4.271199e-01
3.201245e+00	7.719450e-01	4.280506e-01
3.205934e+00	4.756450e-01	4.250464e-01
3.210622e+00	3.766500e-01	4.240049e-01
3.215310e+00	-2.787850e-01	4.182366e-01
3.219998e+00	-1.826050e-01	4.181370e-01
3.224686e+00	3.895750e-01	4.223932e-01
3.229375e+00	3.288850e-01	4.204364e-01
3.234063e+00	-2.535300e-01	4.152456e-01
3.238751e+00	6.218850e-01	4.226063e-01
3.243439e+00	7.436350e-01	4.227340e-01
3.248128e+00	4.500400e-01	4.199566e-01
3.252816e+00	1.768900e-01	4.181367e-01
3.257504e+00	5.041600e-01	4.196653e-01
3.262192e+00	3.287950e-01	4.183189e-01
3.266881e+00	-1.576500e-01	4.132658e-01
3.271569e+00	-1.766450e-01	4.128710e-01
3.276257e+00	6.803650e-01	4.202188e-01
3.280945e+00	8.248900e-01	4.214061e-01
3.285633e+00	6.536450e-01	4.204381e-01
3.290322e+00	5.041550e-01	4.192192e-01
3.295010e+00	4.016150e-01	4.179316e-01
3.299698e+00	-3.367050e-01	4.112907e-01
3.304386e+00	-5.202350e-01	4.094310e-01
3.309075e+00	1.936450e-01	4.151606e-01
3.313763e+00	-1.197100e-01	4.118889e-01
3.318451e+00	1.400650e-01	4.143751e-01
3.323139e+00	2.120500e-01	4.143793e-01
3.327828e+00	7.065500e-02	4.131993e-01
3.332516e+00	2.029750e-01	4.138918e-01
3.337204e+00	-4.216000e-02	4.111771e-01
3.341892e+00	5.316000e-02	4.123041e-01
3.346580e+00	8.044400e-01	4.172998e-01
3.351269e+00	8.496600e-01	4.174866e-01
3.355957e+00	4.180550e-01	4.157951e-01
3.360645e+00	5.679200e-01	4.261792e-01
3.365333e+00	3.269300e-01	4.309293e-01
3.370022e+00	2.545950e-01	4.347713e-01
3.374710e+00	1.186205e+00	4.444369e-01
3.379398e+00	5.190200e-01	4.400697e-01
3.384086e+00	4.404450e-01	4.408437e-01
3.388774e+00	4.030500e-02	4.377373e-01
3.393463e+00	3.977050e-01	4.412965e-01
3.398151e+00	3.514100e-01	4.403891e-01
3.402839e+00	-3.762350e-01	4.347928e-01
3.407527e+00	2.118850e-01	4.411421e-01
3.412216e+00	3.616650e-01	4.440407e-01
3.416904e+00	-7.342850e-01	4.342146e-01
3.421592e+00	9.501000e-02	4.421908e-01
3.426280e+00	8.733800e-01	4.500287e-01
3.430969e+00	5.240000e-01	4.479072e-01
3.435657e+00	2.676600e-01	4.461515e-01
3.440345e+00	5.352350e-01	4.492071e-01
3.445033e+00	2.826500e-01	4.484674e-01
3.449721e+00	3.686600e-01	4.487133e-01
3.454410e+00	5.496350e-01	4.510114e-01
3.459098e+00	2.719000e-01	4.494539e-01
3.463786e+00	4.119300e-01	4.509226e-01
3.468474e+00	5.724650e-01	4.531830e-01
3.473163e+00	4.415950e-01	4.527686e-01
3.477851e+00	1.208200e-01	4.497957e-01
3.482539e+00	5.472000e-02	4.501670e-01
3.487227e+00	3.996450e-01	4.531533e-01
3.491916e+00	4.975000e-01	4.557980e-01
3.496604e+00	2.121200e-01	4.534478e-01
3.501292e+00	4.317050e-01	4.551583e-01
3.505980e+00	6.824450e-01	4.579477e-01
3.510668e+00	6.272000e-02	4.533487e-01
3.515357e+00	-1.043500e-02	4.531065e-01
3.520045e+00	4.137050e-01	4.569706e-01
3.524733e+00	5.454800e-01	4.586662e-01
3.529421e+00	7.309750e-01	4.605516e-01
3.534110e+00	3.901000e-01	4.576097e-01
3.538798e+00	8.190500e-02	4.556486e-01
3.543486e+00	2.913150e-01	4.579774e-01
3.548174e+00	2.532250e-01	4.588027e-01
3.552863e+00	-7.162000e-02	4.562874e-01
3.557551e+00	1.594000e-01	4.591236e-01
3.562239e+00	7.629150e-01	4.643079e-01
3.566927e+00	4.254450e-01	4.611706e-01
3.571615e+00	9.401000e-01	4.660238e-01
3.576304e+00	1.248000e-02	4.583018e-01
3.580992e+00	6.020800e-01	4.639317e-01
3.585680e+00	7.170600e-01	4.639670e-01
3.590368e+00	1.928600e-01	4.590111e-01
3.595057e+00	-2.109600e-01	4.555191e-01
3.599745e+00	-5.035100e-01	4.518576e-01
3.604433e+00	-4.595000e-01	4.523803e-01
3.609121e+00	3.489400e-01	4.601218e-01
3.613809e+00	4.046000e-01	4.603428e-01
3.618498e+00	2.558650e-01	4.588271e-01
3.623186e+00	1.510300e-01	4.579479e-01
3.627874e+00	-2.930550e-01	4.545421e-01
3.632562e+00	-7.188500e-02	4.571358e-01
3.637251e+00	-6.550000e-03	4.586724e-01
3.641939e+00	-3.284500e-02	4.582973e-01
3.646627e+00	8.222450e-01	4.657799e-01
3.651315e+00	6.231400e-01	4.643433e-01
3.656004e+00	-1.263350e-01	4.591537e-01
3.660692e+00	2.996150e-01	4.720398e-01
3.665380e+00	6.677900e-01	4.911091e-01
3.670068e+00	-4.228500e-02	4.919100e-01
3.674756e+00	1.098200e-01	5.007613e-01
3.679445e+00	6.278850e-01	5.119643e-01
3.684133e+00	5.234150e-01	5.142214e-01
3.688821e+00	-3.961600e-01	5.081217e-01
3.693509e+00	4.571650e-01	5.195544e-01
3.698198e+00	8.661700e-01	5.261470e-01
3.702886e+00	7.299700e-01	5.281808e-01
3.707574e+00	6.873250e-01	5.304382e-01
3.712262e+00	1.066100e-01	5.275743e-01
3.716951e+00	6.725500e-02	5.296217e-01
3.721639e+00	4.385200e-01	5.357711e-01
3.726327e+00	-2.194400e-01	5.304507e-01
3.731015e+00	5.426600e-01	5.406191e-01
3.735703e+00	8.633200e-01	5.470548e-01
3.740392e+00	-3.070300e-01	5.367280e-01
3.745080e+00	1.950250e-01	5.448422e-01
3.749768e+00	-4.369000e-02	5.442090e-01
3.754456e+00	6.816000e-02	5.479200e-01
3.759145e+00	6.776850e-01	5.568769e-01
3.763833e+00	-1.137750e-01	5.500942e-01
3.768521e+00	-4.133600e-01	5.481209e-01
3.773209e+00	5.043200e-01	5.613858e-01
3.777897e+00	-1.157500e-01	5.564536e-01
3.782586e+00	-2.591800e-01	5.576372e-01
3.787274e+00	4.680300e-01	5.681361e-01
3.791962e+00	4.571400e-01	5.686174e-01
3.796650e+00	-2.560250e-01	5.634956e-01
3.801339e+00	-1.220000e-01	5.674455e-01
3.806027e+00	4.683750e-01	5.769306e-01
3.810715e+00	6.818600e-01	5.806832e-01
3.815403e+00	-1.007600e-01	5.746272e-01
3.820092e+00	3.149500e-02	5.789374e-01
3.824780e+00	2.785050e-01	5.818760e-01
3.829468e+00	7.187900e-01	5.905455e-01
3.834156e+00	-7.911850e-01	5.736114e-01
3.838844e+00	-3.617500e-02	5.851628e-01
3.843533e+00	9.489150e-01	5.991004e-01
3.848221e+00	1.163650e+00	6.039123e-01
3.852909e+00	6.628600e-01	5.994091e-01
3.857597e+00	7.125900e-01	6.027315e-01
3.862286e+00	2.055150e-01	5.996546e-01
3.866974e+00	6.282300e-01	6.065962e-01
3.871662e+00	2.158200e-01	6.022117e-01
3.876350e+00	1.054450e-01	6.029781e-01
3.881039e+00	5.840700e-01	6.114591e-01
3.885727e+00	1.019275e+00	6.189040e-01
3.890415e+00	1.742100e-01	6.103637e-01
3.895103e+00	-8.553500e-02	6.098475e-01
3.899791e+00	4.682150e-01	6.180551e-01
3.904480e+00	7.875600e-01	6.256782e-01
3.909168e+00	3.620750e-01	6.217460e-01
3.913856e+00	8.908500e-02	6.216682e-01
3.918544e+00	7.799350e-01	6.327800e-01
3.923233e+00	3.652200e-01	6.295513e-01
3.927921e+00	-4.027400e-01	6.209886e-01
3.932609e+00	-7.398900e-01	6.191260e-01
3.937297e+00	-5.058400e-01	6.231535e-01
3.941986e+00	5.228300e-01	6.354874e-01
3.946674e+00	-4.043000e-02	6.287379e-01
3.951362e+00	3.291600e-01	6.349935e-01
3.956050e+00	-1.048050e-01	6.276667e-01
3.960738e+00	8.532250e-01	6.399412e-01
3.965427e+00	6.831850e-01	6.392141e-01
3.970115e+00	2.241900e-01	6.343712e-01
3.974803e+00	7.000500e-02	6.356618e-01
3.979491e+00	2.377500e-01	6.394482e-01
3.984180e+00	2.508500e-01	6.410266e-01
3.988868e+00	1.599500e-01	6.443136e-01
3.993556e+00	6.267000e-01	6.513328e-01
3.998244e+00	-1.992200e-01	6.412157e-01
4.002932e+00	-6.349000e-01	6.383284e-01
4.007621e+00	1.104500e-01	6.513093e-01
4.012309e+00	9.718450e-01	6.628346e-01
4.016997e+00	6.429300e-01	6.603982e-01
4.021685e+00	6.839300e-01	6.633545e-01
4.026374e+00	4.886400e-01	6.645685e-01
4.031062e+00	3.932900e-01	6.646032e-01
4.035750e+00	-7.585000e-02	6.625177e-01
4.040438e+00	3.717150e-01	6.707940e-01
4.045127e+00	8.798000e-02	6.678100e-01
4.049815e+00	4.574250e-01	6.759785e-01
4.054503e+00	1.724500e-02	6.722444e-01
4.059191e+00	3.732450e-01	6.778652e-01
4.063879e+00	2.259300e-01	6.786783e-01
4.068568e+00	8.404850e-01	6.898316e-01
4.073256e+00	8.202400e-01	6.921507e-01
4.077944e+00	3.962350e-01	6.870648e-01
4.082632e+00	1.360860e+00	7.021771e-01
4.087321e+00	5.161000e-02	6.883241e-01
4.092009e+00	-3.912500e-02	6.903621e-01
4.096697e+00	-6.787300e-01	6.844514e-01
4.101385e+00	7.765450e-01	7.044285e-01
4.106074e+00	2.903850e-01	7.018429e-01
4.110762e+00	7.212000e-02	7.003005e-01
4.115450e+00	5.194700e-01	7.097286e-01
4.120138e+00	2.998950e-01	7.106384e-01
4.124826e+00	3.466850e-01	7.134945e-01
4.129515e+00	-1.012300e+00	6.980958e-01
4.134203e+00	-4.710700e-01	7.060774e-01
4.138891e+00	3.193400e-01	7.208177e-01
4.143579e+00	1.260350e-01	7.201270e-01
4.148268e+00	-2.936900e-01	7.179913e-01
4.152956e+00	-6.532750e-01	7.150467e-01
4.157644e+00	-1.625650e-01	7.220290e-01
4.162332e+00	3.776850e-01	7.346561e-01
4.167021e+00	7.444200e-01	7.431147e-01
4.171709e+00	-4.021150e-01	7.272946e-01
4.176397e+00	-9.975000e-01	7.220508e-01
4.181085e+00	9.254650e-01	7.524340e-01
4.185773e+00	1.006760e+00	7.562652e-01
4.190462e+00	1.206185e+00	7.637935e-01
4.195150e+00	1.239790e+00	7.682989e-01
4.199838e+00	4.613150e-01	7.579416e-01
4.204526e+00	-1.480000e-01	7.506895e-01
4.209215e+00	4.508100e-01	7.642778e-01
4.213903e+00	2.131000e-02	7.602903e-01
4.218591e+00	2.339500e-02	7.629467e-01
4.223279e+00	6.137500e-02	7.681355e-01
4.227967e+00	5.954050e-01	7.778253e-01
4.232656e+00	-1.190000e-01	7.710917e-01
4.237344e+00	4.790150e-01	7.826021e-01
4.242032e+00	-2.948700e-01	7.729157e-01
4.246720e+00	-1.978950e-01	7.770865e-01
4.251409e+00	-1.143665e+00	7.665952e-01
4.256097e+00	-1.700575e+00	7.641719e-01
4.260785e+00	-2.056500e-01	7.891448e-01
4.265473e+00	2.124450e-01	7.977494e-01
4.270162e+00	1.026825e+00	8.145727e-01
4.274850e+00	1.570110e+00	8.302456e-01
4.279538e+00	7.534300e-01	8.216912e-01
4.284226e+00	-1.284000e-02	8.090778e-01
4.288914e+00	8.724050e-01	8.267340e-01
4.293603e+00	-3.242850e-01	8.083470e-01
4.298291e+00	1.184600e-01	8.193132e-01
4.302979e+00	1.024715e+00	8.363878e-01
4.307667e+00	5.556300e-01	8.340869e-01
4.312356e+00	1.362955e+00	8.490041e-01
4.317044e+00	-4.650650e-01	8.243648e-01
4.321732e+00	6.249200e-01	8.438844e-01
4.326420e+00	9.518250e-01	8.557024e-01
4.331109e+00	-4.927000e-01	8.360561e-01
4.335797e+00	1.234100e-01	8.469530e-01
4.340485e+00	-1.849700e-01	8.485200e-01
4.345173e+00	5.498000e-01	8.632504e-01
4.349861e+00	1.139040e+00	8.792233e-01
4.354550e+00	2.857300e-01	8.688637e-01
4.359238e+00	-3.237450e-01	8.600455e-01
4.363926e+00	-8.585150e-01	8.553482e-01
4.368614e+00	4.320550e-01	8.836822e-01
4.373303e+00	8.029250e-01	8.929904e-01
4.377991e+00	-1.806050e-01	8.805621e-01
4.382679e+00	3.922750e-01	8.925709e-01
4.387367e+00	4.395400e-01	8.971517e-01
4.392056e+00	3.507150e-01	9.015264e-01
4.396744e+00	-1.066200e-01	8.982738e-01
4.401432e+00	-6.516800e-01	8.928378e-01
4.406120e+00	6.170150e-01	9.176041e-01
4.410808e+00	-5.479600e-01	8.988920e-01
4.415497e+00	-5.763450e-01	8.982312e-01
4.420185e+00	6.668400e-01	9.197139e-01
4.424873e+00	7.192500e-01	9.208717e-01
4.429561e+00	7.090000e-01	9.235741e-01
4.434250e+00	3.095050e-01	9.181912e-01
4.438938e+00	5.825850e-01	9.223688e-01
4.443626e+00	-1.318350e-01	9.111785e-01
4.448314e+00	6.499700e-01	9.271693e-01
4.453002e+00	1.344550e-01	9.221924e-01
4.457691e+00	8.929750e-01	9.416264e-01
4.462379e+00	5.095150e-01	9.401543e-01
4.467067e+00	7.629750e-01	9.471131e-01
4.471755e+00	9.281650e-01	9.565467e-01
4.476444e+00	-5.811950e-01	9.334564e-01
4.481132e+00	1.255850e-01	9.530107e-01
4.485820e+00	6.732900e-01	9.686447e-01
4.490508e+00	6.331700e-01	9.713086e-01
4.495197e+00	1.192485e+00	9.851923e-01
4.499885e+00	1.663150e-01	9.734731e-01
4.504573e+00	4.843500e-02	9.749146e-01
4.509261e+00	3.996400e-01	9.878455e-01
4.513949e+00	-5.015500e-02	9.856352e-01
4.518638e+00	1.244795e+00	1.016229e+00
4.523326e+00	1.175000e-02	9.962849e-01
4.528014e+00	3.054500e-01	1.004773e+00
4.532702e+00	7.852450e-01	1.026920e+00
4.537391e+00	-1.615000e-03	1.015686e+00
4.542079e+00	2.421650e-01	1.027386e+00
4.546767e+00	-5.043650e-01	1.014790e+00
4.551455e+00	1.960550e-01	1.039247e+00
4.556144e+00	6.600500e-02	1.043272e+00
4.560832e+00	1.170025e+00	1.069753e+00
4.565520e+00	4.085950e-01	1.062234e+00
4.570208e+00	-1.131020e+00	1.037231e+00
4.574896e+00	-6.699350e-01	1.051351e+00
4.579585e+00	-1.591150e-01	1.071985e+00
4.584273e+00	4.716300e-01	1.094528e+00
4.588961e+00	3.567950e-01	1.100691e+00
4.593649e+00	1.727450e-01	1.099562e+00
4.598338e+00	8.057350e-01	1.120744e+00
4.603026e+00	7.527500e-02	1.113919e+00
4.607714e+00	-1.441260e+00	1.090421e+00
4.612402e+00	2.430350e-01	1.132905e+00
4.617091e+00	6.359900e-01	1.147820e+00
4.621779e+00	1.274910e+00	1.169817e+00
4.626467e+00	1.480640e+00	1.186021e+00
4.631155e+00	8.431450e-01	1.180562e+00
4.635843e+00	1.109130e+00	1.189840e+00
4.640532e+00	2.661450e-01	1.183140e+00
4.645220e+00	3.684050e-01	1.197731e+00
4.649908e+00	-1.063815e+00	1.174298e+00
4.654596e+00	1.533205e+00	1.243627e+00
4.659285e+00	1.488275e+00	1.252729e+00
4.663973e+00	-6.018700e-01	1.211314e+00
4.668661e+00	5.092000e-02	1.238051e+00
4.673349e+00	8.543700e-01	1.268059e+00
4.678037e+00	1.479500e-02	1.259851e+00
4.682726e+00	-3.332100e-01	1.258604e+00
4.687414e+00	4.554450e-01	1.291008e+00
4.692102e+00	3.631650e-01	1.298344e+00
4.696790e+00	-6.839250e-01	1.286748e+00
4.701479e+00	2.882250e-01	1.324801e+00
4.706167e+00	7.755300e-01	1.348655e+00
4.710855e+00	1.072910e+00	1.364340e+00
4.715543e+00	-2.900250e-01	1.343526e+00
4.720232e+00	6.700900e-01	1.386050e+00
4.724920e+00	4.987800e-01	1.393246e+00
4.729608e+00	-1.627960e+00	1.349767e+00
4.734296e+00	6.928450e-01	1.426513e+00
4.738984e+00	-6.940150e-01	1.403409e+00
4.743673e+00	2.501870e+00	1.510846e+00
4.748361e+00	6.090000e-01	1.471252e+00
4.753049e+00	1.017550e-01	1.468355e+00
4.757737e+00	3.264700e-01	1.503869e+00
4.762426e+00	9.557450e-01	1.538063e+00
4.767114e+00	7.129300e-01	1.551409e+00
4.771802e+00	-2.065350e-01	1.540319e+00
4.776490e+00	-2.285400e-01	1.550097e+00
4.781179e+00	1.169095e+00	1.626126e+00
4.785867e+00	4.214045e+00	1.740641e+00
4.790555e+00	9.409400e-01	1.663388e+00
4.795243e+00	-3.865000e-01	1.640971e+00
4.799931e+00	-1.683710e+00	1.626713e+00
4.804620e+00	9.707500e-01	1.733174e+00
4.809308e+00	3.114710e+00	1.838279e+00
4.813996e+00	5.845200e-01	1.784280e+00
4.818684e+00	-7.177400e-01	1.764881e+00
4.823373e+00	5.448400e-01	1.834751e+00
4.828061e+00	-1.484500e-01	1.840544e+00
4.832749e+00	-1.016170e+00	1.850523e+00
4.837437e+00	-2.018950e-01	1.925617e+00
4.842125e+00	-1.385925e+00	1.914684e+00
4.846814e+00	1.069135e+00	2.046941e+00
4.851502e+00	1.884100e-01	2.060085e+00
4.856190e+00	4.119500e-01	2.102560e+00
4.860878e+00	4.518700e-01	2.152410e+00
4.865567e+00	2.139055e+00	2.286104e+00
4.870255e+00	2.202415e+00	2.337428e+00
4.874943e+00	-1.537910e+00	2.234604e+00
4.879631e+00	9.146000e-02	2.376065e+00
4.884320e+00	2.749750e-01	2.463030e+00
4.889008e+00	-3.349550e-01	2.508813e+00
4.893696e+00	1.787005e+00	2.710833e+00
4.898384e+00	-2.357800e-01	2.716723e+00
4.903072e+00	-1.486060e+00	2.755730e+00
4.907761e+00	2.159750e-01	2.984556e+00
4.912449e+00	3.210390e+00	4.408273e+00
4.917137e+00	-5.711055e+00	1.073055e+01
