# Sample description: GI
# Parent(s): ../20151214/GI_no_protection/1d/GI_np_030_00016.dat
# No protection
3.200246e-02	4.423770e+01	2.105900e+01
3.669069e-02	7.667330e+01	1.622426e+01
4.137892e-02	2.087988e+02	1.519750e+01
4.606715e-02	2.705119e+02	1.233546e+01
5.075538e-02	2.593084e+02	9.780659e+00
5.544361e-02	2.376215e+02	8.079974e+00
6.013183e-02	2.449312e+02	7.228475e+00
6.482006e-02	2.302348e+02	6.455843e+00
6.950829e-02	2.218931e+02	5.862409e+00
7.419652e-02	2.226588e+02	5.442708e+00
7.888475e-02	2.269787e+02	5.173879e+00
8.357298e-02	2.174405e+02	4.844142e+00
8.826121e-02	2.127693e+02	4.594872e+00
9.294944e-02	2.101515e+02	4.384331e+00
9.763767e-02	2.053226e+02	4.179376e+00
1.023259e-01	2.058741e+02	4.046558e+00
1.070141e-01	2.140983e+02	3.989944e+00
1.117024e-01	2.014703e+02	3.783023e+00
1.163906e-01	2.014907e+02	3.674832e+00
1.210788e-01	2.043159e+02	3.608787e+00
1.257670e-01	2.001030e+02	3.495467e+00
1.304553e-01	1.987915e+02	3.413265e+00
1.351435e-01	2.011053e+02	3.354446e+00
1.398317e-01	1.994425e+02	3.276407e+00
1.445200e-01	1.967253e+02	3.194253e+00
1.492082e-01	1.963701e+02	3.135281e+00
1.538964e-01	1.967583e+02	3.078416e+00
1.585846e-01	1.935184e+02	3.002316e+00
1.632729e-01	1.930058e+02	2.951077e+00
1.679611e-01	1.881389e+02	2.874808e+00
1.726493e-01	1.890321e+02	2.834951e+00
1.773376e-01	1.866026e+02	2.773608e+00
1.820258e-01	1.874547e+02	2.740767e+00
1.867140e-01	1.865530e+02	2.699294e+00
1.914022e-01	1.845830e+02	2.651245e+00
1.960905e-01	1.839730e+02	2.608580e+00
2.007787e-01	1.847861e+02	2.584111e+00
2.054669e-01	1.797298e+02	2.523125e+00
2.101552e-01	1.789917e+02	2.489197e+00
2.148434e-01	1.765295e+02	2.442310e+00
2.195316e-01	1.784353e+02	2.425000e+00
2.242199e-01	1.797102e+02	2.405677e+00
2.289081e-01	1.791385e+02	2.377227e+00
2.335963e-01	1.749455e+02	2.326888e+00
2.382845e-01	1.738442e+02	2.295066e+00
2.429728e-01	1.701506e+02	2.251099e+00
2.476610e-01	1.706885e+02	2.232537e+00
2.523492e-01	1.665388e+02	2.186772e+00
2.570375e-01	1.656429e+02	2.158572e+00
2.617257e-01	1.646949e+02	2.133512e+00
2.664139e-01	1.628424e+02	2.104049e+00
2.711021e-01	1.591581e+02	2.065181e+00
2.757904e-01	1.564742e+02	2.030616e+00
2.804786e-01	1.563698e+02	2.013844e+00
2.851668e-01	1.537256e+02	1.982660e+00
2.898551e-01	1.525435e+02	1.958800e+00
2.945433e-01	1.528410e+02	1.944514e+00
2.992315e-01	1.481556e+02	1.946540e+00
3.039197e-01	1.469923e+02	1.954656e+00
3.086080e-01	1.457291e+02	1.953955e+00
3.132962e-01	1.460648e+02	1.955501e+00
3.179844e-01	1.455382e+02	1.951974e+00
3.226727e-01	1.396598e+02	1.918708e+00
3.273609e-01	1.385587e+02	1.909665e+00
3.320491e-01	1.411876e+02	1.920743e+00
3.367374e-01	1.380517e+02	1.898458e+00
3.414256e-01	1.347197e+02	1.874949e+00
3.461138e-01	1.328617e+02	1.860644e+00
3.508020e-01	1.329717e+02	1.856158e+00
3.554903e-01	1.309682e+02	1.837417e+00
3.601785e-01	1.272200e+02	1.812019e+00
3.648667e-01	1.248233e+02	1.811074e+00
3.695550e-01	1.248011e+02	1.851581e+00
3.742432e-01	1.254230e+02	1.876869e+00
3.789314e-01	1.188800e+02	1.852882e+00
3.836196e-01	1.183274e+02	1.860415e+00
3.883079e-01	1.189559e+02	1.875393e+00
3.929961e-01	1.160114e+02	1.873349e+00
3.976843e-01	1.138032e+02	1.883047e+00
4.023726e-01	1.119328e+02	1.889671e+00
4.070608e-01	1.091508e+02	1.878223e+00
4.117490e-01	1.072766e+02	1.869005e+00
4.164372e-01	1.076347e+02	1.873682e+00
4.211255e-01	1.047478e+02	1.857421e+00
4.258137e-01	1.056274e+02	1.865007e+00
4.305019e-01	9.950988e+01	1.820315e+00
4.351902e-01	9.733374e+01	1.800622e+00
4.398784e-01	1.000932e+02	1.818033e+00
4.445666e-01	9.803278e+01	1.825534e+00
4.492548e-01	9.500626e+01	1.863730e+00
4.539431e-01	9.417074e+01	1.891801e+00
4.586313e-01	9.130806e+01	1.896291e+00
4.633195e-01	8.796412e+01	1.895116e+00
4.680078e-01	9.050601e+01	1.937201e+00
4.726960e-01	8.833033e+01	1.941121e+00
4.773842e-01	8.367830e+01	1.919633e+00
4.820725e-01	8.181678e+01	1.922645e+00
4.867607e-01	8.249047e+01	1.947794e+00
4.914489e-01	8.313290e+01	1.968030e+00
4.961371e-01	8.009521e+01	1.959061e+00
5.008254e-01	7.928274e+01	1.966333e+00
5.055136e-01	7.761887e+01	1.968093e+00
5.102018e-01	7.566279e+01	1.905901e+00
5.148901e-01	7.394702e+01	1.822799e+00
5.195783e-01	7.373710e+01	1.790932e+00
5.242665e-01	7.213020e+01	1.754827e+00
5.289547e-01	7.087171e+01	1.727356e+00
5.336430e-01	6.741454e+01	1.681048e+00
5.383312e-01	6.559033e+01	1.650343e+00
5.430194e-01	6.394302e+01	1.627703e+00
5.477077e-01	6.417766e+01	1.620210e+00
5.523959e-01	6.123947e+01	1.584124e+00
5.570841e-01	5.975941e+01	1.562993e+00
5.617723e-01	5.993231e+01	1.558192e+00
5.664606e-01	6.007792e+01	1.552254e+00
5.711488e-01	5.841025e+01	1.531207e+00
5.758370e-01	5.685517e+01	1.508401e+00
5.805253e-01	5.363736e+01	1.470715e+00
5.852135e-01	5.394789e+01	1.461443e+00
5.899017e-01	5.283442e+01	1.442660e+00
5.945900e-01	5.125031e+01	1.418166e+00
5.992782e-01	4.922846e+01	1.389109e+00
6.039664e-01	4.724663e+01	1.363629e+00
6.086546e-01	4.719248e+01	1.354555e+00
6.133429e-01	4.677899e+01	1.341427e+00
6.180311e-01	4.333335e+01	1.303433e+00
6.227193e-01	4.261018e+01	1.287727e+00
6.274076e-01	4.242702e+01	1.281636e+00
6.320958e-01	4.120055e+01	1.265700e+00
6.367840e-01	3.997885e+01	1.251033e+00
6.414722e-01	3.919827e+01	1.239966e+00
6.461605e-01	3.685054e+01	1.214830e+00
6.508487e-01	3.682530e+01	1.213286e+00
6.555369e-01	3.651633e+01	1.204924e+00
6.602252e-01	3.571193e+01	1.195612e+00
6.649134e-01	3.408521e+01	1.177205e+00
6.696016e-01	3.224320e+01	1.155725e+00
6.742898e-01	3.116249e+01	1.141523e+00
6.789781e-01	3.141905e+01	1.143563e+00
6.836663e-01	3.082173e+01	1.135132e+00
6.883545e-01	3.112806e+01	1.134933e+00
6.930428e-01	2.966980e+01	1.118003e+00
6.977310e-01	2.683521e+01	1.086542e+00
7.024192e-01	2.794702e+01	1.095352e+00
7.071074e-01	2.482526e+01	1.061358e+00
7.117957e-01	2.465713e+01	1.057667e+00
7.164839e-01	2.602158e+01	1.068679e+00
7.211721e-01	2.455006e+01	1.051517e+00
7.258604e-01	2.318040e+01	1.034399e+00
7.305486e-01	2.146406e+01	1.014856e+00
7.352368e-01	2.270099e+01	1.025639e+00
7.399251e-01	2.071012e+01	1.001636e+00
7.446133e-01	2.010884e+01	9.935077e-01
7.493015e-01	1.974730e+01	9.894469e-01
7.539897e-01	1.954778e+01	9.826115e-01
7.586780e-01	1.851621e+01	9.701798e-01
7.633662e-01	1.749267e+01	9.580341e-01
7.680544e-01	1.675069e+01	9.474771e-01
7.727427e-01	1.684582e+01	9.453791e-01
7.774309e-01	1.567981e+01	9.318168e-01
7.821191e-01	1.608286e+01	9.345516e-01
7.868073e-01	1.487393e+01	9.177350e-01
7.914956e-01	1.341613e+01	9.003910e-01
7.961838e-01	1.379302e+01	9.024779e-01
8.008720e-01	1.370185e+01	9.003915e-01
8.055603e-01	1.341948e+01	8.956458e-01
8.102485e-01	1.280962e+01	8.883678e-01
8.149367e-01	1.217296e+01	8.775142e-01
8.196249e-01	1.020137e+01	8.521915e-01
8.243132e-01	1.102238e+01	8.599452e-01
8.290014e-01	1.043194e+01	8.520077e-01
8.336896e-01	1.019842e+01	8.483037e-01
8.383779e-01	9.614585e+00	8.389328e-01
8.430661e-01	1.016080e+01	8.444522e-01
8.477543e-01	9.800640e+00	8.403651e-01
8.524425e-01	8.943145e+00	8.278552e-01
8.571308e-01	9.051335e+00	8.286571e-01
8.618190e-01	8.997800e+00	8.238341e-01
8.665072e-01	7.698520e+00	8.061693e-01
8.711955e-01	8.336460e+00	8.121075e-01
8.758837e-01	8.148235e+00	8.092212e-01
8.805719e-01	5.630200e+00	7.779843e-01
8.852602e-01	5.786980e+00	7.796287e-01
8.899484e-01	6.698690e+00	7.877453e-01
8.946366e-01	6.649175e+00	7.857084e-01
8.993248e-01	5.608225e+00	7.718236e-01
9.040131e-01	5.518935e+00	7.699848e-01
9.087013e-01	5.055175e+00	7.627890e-01
9.133895e-01	5.032780e+00	7.599601e-01
9.180778e-01	6.153755e+00	7.703167e-01
9.227660e-01	5.373950e+00	7.593940e-01
9.274542e-01	5.304890e+00	7.591675e-01
9.321424e-01	3.571400e+00	7.347226e-01
9.368307e-01	4.333365e+00	7.444874e-01
9.415189e-01	4.305525e+00	7.427260e-01
9.462071e-01	3.213400e+00	7.291636e-01
9.508954e-01	3.694915e+00	7.312938e-01
9.555836e-01	3.256075e+00	7.252672e-01
9.602718e-01	4.457780e+00	7.409242e-01
9.649600e-01	4.480225e+00	7.383150e-01
9.696483e-01	3.172795e+00	7.205155e-01
9.743365e-01	2.513695e+00	7.125405e-01
9.790247e-01	2.575985e+00	7.104842e-01
9.837130e-01	2.344465e+00	7.069751e-01
9.884012e-01	1.982105e+00	7.005959e-01
9.930894e-01	2.896620e+00	7.109924e-01
9.977777e-01	3.349475e+00	7.148692e-01
1.002466e+00	2.026645e+00	6.987837e-01
1.007154e+00	3.361240e+00	7.121672e-01
1.011842e+00	1.726255e+00	6.907186e-01
1.016531e+00	2.586050e+00	7.019361e-01
1.021219e+00	2.152140e+00	6.947775e-01
1.025907e+00	1.566225e+00	6.862073e-01
1.030595e+00	7.414100e-01	6.748934e-01
1.035283e+00	2.088440e+00	6.903777e-01
1.039972e+00	2.070420e+00	6.898411e-01
1.044660e+00	3.804950e-01	6.687441e-01
1.049348e+00	2.131790e+00	6.878569e-01
1.054036e+00	2.440235e+00	6.901688e-01
1.058725e+00	2.190715e+00	6.851328e-01
1.063413e+00	2.524280e+00	6.891796e-01
1.068101e+00	2.325320e+00	6.858949e-01
1.072789e+00	1.862805e+00	6.786505e-01
1.077478e+00	2.108585e+00	6.804810e-01
1.082166e+00	1.209735e+00	6.685229e-01
1.086854e+00	1.152550e+00	6.671094e-01
1.091542e+00	1.705215e+00	6.711801e-01
1.096230e+00	7.065850e-01	6.577606e-01
1.100919e+00	4.573950e-01	6.543755e-01
1.105607e+00	1.437205e+00	6.659478e-01
1.110295e+00	1.365370e+00	6.637030e-01
1.114983e+00	1.771310e+00	6.672705e-01
1.119672e+00	8.220150e-01	6.550649e-01
1.124360e+00	2.977950e-01	6.479722e-01
1.129048e+00	2.590290e+00	6.736254e-01
1.133736e+00	1.865990e+00	6.632519e-01
1.138425e+00	1.366975e+00	6.575234e-01
1.143113e+00	3.427350e-01	6.427551e-01
1.147801e+00	2.022555e+00	6.634259e-01
1.152489e+00	1.994425e+00	6.609903e-01
1.157177e+00	1.209665e+00	6.498695e-01
1.161866e+00	1.925370e+00	6.585540e-01
1.166554e+00	1.371980e+00	6.501720e-01
1.171242e+00	1.232205e+00	6.485758e-01
1.175930e+00	1.114520e+00	6.454925e-01
1.180619e+00	9.858000e-01	6.429536e-01
1.185307e+00	1.173230e+00	6.444095e-01
1.189995e+00	1.449610e+00	6.472731e-01
1.194683e+00	9.571000e-01	6.399833e-01
1.199372e+00	1.382980e+00	6.444094e-01
1.204060e+00	1.146715e+00	6.409391e-01
1.208748e+00	4.470950e-01	6.332020e-01
1.213436e+00	1.670180e+00	6.451575e-01
1.218124e+00	2.526685e+00	6.533038e-01
1.222813e+00	9.270000e-01	6.347181e-01
1.227501e+00	1.777450e-01	6.248676e-01
1.232189e+00	2.153015e+00	6.474741e-01
1.236877e+00	1.055695e+00	6.323411e-01
1.241566e+00	9.175450e-01	6.295403e-01
1.246254e+00	1.561175e+00	6.384404e-01
1.250942e+00	5.033800e-01	6.397915e-01
1.255630e+00	1.167030e+00	6.656345e-01
1.260318e+00	1.806050e+00	6.839306e-01
1.265007e+00	1.922730e+00	6.933222e-01
1.269695e+00	1.122990e+00	6.911054e-01
1.274383e+00	1.418685e+00	7.022473e-01
1.279071e+00	9.877450e-01	7.049444e-01
1.283760e+00	2.004275e+00	7.230768e-01
1.288448e+00	1.165045e+00	7.177105e-01
1.293136e+00	1.120115e+00	7.220377e-01
1.297824e+00	1.608650e+00	7.342208e-01
1.302513e+00	2.225270e+00	7.478211e-01
1.307201e+00	1.701680e+00	7.429521e-01
1.311889e+00	1.274835e+00	7.357546e-01
1.316577e+00	1.652055e+00	7.169831e-01
1.321265e+00	8.395400e-01	6.881953e-01
1.325954e+00	7.217450e-01	6.745532e-01
1.330642e+00	2.273350e+00	6.845506e-01
1.335330e+00	1.573485e+00	6.670898e-01
1.340018e+00	1.560585e+00	6.615418e-01
1.344707e+00	1.208965e+00	6.528335e-01
1.349395e+00	5.757400e-01	6.395909e-01
1.354083e+00	1.619390e+00	6.465245e-01
1.358771e+00	1.461250e+00	6.404923e-01
1.363460e+00	1.002750e+00	6.324981e-01
1.368148e+00	6.565300e-01	6.262667e-01
1.372836e+00	5.676800e-01	6.219033e-01
1.377524e+00	1.587410e+00	6.329316e-01
1.382212e+00	2.250375e+00	6.396549e-01
1.386901e+00	2.103770e+00	6.365158e-01
1.391589e+00	1.164830e+00	6.241426e-01
1.396277e+00	1.001705e+00	6.215492e-01
1.400965e+00	1.466775e+00	6.258490e-01
1.405654e+00	1.898320e+00	6.297796e-01
1.410342e+00	1.702115e+00	6.260714e-01
1.415030e+00	9.079050e-01	6.159710e-01
1.419718e+00	5.880800e-01	6.119162e-01
1.424406e+00	3.036650e-01	6.060503e-01
1.429095e+00	1.366835e+00	6.166017e-01
1.433783e+00	5.018850e-01	6.064223e-01
1.438471e+00	1.330110e+00	6.152181e-01
1.443159e+00	1.236430e+00	6.123566e-01
1.447848e+00	1.325575e+00	6.120211e-01
1.452536e+00	1.247720e+00	6.107304e-01
1.457224e+00	1.833910e+00	6.157954e-01
1.461912e+00	1.134125e+00	6.080004e-01
1.466601e+00	1.339980e+00	6.079619e-01
1.471289e+00	9.543400e-01	6.029529e-01
1.475977e+00	7.813950e-01	6.008975e-01
1.480665e+00	1.227000e+00	6.046514e-01
1.485353e+00	1.990215e+00	6.232944e-01
1.490042e+00	1.405555e+00	6.353967e-01
1.494730e+00	1.563115e+00	6.478320e-01
1.499418e+00	8.253650e-01	6.457635e-01
1.504106e+00	5.267400e-01	6.499211e-01
1.508795e+00	8.983700e-01	6.608772e-01
1.513483e+00	9.876200e-01	6.486675e-01
1.518171e+00	4.967150e-01	6.278858e-01
1.522859e+00	1.302000e+00	6.257112e-01
1.527548e+00	1.605285e+00	6.236232e-01
1.532236e+00	1.603770e+00	6.180867e-01
1.536924e+00	1.106565e+00	6.077659e-01
1.541612e+00	7.822900e-01	6.000653e-01
1.546300e+00	4.266750e-01	5.953372e-01
1.550989e+00	1.594110e+00	6.064609e-01
1.555677e+00	7.672150e-01	5.942938e-01
1.560365e+00	7.654450e-01	5.898318e-01
1.565053e+00	1.152590e+00	5.925397e-01
1.569742e+00	6.661450e-01	5.841511e-01
1.574430e+00	4.408850e-01	5.801891e-01
1.579118e+00	7.444000e-01	5.841099e-01
1.583806e+00	1.254005e+00	5.903654e-01
1.588495e+00	1.104085e+00	5.899222e-01
1.593183e+00	5.388200e-01	5.840484e-01
1.597871e+00	1.742590e+00	5.959373e-01
1.602559e+00	1.081970e+00	5.882725e-01
1.607247e+00	1.925050e-01	5.775949e-01
1.611936e+00	8.750650e-01	5.842211e-01
1.616624e+00	1.559700e+00	5.893243e-01
1.621312e+00	-2.951500e-02	5.720377e-01
1.626000e+00	7.373900e-01	5.792599e-01
1.630689e+00	8.835750e-01	5.812730e-01
1.635377e+00	1.277840e+00	5.832153e-01
1.640065e+00	7.225650e-01	5.760033e-01
1.644753e+00	6.979950e-01	5.762644e-01
1.649441e+00	4.620300e-01	5.731822e-01
1.654130e+00	1.220895e+00	5.799052e-01
1.658818e+00	4.588450e-01	5.715253e-01
1.663506e+00	5.534850e-01	5.710239e-01
1.668194e+00	3.541950e-01	5.677085e-01
1.672883e+00	-2.480900e-01	5.608192e-01
1.677571e+00	7.797350e-01	5.704220e-01
1.682259e+00	8.443300e-01	5.717157e-01
1.686947e+00	6.602950e-01	5.669384e-01
1.691636e+00	-2.562400e-01	5.568923e-01
1.696324e+00	9.209250e-01	5.690114e-01
1.701012e+00	8.957450e-01	5.665981e-01
1.705700e+00	-3.227950e-01	5.546129e-01
1.710388e+00	1.654200e-01	5.587815e-01
1.715077e+00	1.183045e+00	5.684299e-01
1.719765e+00	2.045400e-01	5.572323e-01
1.724453e+00	8.038850e-01	5.636937e-01
1.729141e+00	3.174700e-01	5.577125e-01
1.733830e+00	6.701300e-01	5.590062e-01
1.738518e+00	7.873300e-01	5.601099e-01
1.743206e+00	5.277100e-01	5.572466e-01
1.747894e+00	1.323905e+00	5.651394e-01
1.752583e+00	1.206725e+00	5.634116e-01
1.757271e+00	1.049165e+00	5.602221e-01
1.761959e+00	3.582150e-01	5.532923e-01
1.766647e+00	-3.086000e-02	5.480251e-01
1.771335e+00	-2.426550e-01	5.447806e-01
1.776024e+00	2.574750e-01	5.496670e-01
1.780712e+00	8.763500e-02	5.482957e-01
1.785400e+00	-1.236500e-02	5.448381e-01
1.790088e+00	1.069400e-01	5.447316e-01
1.794777e+00	3.334000e-01	5.484373e-01
1.799465e+00	4.071000e-02	5.437869e-01
1.804153e+00	5.356250e-01	5.478595e-01
1.808841e+00	4.968950e-01	5.469379e-01
1.813530e+00	2.670550e-01	5.436253e-01
1.818218e+00	6.404100e-01	5.467975e-01
1.822906e+00	2.061150e-01	5.426562e-01
1.827594e+00	-2.242900e-01	5.371796e-01
1.832282e+00	2.080800e-01	5.394735e-01
1.836971e+00	1.467800e-01	5.398632e-01
1.841659e+00	-3.322150e-01	5.337065e-01
1.846347e+00	6.246500e-02	5.375842e-01
1.851035e+00	-1.296300e-01	5.336750e-01
1.855724e+00	3.968550e-01	5.394290e-01
1.860412e+00	-1.589750e-01	5.334137e-01
1.865100e+00	-8.308000e-01	5.253586e-01
1.869788e+00	3.918250e-01	5.372304e-01
1.874476e+00	-5.325650e-01	5.282731e-01
1.879165e+00	2.648200e-01	5.348102e-01
1.883853e+00	-1.349400e-01	5.296539e-01
1.888541e+00	1.747400e-01	5.319304e-01
1.893229e+00	-3.059650e-01	5.273763e-01
1.897918e+00	-3.648300e-01	5.262741e-01
1.902606e+00	1.879250e-01	5.310783e-01
1.907294e+00	1.727700e-01	5.304012e-01
1.911982e+00	7.626050e-01	5.350960e-01
1.916671e+00	5.581750e-01	5.326410e-01
1.921359e+00	3.456650e-01	5.299213e-01
1.926047e+00	-1.435550e-01	5.250885e-01
1.930735e+00	-5.678350e-01	5.192712e-01
1.935423e+00	-6.249350e-01	5.176817e-01
1.940112e+00	-4.452050e-01	5.179790e-01
1.944800e+00	-3.207600e-01	5.193592e-01
1.949488e+00	2.503900e-01	5.239257e-01
1.954176e+00	-9.036000e-02	5.199802e-01
1.958865e+00	8.500500e-02	5.188996e-01
1.963553e+00	-3.237400e-01	5.151582e-01
1.968241e+00	4.876800e-01	5.219704e-01
1.972929e+00	1.630100e-01	5.186668e-01
1.977618e+00	3.001500e-02	5.165629e-01
1.982306e+00	3.240300e-01	5.186548e-01
1.986994e+00	4.004100e-01	5.193624e-01
1.991682e+00	-8.992500e-02	5.148281e-01
1.996370e+00	1.099500e-02	5.146920e-01
2.001059e+00	1.014450e-01	5.179058e-01
2.005747e+00	-3.127850e-01	5.126094e-01
2.010435e+00	6.923050e-01	5.219598e-01
2.015123e+00	7.060250e-01	5.217700e-01
2.019812e+00	9.525850e-01	5.238143e-01
2.024500e+00	9.976500e-01	5.237152e-01
2.029188e+00	2.068700e-01	5.150962e-01
2.033876e+00	4.044000e-01	5.161666e-01
2.038565e+00	4.971700e-01	5.155234e-01
2.043253e+00	-2.491750e-01	5.086718e-01
2.047941e+00	-7.212350e-01	5.044703e-01
2.052629e+00	1.565100e-01	5.155416e-01
2.057317e+00	-9.253500e-02	5.272526e-01
2.062006e+00	-3.921800e-01	5.329804e-01
2.066694e+00	2.855700e-01	5.471073e-01
2.071382e+00	3.880650e-01	5.531961e-01
2.076070e+00	4.607400e-01	5.599862e-01
2.080759e+00	-2.698100e-01	5.569742e-01
2.085447e+00	-4.116700e-01	5.584490e-01
2.090135e+00	2.096600e-01	5.678690e-01
2.094823e+00	-4.786750e-01	5.617272e-01
2.099511e+00	-2.074300e-01	5.668460e-01
2.104200e+00	2.773800e-01	5.732077e-01
2.108888e+00	9.596200e-01	5.816706e-01
2.113576e+00	1.947700e-01	5.746951e-01
2.118264e+00	-3.564200e-01	5.628152e-01
2.122953e+00	6.382900e-01	5.580900e-01
2.127641e+00	1.404300e-01	5.419428e-01
2.132329e+00	1.346650e-01	5.368048e-01
2.137017e+00	4.295750e-01	5.338636e-01
2.141706e+00	-2.026350e-01	5.225204e-01
2.146394e+00	1.324650e-01	5.222983e-01
2.151082e+00	6.605500e-02	5.184760e-01
2.155770e+00	3.999400e-01	5.195909e-01
2.160458e+00	3.405500e-02	5.154624e-01
2.165147e+00	-1.744000e-01	5.123156e-01
2.169835e+00	-7.469000e-02	5.116738e-01
2.174523e+00	1.786500e-01	5.132470e-01
2.179211e+00	-2.395650e-01	5.083779e-01
2.183900e+00	-3.748750e-01	5.062148e-01
2.188588e+00	2.760700e-01	5.116333e-01
2.193276e+00	2.839900e-01	5.108320e-01
2.197964e+00	-6.257500e-02	5.060488e-01
2.202653e+00	1.916350e-01	5.083820e-01
2.207341e+00	7.487650e-01	5.131876e-01
2.212029e+00	1.915600e-01	5.067116e-01
2.216717e+00	1.311900e-01	5.051594e-01
2.221405e+00	9.584000e-02	5.048057e-01
2.226094e+00	1.206900e-01	5.037846e-01
2.230782e+00	-1.066150e-01	5.002713e-01
2.235470e+00	-9.048000e-02	5.000998e-01
2.240158e+00	6.759300e-01	5.073400e-01
2.244847e+00	3.451000e-01	5.033122e-01
2.249535e+00	8.866200e-01	5.074623e-01
2.254223e+00	1.161225e+00	5.091246e-01
2.258911e+00	-2.821050e-01	4.941784e-01
2.263600e+00	-2.588700e-01	4.947609e-01
2.268288e+00	-3.095000e-02	4.966448e-01
2.272976e+00	6.430350e-01	5.023481e-01
2.277664e+00	3.690950e-01	4.991076e-01
2.282352e+00	-6.170000e-03	4.940222e-01
2.287041e+00	-5.255000e-02	4.938984e-01
2.291729e+00	7.696500e-02	4.941220e-01
2.296417e+00	2.659100e-01	4.949932e-01
2.301105e+00	-5.836600e-01	4.863933e-01
2.305794e+00	3.140550e-01	4.941522e-01
2.310482e+00	-6.186500e-02	4.897462e-01
2.315170e+00	-2.967750e-01	4.878176e-01
2.319858e+00	4.994400e-01	4.943294e-01
2.324546e+00	2.565700e-01	4.917345e-01
2.329235e+00	1.563650e-01	4.891090e-01
2.333923e+00	-2.696900e-01	4.855930e-01
2.338611e+00	-4.728600e-01	4.830640e-01
2.343299e+00	6.281350e-01	4.934514e-01
2.347988e+00	7.038200e-01	4.917827e-01
2.352676e+00	3.420650e-01	4.886056e-01
2.357364e+00	6.068350e-01	4.907791e-01
2.362052e+00	4.457150e-01	4.887753e-01
2.366741e+00	4.733400e-01	4.896994e-01
2.371429e+00	2.008250e-01	4.858429e-01
2.376117e+00	3.410800e-01	4.866402e-01
2.380805e+00	1.100750e-01	4.839721e-01
2.385493e+00	-5.046400e-01	4.773920e-01
2.390182e+00	6.627950e-01	4.882885e-01
2.394870e+00	4.576700e-01	4.860486e-01
2.399558e+00	-3.507500e-02	4.803689e-01
2.404246e+00	6.727100e-01	4.859796e-01
2.408935e+00	9.602050e-01	4.885510e-01
2.413623e+00	3.789950e-01	4.832080e-01
2.418311e+00	-1.758950e-01	4.768639e-01
2.422999e+00	4.114900e-01	4.820722e-01
2.427688e+00	4.205000e-02	4.776945e-01
2.432376e+00	-2.406600e-01	4.750257e-01
2.437064e+00	-5.332500e-02	4.769901e-01
2.441752e+00	8.224600e-01	4.833892e-01
2.446440e+00	7.370000e-01	4.820457e-01
2.451129e+00	5.563600e-01	4.798833e-01
2.455817e+00	4.770000e-01	4.789954e-01
2.460505e+00	1.085200e-01	4.747917e-01
2.465193e+00	5.843500e-01	4.790925e-01
2.469882e+00	1.894050e-01	4.742745e-01
2.474570e+00	1.885750e-01	4.741196e-01
2.479258e+00	-6.567500e-01	4.659627e-01
2.483946e+00	-3.831850e-01	4.681374e-01
2.488634e+00	2.342100e-01	4.732109e-01
2.493323e+00	4.965250e-01	4.753202e-01
2.498011e+00	2.882400e-01	4.736458e-01
2.502699e+00	8.405500e-02	4.703974e-01
2.507387e+00	8.077700e-01	4.772848e-01
2.512076e+00	3.588500e-01	4.727107e-01
2.516764e+00	3.446000e-01	4.717674e-01
2.521452e+00	2.442700e-01	4.702819e-01
2.526140e+00	1.077600e-01	4.684661e-01
2.530829e+00	1.625000e-03	4.670257e-01
2.535517e+00	4.509500e-02	4.665272e-01
2.540205e+00	3.955100e-01	4.683654e-01
2.544893e+00	5.360550e-01	4.695852e-01
2.549581e+00	5.820900e-01	4.685851e-01
2.554270e+00	1.208000e-01	4.638184e-01
2.558958e+00	4.730600e-01	4.669675e-01
2.563646e+00	8.875000e-02	4.628096e-01
2.568334e+00	1.463800e-01	4.631098e-01
2.573023e+00	3.306500e-01	4.642985e-01
2.577711e+00	6.454100e-01	4.658921e-01
2.582399e+00	-1.577350e-01	4.584262e-01
2.587087e+00	1.368100e-01	4.609879e-01
2.591776e+00	-5.536950e-01	4.550723e-01
2.596464e+00	-8.655400e-01	4.521855e-01
2.601152e+00	4.940000e-02	4.598963e-01
2.605840e+00	-4.617450e-01	4.559261e-01
2.610528e+00	-9.957000e-02	4.582090e-01
2.615217e+00	3.400100e-01	4.622476e-01
2.619905e+00	4.160250e-01	4.627703e-01
2.624593e+00	5.765500e-01	4.627805e-01
2.629281e+00	3.211700e-01	4.610714e-01
2.633970e+00	-1.720000e-03	4.568108e-01
2.638658e+00	1.937700e-01	4.585025e-01
2.643346e+00	-6.771000e-02	4.561039e-01
2.648034e+00	-2.459000e-02	4.562445e-01
2.652723e+00	-8.942500e-02	4.555416e-01
2.657411e+00	4.844250e-01	4.596560e-01
2.662099e+00	3.145050e-01	4.577220e-01
2.666787e+00	-1.787950e-01	4.522651e-01
2.671475e+00	-7.166000e-02	4.535092e-01
2.676164e+00	1.742900e-01	4.553850e-01
2.680852e+00	-2.373600e-01	4.518351e-01
2.685540e+00	4.001800e-01	4.568277e-01
2.690228e+00	-3.293650e-01	4.500826e-01
2.694917e+00	-2.342050e-01	4.502930e-01
2.699605e+00	8.047600e-01	4.591065e-01
2.704293e+00	-2.242900e-01	4.495821e-01
2.708981e+00	1.362150e-01	4.518336e-01
2.713669e+00	4.855000e-03	4.508731e-01
2.718358e+00	-3.568550e-01	4.468013e-01
2.723046e+00	4.075000e-03	4.498872e-01
2.727734e+00	2.070550e-01	4.513116e-01
2.732422e+00	2.503000e-01	4.509713e-01
2.737111e+00	9.890500e-02	4.489843e-01
2.741799e+00	3.242750e-01	4.514826e-01
2.746487e+00	4.517250e-01	4.517380e-01
2.751175e+00	1.633950e-01	4.488720e-01
2.755864e+00	5.583250e-01	4.513946e-01
2.760552e+00	2.560500e-02	4.466309e-01
2.765240e+00	-3.300000e-03	4.461723e-01
2.769928e+00	6.825400e-01	4.522976e-01
2.774616e+00	5.982650e-01	4.510834e-01
2.779305e+00	4.636550e-01	4.492562e-01
2.783993e+00	9.196850e-01	4.526518e-01
2.788681e+00	1.563050e-01	4.452934e-01
2.793369e+00	2.268500e-02	4.443428e-01
2.798058e+00	-1.326450e-01	4.426806e-01
2.802746e+00	4.412800e-01	4.474946e-01
2.807434e+00	1.932150e-01	4.446439e-01
2.812122e+00	-2.548050e-01	4.406500e-01
2.816811e+00	5.125000e-03	4.424143e-01
2.821499e+00	7.116000e-02	4.427986e-01
2.826187e+00	-2.843250e-01	4.391402e-01
2.830875e+00	-8.106000e-02	4.400458e-01
2.835563e+00	2.448000e-02	4.410654e-01
2.840252e+00	-3.282500e-02	4.396708e-01
2.844940e+00	1.245400e-01	4.413113e-01
2.849628e+00	4.844850e-01	4.439965e-01
2.854316e+00	2.940400e-01	4.424709e-01
2.859005e+00	8.957700e-01	4.551925e-01
2.863693e+00	1.308250e-01	4.586344e-01
2.868381e+00	1.306600e-01	4.644670e-01
2.873069e+00	-1.950000e-04	4.683715e-01
2.877758e+00	4.100150e-01	4.761654e-01
2.882446e+00	-1.081350e-01	4.733301e-01
2.887134e+00	-1.223550e-01	4.744024e-01
2.891822e+00	-3.003000e-01	4.747519e-01
2.896510e+00	-4.107850e-01	4.755852e-01
2.901199e+00	-5.221050e-01	4.755970e-01
2.905887e+00	2.259950e-01	4.838255e-01
2.910575e+00	1.668850e-01	4.837939e-01
2.915263e+00	4.143500e-01	4.874265e-01
2.919952e+00	6.085400e-01	4.897044e-01
2.924640e+00	3.211100e-01	4.742506e-01
2.929328e+00	-8.696500e-02	4.621005e-01
2.934016e+00	-1.355650e-01	4.552633e-01
2.938704e+00	4.905800e-01	4.579391e-01
2.943393e+00	2.954800e-01	4.529743e-01
2.948081e+00	3.326500e-02	4.481277e-01
2.952769e+00	-2.948700e-01	4.443763e-01
2.957457e+00	-1.628500e-01	4.446050e-01
2.962146e+00	2.463100e-01	4.464174e-01
2.966834e+00	-4.260500e-02	4.429908e-01
2.971522e+00	-1.007700e-01	4.418856e-01
2.976210e+00	-3.415350e-01	4.407086e-01
2.980899e+00	-3.016400e-01	4.402795e-01
2.985587e+00	5.325150e-01	4.457268e-01
2.990275e+00	1.420150e-01	4.410605e-01
2.994963e+00	3.229100e-01	4.425852e-01
2.999651e+00	2.632550e-01	4.414191e-01
3.004340e+00	5.785000e-02	4.398162e-01
3.009028e+00	1.037500e-01	4.393831e-01
3.013716e+00	-4.295150e-01	4.338931e-01
3.018404e+00	2.398450e-01	4.392092e-01
3.023093e+00	2.028350e-01	4.382237e-01
3.027781e+00	-1.161300e-01	4.345098e-01
3.032469e+00	2.665700e-01	4.381690e-01
3.037157e+00	-1.051250e-01	4.340143e-01
3.041846e+00	2.605500e-01	4.372458e-01
3.046534e+00	5.894050e-01	4.389826e-01
3.051222e+00	3.216500e-01	4.363420e-01
3.055910e+00	-3.872000e-02	4.324094e-01
3.060598e+00	3.426400e-01	4.362920e-01
3.065287e+00	6.544550e-01	4.377331e-01
3.069975e+00	3.544500e-01	4.345821e-01
3.074663e+00	2.410150e-01	4.334591e-01
3.079351e+00	-1.319300e-01	4.296465e-01
3.084040e+00	2.257850e-01	4.320727e-01
3.088728e+00	5.181100e-01	4.341879e-01
3.093416e+00	8.500000e-01	4.368370e-01
3.098104e+00	-5.598900e-01	4.241024e-01
3.102793e+00	-5.898500e-01	4.239382e-01
3.107481e+00	-3.409250e-01	4.258551e-01
3.112169e+00	5.024600e-01	4.321383e-01
3.116857e+00	1.298150e-01	4.286917e-01
3.121545e+00	-2.108950e-01	4.249322e-01
3.126234e+00	8.967500e-02	4.280906e-01
3.130922e+00	1.197800e-01	4.276345e-01
3.135610e+00	6.020350e-01	4.311977e-01
3.140298e+00	6.614600e-01	4.310148e-01
3.144987e+00	-1.979850e-01	4.238392e-01
3.149675e+00	-6.102500e-02	4.243159e-01
3.154363e+00	2.249600e-01	4.258650e-01
3.159051e+00	-5.488500e-02	4.235633e-01
3.163739e+00	2.120950e-01	4.253758e-01
3.168428e+00	-1.945850e-01	4.217557e-01
3.173116e+00	-3.708350e-01	4.197210e-01
3.177804e+00	-4.896500e-02	4.220672e-01
3.182492e+00	4.975350e-01	4.268665e-01
3.187181e+00	7.031400e-01	4.278489e-01
3.191869e+00	2.452550e-01	4.233116e-01
3.196557e+00	4.653800e-01	4.247100e-01
3.201245e+00	-9.687500e-02	4.203392e-01
3.205934e+00	2.298550e-01	4.225307e-01
3.210622e+00	1.571400e-01	4.217078e-01
3.215310e+00	7.250500e-02	4.207212e-01
3.219998e+00	2.996150e-01	4.217059e-01
3.224686e+00	5.977550e-01	4.236488e-01
3.229375e+00	3.145150e-01	4.198536e-01
3.234063e+00	3.204900e-01	4.195685e-01
3.238751e+00	9.966750e-01	4.252084e-01
3.243439e+00	4.477950e-01	4.198347e-01
3.248128e+00	3.744800e-01	4.188703e-01
3.252816e+00	3.085100e-01	4.187622e-01
3.257504e+00	-4.051500e-01	4.116589e-01
3.262192e+00	6.350000e-04	4.151457e-01
3.266881e+00	-3.071400e-01	4.115638e-01
3.271569e+00	-2.470500e-02	4.136782e-01
3.276257e+00	3.292550e-01	4.168791e-01
3.280945e+00	2.802900e-01	4.164828e-01
3.285633e+00	2.026550e-01	4.162745e-01
3.290322e+00	3.350250e-01	4.173695e-01
3.295010e+00	3.827150e-01	4.173156e-01
3.299698e+00	-2.426500e-02	4.134291e-01
3.304386e+00	6.238650e-01	4.184196e-01
3.309075e+00	2.009650e-01	4.147630e-01
3.313763e+00	7.031500e-01	4.181866e-01
3.318451e+00	1.952050e-01	4.143706e-01
3.323139e+00	-3.285200e-01	4.094663e-01
3.327828e+00	1.500550e-01	4.133949e-01
3.332516e+00	2.662150e-01	4.139528e-01
3.337204e+00	-7.597000e-02	4.104455e-01
3.341892e+00	-1.164200e-01	4.104578e-01
3.346580e+00	1.286700e-01	4.113409e-01
3.351269e+00	3.994000e-01	4.133782e-01
3.355957e+00	3.139500e-02	4.121857e-01
3.360645e+00	-6.950500e-01	4.150777e-01
3.365333e+00	-5.656700e-01	4.228141e-01
3.370022e+00	-9.305000e-03	4.320181e-01
3.374710e+00	1.846500e-02	4.339193e-01
3.379398e+00	3.085400e-01	4.377622e-01
3.384086e+00	2.752150e-01	4.389211e-01
3.388774e+00	-2.078250e-01	4.350757e-01
3.393463e+00	-1.831750e-01	4.357414e-01
3.398151e+00	1.519200e-01	4.381625e-01
3.402839e+00	-2.354250e-01	4.355595e-01
3.407527e+00	-1.070950e-01	4.378484e-01
3.412216e+00	-1.022450e-01	4.394738e-01
3.416904e+00	8.024950e-01	4.473232e-01
3.421592e+00	1.837100e-01	4.424879e-01
3.426280e+00	-1.676600e-01	4.403542e-01
3.430969e+00	1.971000e-01	4.445276e-01
3.435657e+00	3.603700e-01	4.464805e-01
3.440345e+00	4.673650e-01	4.481122e-01
3.445033e+00	-3.730000e-03	4.454262e-01
3.449721e+00	6.120500e-01	4.503773e-01
3.454410e+00	4.662150e-01	4.497740e-01
3.459098e+00	1.203900e-01	4.476049e-01
3.463786e+00	2.956800e-01	4.493879e-01
3.468474e+00	2.786350e-01	4.500630e-01
3.473163e+00	-6.158500e-02	4.477589e-01
3.477851e+00	8.887000e-02	4.490120e-01
3.482539e+00	-1.875000e-02	4.490075e-01
3.487227e+00	-5.159450e-01	4.443621e-01
3.491916e+00	-1.457700e-01	4.495063e-01
3.496604e+00	-2.642000e-01	4.486372e-01
3.501292e+00	-8.202500e-02	4.500136e-01
3.505980e+00	1.203650e-01	4.523810e-01
3.510668e+00	-3.988000e-02	4.519179e-01
3.515357e+00	5.604500e-02	4.532103e-01
3.520045e+00	9.631850e-01	4.614005e-01
3.524733e+00	-9.590000e-03	4.531319e-01
3.529421e+00	2.547850e-01	4.557436e-01
3.534110e+00	3.808900e-01	4.570215e-01
3.538798e+00	-1.608350e-01	4.529278e-01
3.543486e+00	-6.654150e-01	4.486951e-01
3.548174e+00	-6.612500e-02	4.553860e-01
3.552863e+00	2.787300e-01	4.589789e-01
3.557551e+00	-3.678800e-01	4.537897e-01
3.562239e+00	4.885850e-01	4.613141e-01
3.566927e+00	5.246550e-01	4.615638e-01
3.571615e+00	1.564600e-01	4.583904e-01
3.576304e+00	5.665100e-01	4.628546e-01
3.580992e+00	-5.020400e-01	4.532835e-01
3.585680e+00	-1.631000e-01	4.554032e-01
3.590368e+00	5.912300e-01	4.621355e-01
3.595057e+00	2.999300e-01	4.596948e-01
3.599745e+00	3.691500e-01	4.593708e-01
3.604433e+00	6.417000e-02	4.566945e-01
3.609121e+00	2.772400e-01	4.589613e-01
3.613809e+00	8.359600e-01	4.637446e-01
3.618498e+00	-3.048350e-01	4.531667e-01
3.623186e+00	-3.266200e-01	4.530408e-01
3.627874e+00	-6.230750e-01	4.509773e-01
3.632562e+00	7.104850e-01	4.637808e-01
3.637251e+00	4.308800e-01	4.621696e-01
3.641939e+00	2.450550e-01	4.603440e-01
3.646627e+00	-1.079885e+00	4.476755e-01
3.651315e+00	-6.483600e-01	4.520992e-01
3.656004e+00	3.378050e-01	4.629125e-01
3.660692e+00	8.562750e-01	4.766456e-01
3.665380e+00	9.979800e-01	4.937101e-01
3.670068e+00	2.894150e-01	4.946288e-01
3.674756e+00	5.604200e-01	5.046940e-01
3.679445e+00	5.688850e-01	5.108085e-01
3.684133e+00	6.036250e-01	5.144643e-01
3.688821e+00	8.872000e-01	5.206811e-01
3.693509e+00	-2.799450e-01	5.113724e-01
3.698198e+00	-5.346600e-01	5.110354e-01
3.702886e+00	8.962000e-02	5.209596e-01
3.707574e+00	-3.318950e-01	5.191854e-01
3.712262e+00	-3.500900e-01	5.221643e-01
3.716951e+00	5.199350e-01	5.338067e-01
3.721639e+00	8.120000e-03	5.306154e-01
3.726327e+00	-1.077400e-01	5.310668e-01
3.731015e+00	-2.858100e-01	5.311196e-01
3.735703e+00	6.187900e-01	5.438472e-01
3.740392e+00	8.748500e-01	5.488962e-01
3.745080e+00	2.972050e-01	5.453492e-01
3.749768e+00	6.976500e-01	5.516721e-01
3.754456e+00	5.676000e-02	5.471908e-01
3.759145e+00	-7.125500e-02	5.480497e-01
3.763833e+00	-2.995500e-02	5.504180e-01
3.768521e+00	-1.055100e-01	5.509655e-01
3.773209e+00	1.507100e-01	5.568427e-01
3.777897e+00	-1.227400e-01	5.557614e-01
3.782586e+00	-4.932800e-01	5.543689e-01
3.787274e+00	4.264000e-02	5.627318e-01
3.791962e+00	6.726400e-01	5.704117e-01
3.796650e+00	1.004450e-01	5.669410e-01
3.801339e+00	1.897100e-01	5.703794e-01
3.806027e+00	-7.886550e-01	5.618443e-01
3.810715e+00	5.447000e-02	5.728699e-01
3.815403e+00	-1.847700e-01	5.730210e-01
3.820092e+00	4.414950e-01	5.830215e-01
3.824780e+00	1.595050e-01	5.798533e-01
3.829468e+00	7.233000e-02	5.824086e-01
3.834156e+00	-1.403250e-01	5.806919e-01
3.838844e+00	6.887050e-01	5.929955e-01
3.843533e+00	-4.671650e-01	5.817980e-01
3.848221e+00	-3.780000e-03	5.895746e-01
3.852909e+00	-1.522400e-01	5.890931e-01
3.857597e+00	1.335600e-01	5.952135e-01
3.862286e+00	1.332450e-01	5.981318e-01
3.866974e+00	3.903200e-01	6.030991e-01
3.871662e+00	9.786000e-02	6.001262e-01
3.876350e+00	4.097550e-01	6.059874e-01
3.881039e+00	7.245000e-02	6.046046e-01
3.885727e+00	6.804550e-01	6.141565e-01
3.890415e+00	8.890300e-01	6.183560e-01
3.895103e+00	1.748350e-01	6.123711e-01
3.899791e+00	-2.334500e-02	6.113339e-01
3.904480e+00	3.533300e-01	6.196836e-01
3.909168e+00	-3.544550e-01	6.121651e-01
3.913856e+00	4.990950e-01	6.260529e-01
3.918544e+00	-7.234500e-02	6.215280e-01
3.923233e+00	-3.951900e-01	6.193313e-01
3.927921e+00	-4.943000e-02	6.247708e-01
3.932609e+00	3.608900e-01	6.323906e-01
3.937297e+00	1.063100e-01	6.302390e-01
3.941986e+00	-3.679000e-02	6.277185e-01
3.946674e+00	2.664000e-02	6.288972e-01
3.951362e+00	-2.449000e-01	6.270298e-01
3.956050e+00	-2.688050e-01	6.248908e-01
3.960738e+00	-2.978050e-01	6.247587e-01
3.965427e+00	-5.935950e-01	6.223726e-01
3.970115e+00	-2.135900e-01	6.281084e-01
3.974803e+00	4.293950e-01	6.395113e-01
3.979491e+00	4.076000e-01	6.408969e-01
3.984180e+00	4.054100e-01	6.422885e-01
3.988868e+00	-9.950800e-01	6.286726e-01
3.993556e+00	3.752300e-01	6.474069e-01
3.998244e+00	2.115000e-01	6.458314e-01
4.002932e+00	-1.359600e-01	6.441578e-01
4.007621e+00	4.875700e-01	6.554695e-01
4.012309e+00	1.523805e+00	6.691557e-01
4.016997e+00	1.260000e-01	6.529257e-01
4.021685e+00	3.214900e-01	6.578903e-01
4.026374e+00	1.895100e-01	6.599128e-01
4.031062e+00	7.998900e-01	6.692010e-01
4.035750e+00	6.292500e-01	6.710956e-01
4.040438e+00	6.494550e-01	6.737166e-01
4.045127e+00	5.261300e-01	6.729068e-01
4.049815e+00	-1.643550e-01	6.669120e-01
4.054503e+00	-8.865850e-01	6.592203e-01
4.059191e+00	3.994650e-01	6.774703e-01
4.063879e+00	9.955000e-02	6.762186e-01
4.068568e+00	-5.342050e-01	6.704005e-01
4.073256e+00	-1.932000e-01	6.776251e-01
4.077944e+00	2.336550e-01	6.840862e-01
4.082632e+00	3.910300e-01	6.882454e-01
4.087321e+00	5.603600e-01	6.945535e-01
4.092009e+00	-3.228450e-01	6.856569e-01
4.096697e+00	-5.218400e-01	6.859024e-01
4.101385e+00	-7.333750e-01	6.825343e-01
4.106074e+00	-9.198850e-01	6.840066e-01
4.110762e+00	4.698000e-02	6.991749e-01
4.115450e+00	-6.468600e-01	6.924620e-01
4.120138e+00	-2.781850e-01	7.016865e-01
4.124826e+00	1.725850e-01	7.102498e-01
4.129515e+00	-2.758100e-01	7.079321e-01
4.134203e+00	3.951200e-01	7.177047e-01
4.138891e+00	4.091600e-01	7.213020e-01
4.143579e+00	-1.018685e+00	7.026873e-01
4.148268e+00	1.077700e-01	7.230063e-01
4.152956e+00	-3.545350e-01	7.186332e-01
4.157644e+00	4.287650e-01	7.298446e-01
4.162332e+00	4.813550e-01	7.353486e-01
4.167021e+00	1.039200e-01	7.329815e-01
4.171709e+00	9.497650e-01	7.463254e-01
4.176397e+00	1.251870e+00	7.544402e-01
4.181085e+00	8.600550e-01	7.506492e-01
4.185773e+00	7.414600e-01	7.515398e-01
4.190462e+00	5.353150e-01	7.530946e-01
4.195150e+00	7.516400e-01	7.602633e-01
4.199838e+00	-1.256350e-01	7.482849e-01
4.204526e+00	6.010000e-03	7.521975e-01
4.209215e+00	4.238900e-01	7.630300e-01
4.213903e+00	1.135730e+00	7.762397e-01
4.218591e+00	3.368550e-01	7.668851e-01
4.223279e+00	5.385450e-01	7.745604e-01
4.227967e+00	9.710850e-01	7.826713e-01
4.232656e+00	-7.234100e-01	7.608200e-01
4.237344e+00	-5.471850e-01	7.657858e-01
4.242032e+00	-3.016800e-01	7.719565e-01
4.246720e+00	-3.530250e-01	7.737840e-01
4.251409e+00	1.810575e+00	8.118945e-01
4.256097e+00	5.009150e-01	7.983409e-01
4.260785e+00	-1.407200e-01	7.893050e-01
4.265473e+00	6.905550e-01	8.044211e-01
4.270162e+00	5.999150e-01	8.069449e-01
4.274850e+00	2.123000e-01	8.078380e-01
4.279538e+00	7.645800e-01	8.209621e-01
4.284226e+00	2.126700e+00	8.420751e-01
4.288914e+00	6.080750e-01	8.216017e-01
4.293603e+00	1.271550e-01	8.148379e-01
4.298291e+00	4.375100e-01	8.236098e-01
4.302979e+00	1.355985e+00	8.407974e-01
4.307667e+00	8.562300e-01	8.380625e-01
4.312356e+00	1.225085e+00	8.458327e-01
4.317044e+00	1.641145e+00	8.581350e-01
4.321732e+00	-6.624100e-01	8.213477e-01
4.326420e+00	-2.565850e-01	8.345976e-01
4.331109e+00	2.589300e-01	8.478299e-01
4.335797e+00	-3.096100e-01	8.386463e-01
4.340485e+00	7.670000e-02	8.520487e-01
4.345173e+00	1.143210e+00	8.722941e-01
4.349861e+00	4.901800e-01	8.672997e-01
4.354550e+00	2.681500e-01	8.676045e-01
4.359238e+00	5.368350e-01	8.740009e-01
4.363926e+00	1.606250e-01	8.722839e-01
4.368614e+00	2.486550e-01	8.795260e-01
4.373303e+00	2.035500e-02	8.783609e-01
4.377991e+00	-6.310250e-01	8.715773e-01
4.382679e+00	3.807500e-02	8.853169e-01
4.387367e+00	7.075800e-01	9.009001e-01
4.392056e+00	2.524350e-01	8.987804e-01
4.396744e+00	8.201700e-01	9.138517e-01
4.401432e+00	-5.389400e-01	8.939222e-01
4.406120e+00	-6.538150e-01	8.934571e-01
4.410808e+00	1.437000e-01	9.105210e-01
4.415497e+00	1.365955e+00	9.323182e-01
4.420185e+00	1.066730e+00	9.258716e-01
4.424873e+00	1.107080e+00	9.268143e-01
4.429561e+00	8.585000e-01	9.252401e-01
4.434250e+00	-6.641750e-01	8.993704e-01
4.438938e+00	1.124545e+00	9.310861e-01
4.443626e+00	4.821750e-01	9.213416e-01
4.448314e+00	3.808500e-01	9.212710e-01
4.453002e+00	1.009085e+00	9.370814e-01
4.457691e+00	1.733735e+00	9.557238e-01
4.462379e+00	4.244150e-01	9.375538e-01
4.467067e+00	7.495500e-02	9.333152e-01
4.471755e+00	1.653035e+00	9.687498e-01
4.476444e+00	2.040250e-01	9.472846e-01
4.481132e+00	2.002650e-01	9.533688e-01
4.485820e+00	2.088000e-02	9.552511e-01
4.490508e+00	-8.780600e-01	9.412108e-01
4.495197e+00	-6.830750e-01	9.480844e-01
4.499885e+00	-8.081500e-02	9.676209e-01
4.504573e+00	6.250350e-01	9.850027e-01
4.509261e+00	9.453900e-01	9.973036e-01
4.513949e+00	-5.807150e-01	9.740438e-01
4.518638e+00	-6.748850e-01	9.773216e-01
4.523326e+00	-5.695900e-01	9.835318e-01
4.528014e+00	9.966100e-01	1.017387e+00
4.532702e+00	9.079500e-02	1.011955e+00
4.537391e+00	9.469550e-01	1.033584e+00
4.542079e+00	1.251305e+00	1.046487e+00
4.546767e+00	1.135175e+00	1.047134e+00
4.551455e+00	1.804650e-01	1.037781e+00
4.556144e+00	-2.932850e-01	1.034667e+00
4.560832e+00	1.610950e-01	1.047777e+00
4.565520e+00	-2.903500e-02	1.051915e+00
4.570208e+00	5.895900e-01	1.072589e+00
4.574896e+00	-5.045550e-01	1.053755e+00
4.579585e+00	-1.664925e+00	1.038031e+00
4.584273e+00	-5.115900e-01	1.072210e+00
4.588961e+00	-1.014650e-01	1.089616e+00
4.593649e+00	-1.144995e+00	1.069328e+00
4.598338e+00	-1.912500e-02	1.101533e+00
4.603026e+00	-1.135005e+00	1.085678e+00
4.607714e+00	2.284320e+00	1.171206e+00
4.612402e+00	2.040205e+00	1.171024e+00
4.617091e+00	-7.555800e-01	1.115078e+00
4.621779e+00	6.164200e-01	1.153809e+00
4.626467e+00	-1.590700e-01	1.147683e+00
4.631155e+00	1.465950e-01	1.163368e+00
4.635843e+00	1.555700e-01	1.166563e+00
4.640532e+00	-2.319250e-01	1.170174e+00
4.645220e+00	-1.219945e+00	1.158685e+00
4.649908e+00	6.815500e-02	1.200106e+00
4.654596e+00	-1.143915e+00	1.178425e+00
4.659285e+00	-1.562245e+00	1.177701e+00
4.663973e+00	-3.797900e-01	1.215436e+00
4.668661e+00	-7.605000e-02	1.233572e+00
4.673349e+00	-1.107040e+00	1.218006e+00
4.678037e+00	-1.589845e+00	1.217841e+00
4.682726e+00	5.024700e-01	1.278234e+00
4.687414e+00	2.198925e+00	1.332738e+00
4.692102e+00	-1.199685e+00	1.256457e+00
4.696790e+00	-1.439245e+00	1.265401e+00
4.701479e+00	-3.985650e-01	1.305433e+00
4.706167e+00	-7.771100e-01	1.306304e+00
4.710855e+00	2.629100e+00	1.402906e+00
4.715543e+00	6.182950e-01	1.366397e+00
4.720232e+00	-1.237300e+00	1.332535e+00
4.724920e+00	-1.776400e+00	1.328517e+00
4.729608e+00	-3.651100e-01	1.383939e+00
4.734296e+00	-1.522535e+00	1.362310e+00
4.738984e+00	-8.910950e-01	1.396192e+00
4.743673e+00	3.431800e-01	1.449158e+00
4.748361e+00	-3.308700e-01	1.442477e+00
4.753049e+00	1.483245e+00	1.506736e+00
4.757737e+00	2.524240e+00	1.565337e+00
4.762426e+00	9.386500e-02	1.510850e+00
4.767114e+00	2.453110e+00	1.600774e+00
4.771802e+00	8.805500e-02	1.547675e+00
4.776490e+00	2.941100e-01	1.564721e+00
4.781179e+00	2.236050e-01	1.595008e+00
4.785867e+00	-8.701950e-01	1.581608e+00
4.790555e+00	-4.485500e-01	1.616837e+00
4.795243e+00	-1.663640e+00	1.596329e+00
4.799931e+00	-2.894850e+00	1.582750e+00
4.804620e+00	-1.213640e+00	1.657023e+00
4.809308e+00	4.921200e-01	1.749374e+00
4.813996e+00	2.102280e+00	1.833762e+00
4.818684e+00	-1.110570e+00	1.748770e+00
4.823373e+00	-4.771900e-01	1.795793e+00
4.828061e+00	-2.149130e+00	1.763060e+00
4.832749e+00	1.686800e-01	1.893074e+00
4.837437e+00	-1.080995e+00	1.889783e+00
4.842125e+00	3.020500e-02	1.968103e+00
4.846814e+00	-2.187545e+00	1.914381e+00
4.851502e+00	1.822370e+00	2.122373e+00
4.856190e+00	2.450380e+00	2.182475e+00
4.860878e+00	4.097500e-01	2.148264e+00
4.865567e+00	1.963250e-01	2.201379e+00
4.870255e+00	7.793500e-02	2.242152e+00
4.874943e+00	1.614270e+00	2.376475e+00
4.879631e+00	7.032300e-01	2.402024e+00
4.884320e+00	6.664050e-01	2.479064e+00
4.889008e+00	3.276545e+00	2.681787e+00
4.893696e+00	2.384855e+00	2.737495e+00
4.898384e+00	-4.577150e+00	2.470836e+00
4.903072e+00	-5.557220e+00	2.510056e+00
4.907761e+00	1.324715e+00	3.045702e+00
4.912449e+00	1.696720e+00	4.286933e+00
4.917137e+00	-9.583995e+00	9.763099e+00
