# Sample description: GI
# Parent(s): ../20151214/GI_no_protection/1d/GI_np_030_00117.dat
# No protection
3.200246e-02	1.730010e+01	1.959074e+01
3.669069e-02	6.010660e+01	1.601506e+01
4.137892e-02	1.826077e+02	1.500160e+01
4.606715e-02	2.351226e+02	1.210115e+01
5.075538e-02	2.133481e+02	9.447647e+00
5.544361e-02	2.061212e+02	7.847126e+00
6.013183e-02	1.991637e+02	6.869388e+00
6.482006e-02	1.968768e+02	6.189334e+00
6.950829e-02	1.843365e+02	5.553329e+00
7.419652e-02	1.840309e+02	5.125174e+00
7.888475e-02	1.834277e+02	4.818271e+00
8.357298e-02	1.773615e+02	4.515384e+00
8.826121e-02	1.753219e+02	4.289530e+00
9.294944e-02	1.676391e+02	4.038206e+00
9.763767e-02	1.677190e+02	3.877418e+00
1.023259e-01	1.666714e+02	3.735469e+00
1.070141e-01	1.636671e+02	3.595736e+00
1.117024e-01	1.658913e+02	3.508625e+00
1.163906e-01	1.625214e+02	3.378177e+00
1.210788e-01	1.634915e+02	3.303706e+00
1.257670e-01	1.595917e+02	3.194429e+00
1.304553e-01	1.581747e+02	3.114651e+00
1.351435e-01	1.600686e+02	3.059605e+00
1.398317e-01	1.525893e+02	2.939883e+00
1.445200e-01	1.565752e+02	2.911113e+00
1.492082e-01	1.549092e+02	2.846034e+00
1.538964e-01	1.505510e+02	2.758879e+00
1.585846e-01	1.496581e+02	2.701917e+00
1.632729e-01	1.486028e+02	2.650191e+00
1.679611e-01	1.465397e+02	2.594429e+00
1.726493e-01	1.494607e+02	2.573476e+00
1.773376e-01	1.495090e+02	2.531431e+00
1.820258e-01	1.422016e+02	2.444976e+00
1.867140e-01	1.452330e+02	2.433727e+00
1.914022e-01	1.428533e+02	2.384614e+00
1.960905e-01	1.451286e+02	2.364555e+00
2.007787e-01	1.466680e+02	2.347891e+00
2.054669e-01	1.410931e+02	2.282777e+00
2.101552e-01	1.434415e+02	2.271310e+00
2.148434e-01	1.405917e+02	2.223160e+00
2.195316e-01	1.367773e+02	2.172018e+00
2.242199e-01	1.381961e+02	2.156950e+00
2.289081e-01	1.357947e+02	2.118832e+00
2.335963e-01	1.329462e+02	2.077025e+00
2.382845e-01	1.352432e+02	2.068514e+00
2.429728e-01	1.312800e+02	2.022460e+00
2.476610e-01	1.327370e+02	2.012120e+00
2.523492e-01	1.285830e+02	1.965754e+00
2.570375e-01	1.260473e+02	1.928892e+00
2.617257e-01	1.292190e+02	1.930629e+00
2.664139e-01	1.293529e+02	1.913891e+00
2.711021e-01	1.271738e+02	1.883685e+00
2.757904e-01	1.217389e+02	1.832550e+00
2.804786e-01	1.188580e+02	1.800263e+00
2.851668e-01	1.211637e+02	1.799193e+00
2.898551e-01	1.215972e+02	1.785913e+00
2.945433e-01	1.178341e+02	1.748877e+00
2.992315e-01	1.147919e+02	1.755210e+00
3.039197e-01	1.143188e+02	1.765299e+00
3.086080e-01	1.107376e+02	1.748713e+00
3.132962e-01	1.137056e+02	1.766814e+00
3.179844e-01	1.095225e+02	1.739833e+00
3.226727e-01	1.079085e+02	1.729831e+00
3.273609e-01	1.086649e+02	1.732112e+00
3.320491e-01	1.066189e+02	1.715272e+00
3.367374e-01	1.046777e+02	1.699090e+00
3.414256e-01	1.012902e+02	1.673200e+00
3.461138e-01	1.012754e+02	1.670032e+00
3.508020e-01	1.009132e+02	1.662934e+00
3.554903e-01	9.746993e+01	1.634043e+00
3.601785e-01	9.862083e+01	1.638476e+00
3.648667e-01	9.948036e+01	1.656199e+00
3.695550e-01	9.603744e+01	1.670060e+00
3.742432e-01	9.548883e+01	1.685747e+00
3.789314e-01	9.148828e+01	1.672985e+00
3.836196e-01	9.115434e+01	1.680439e+00
3.883079e-01	9.065367e+01	1.686894e+00
3.929961e-01	8.552120e+01	1.664742e+00
3.976843e-01	8.543390e+01	1.685559e+00
4.023726e-01	8.599456e+01	1.707250e+00
4.070608e-01	8.411623e+01	1.699843e+00
4.117490e-01	8.313323e+01	1.695741e+00
4.164372e-01	8.302266e+01	1.696669e+00
4.211255e-01	8.055226e+01	1.681119e+00
4.258137e-01	7.923938e+01	1.671991e+00
4.305019e-01	7.808299e+01	1.661988e+00
4.351902e-01	7.735264e+01	1.652538e+00
4.398784e-01	7.569871e+01	1.637035e+00
4.445666e-01	7.361378e+01	1.640716e+00
4.492548e-01	7.299379e+01	1.690245e+00
4.539431e-01	7.303937e+01	1.721767e+00
4.586313e-01	7.181509e+01	1.735707e+00
4.633195e-01	7.291382e+01	1.769741e+00
4.680078e-01	6.682189e+01	1.733316e+00
4.726960e-01	6.814055e+01	1.765866e+00
4.773842e-01	6.705606e+01	1.772429e+00
4.820725e-01	6.508525e+01	1.771610e+00
4.867607e-01	6.362972e+01	1.775122e+00
4.914489e-01	6.112268e+01	1.762747e+00
4.961371e-01	6.396924e+01	1.808679e+00
5.008254e-01	6.126392e+01	1.794699e+00
5.055136e-01	5.723266e+01	1.768749e+00
5.102018e-01	5.848006e+01	1.742161e+00
5.148901e-01	5.723960e+01	1.667871e+00
5.195783e-01	5.454707e+01	1.614020e+00
5.242665e-01	5.422420e+01	1.590935e+00
5.289547e-01	5.154925e+01	1.549880e+00
5.336430e-01	5.271284e+01	1.547061e+00
5.383312e-01	5.021816e+01	1.509034e+00
5.430194e-01	4.939869e+01	1.494152e+00
5.477077e-01	4.795186e+01	1.471027e+00
5.523959e-01	5.072265e+01	1.489015e+00
5.570841e-01	4.658942e+01	1.441615e+00
5.617723e-01	4.693015e+01	1.439134e+00
5.664606e-01	4.617507e+01	1.424993e+00
5.711488e-01	4.461358e+01	1.404085e+00
5.758370e-01	4.278721e+01	1.377925e+00
5.805253e-01	4.319415e+01	1.374355e+00
5.852135e-01	4.000625e+01	1.331033e+00
5.899017e-01	4.010113e+01	1.324342e+00
5.945900e-01	3.855921e+01	1.299995e+00
5.992782e-01	3.843989e+01	1.288811e+00
6.039664e-01	3.796353e+01	1.277480e+00
6.086546e-01	3.615828e+01	1.251475e+00
6.133429e-01	3.499142e+01	1.231100e+00
6.180311e-01	3.547833e+01	1.230479e+00
6.227193e-01	3.420772e+01	1.209180e+00
6.274076e-01	3.416170e+01	1.204730e+00
6.320958e-01	3.285084e+01	1.187313e+00
6.367840e-01	3.178737e+01	1.173684e+00
6.414722e-01	3.077043e+01	1.159770e+00
6.461605e-01	3.138998e+01	1.163454e+00
6.508487e-01	3.055369e+01	1.153893e+00
6.555369e-01	3.179039e+01	1.161000e+00
6.602252e-01	2.940834e+01	1.135550e+00
6.649134e-01	2.953916e+01	1.134323e+00
6.696016e-01	2.793150e+01	1.114532e+00
6.742898e-01	2.821282e+01	1.114014e+00
6.789781e-01	2.639942e+01	1.094997e+00
6.836663e-01	2.530344e+01	1.081175e+00
6.883545e-01	2.582528e+01	1.083422e+00
6.930428e-01	2.552989e+01	1.078053e+00
6.977310e-01	2.393736e+01	1.058618e+00
7.024192e-01	2.159576e+01	1.031288e+00
7.071074e-01	2.282556e+01	1.042467e+00
7.117957e-01	2.311135e+01	1.043589e+00
7.164839e-01	2.083965e+01	1.016424e+00
7.211721e-01	2.176783e+01	1.024392e+00
7.258604e-01	2.157837e+01	1.019522e+00
7.305486e-01	2.049171e+01	1.006465e+00
7.352368e-01	2.116688e+01	1.011484e+00
7.399251e-01	1.892247e+01	9.843339e-01
7.446133e-01	1.742820e+01	9.662687e-01
7.493015e-01	1.749954e+01	9.669315e-01
7.539897e-01	1.846518e+01	9.728359e-01
7.586780e-01	1.777711e+01	9.640545e-01
7.633662e-01	1.723367e+01	9.570990e-01
7.680544e-01	1.531463e+01	9.333872e-01
7.727427e-01	1.709072e+01	9.499487e-01
7.774309e-01	1.567283e+01	9.335908e-01
7.821191e-01	1.525364e+01	9.272084e-01
7.868073e-01	1.492034e+01	9.200781e-01
7.914956e-01	1.436287e+01	9.128804e-01
7.961838e-01	1.353684e+01	9.013732e-01
8.008720e-01	1.286014e+01	8.926380e-01
8.055603e-01	1.398490e+01	9.037881e-01
8.102485e-01	1.237050e+01	8.851349e-01
8.149367e-01	1.123380e+01	8.684559e-01
8.196249e-01	1.194125e+01	8.740458e-01
8.243132e-01	1.219432e+01	8.751216e-01
8.290014e-01	1.059938e+01	8.556472e-01
8.336896e-01	1.146443e+01	8.646034e-01
8.383779e-01	9.772605e+00	8.424497e-01
8.430661e-01	9.937025e+00	8.435261e-01
8.477543e-01	1.013579e+01	8.459214e-01
8.524425e-01	8.653715e+00	8.260888e-01
8.571308e-01	9.261235e+00	8.327558e-01
8.618190e-01	9.255050e+00	8.284807e-01
8.665072e-01	8.634370e+00	8.188645e-01
8.711955e-01	1.015387e+01	8.349029e-01
8.758837e-01	9.716205e+00	8.291169e-01
8.805719e-01	9.732000e+00	8.281622e-01
8.852602e-01	8.199500e+00	8.099853e-01
8.899484e-01	7.882080e+00	8.033805e-01
8.946366e-01	8.129685e+00	8.047902e-01
8.993248e-01	7.721575e+00	7.986140e-01
9.040131e-01	7.016885e+00	7.894764e-01
9.087013e-01	6.204685e+00	7.782090e-01
9.133895e-01	7.297610e+00	7.886133e-01
9.180778e-01	8.230175e+00	7.963625e-01
9.227660e-01	7.919230e+00	7.911535e-01
9.274542e-01	5.606110e+00	7.643064e-01
9.321424e-01	6.515040e+00	7.719448e-01
9.368307e-01	5.847945e+00	7.642620e-01
9.415189e-01	6.358435e+00	7.688777e-01
9.462071e-01	5.766350e+00	7.616339e-01
9.508954e-01	6.956315e+00	7.719041e-01
9.555836e-01	7.155305e+00	7.734706e-01
9.602718e-01	5.637620e+00	7.565106e-01
9.649600e-01	5.441705e+00	7.513070e-01
9.696483e-01	5.705735e+00	7.525617e-01
9.743365e-01	6.182135e+00	7.581622e-01
9.790247e-01	5.362585e+00	7.457113e-01
9.837130e-01	4.266575e+00	7.319045e-01
9.884012e-01	5.469955e+00	7.443697e-01
9.930894e-01	5.584740e+00	7.447000e-01
9.977777e-01	5.192105e+00	7.383843e-01
1.002466e+00	4.408565e+00	7.291534e-01
1.007154e+00	4.969200e+00	7.328514e-01
1.011842e+00	3.747525e+00	7.168757e-01
1.016531e+00	4.124400e+00	7.219036e-01
1.021219e+00	3.977430e+00	7.182933e-01
1.025907e+00	4.336095e+00	7.212043e-01
1.030595e+00	4.005810e+00	7.162111e-01
1.035283e+00	4.063340e+00	7.155712e-01
1.039972e+00	4.409710e+00	7.192899e-01
1.044660e+00	4.316975e+00	7.179531e-01
1.049348e+00	3.297430e+00	7.033047e-01
1.054036e+00	3.360845e+00	7.026055e-01
1.058725e+00	4.404555e+00	7.129284e-01
1.063413e+00	3.261050e+00	6.993763e-01
1.068101e+00	2.966340e+00	6.949584e-01
1.072789e+00	3.986145e+00	7.053608e-01
1.077478e+00	4.341195e+00	7.083218e-01
1.082166e+00	2.664225e+00	6.874690e-01
1.086854e+00	3.020120e+00	6.909581e-01
1.091542e+00	4.873455e+00	7.099740e-01
1.096230e+00	4.097335e+00	6.996929e-01
1.100919e+00	2.683285e+00	6.826746e-01
1.105607e+00	2.957495e+00	6.854656e-01
1.110295e+00	3.304010e+00	6.881442e-01
1.114983e+00	2.823420e+00	6.811337e-01
1.119672e+00	2.791585e+00	6.800071e-01
1.124360e+00	2.753895e+00	6.788255e-01
1.129048e+00	2.797340e+00	6.774015e-01
1.133736e+00	3.692080e+00	6.860401e-01
1.138425e+00	1.749945e+00	6.634126e-01
1.143113e+00	1.676895e+00	6.601788e-01
1.147801e+00	1.814425e+00	6.622708e-01
1.152489e+00	2.804005e+00	6.718221e-01
1.157177e+00	1.483845e+00	6.544412e-01
1.161866e+00	2.582830e+00	6.675855e-01
1.166554e+00	2.720920e+00	6.673696e-01
1.171242e+00	2.844855e+00	6.688190e-01
1.175930e+00	3.364590e+00	6.731155e-01
1.180619e+00	2.871320e+00	6.663957e-01
1.185307e+00	2.190980e+00	6.576839e-01
1.189995e+00	2.484330e+00	6.606680e-01
1.194683e+00	3.599320e+00	6.719668e-01
1.199372e+00	2.636450e+00	6.602983e-01
1.204060e+00	2.432045e+00	6.572350e-01
1.208748e+00	2.284985e+00	6.560555e-01
1.213436e+00	2.007010e+00	6.503571e-01
1.218124e+00	2.921905e+00	6.591252e-01
1.222813e+00	2.867620e+00	6.584680e-01
1.227501e+00	2.482145e+00	6.530689e-01
1.232189e+00	2.965205e+00	6.580289e-01
1.236877e+00	1.751425e+00	6.417049e-01
1.241566e+00	2.099405e+00	6.445326e-01
1.246254e+00	2.043965e+00	6.452638e-01
1.250942e+00	2.974810e+00	6.701779e-01
1.255630e+00	1.999850e+00	6.770519e-01
1.260318e+00	1.857270e+00	6.859154e-01
1.265007e+00	2.337620e+00	6.998417e-01
1.269695e+00	2.533630e+00	7.102670e-01
1.274383e+00	2.284255e+00	7.146567e-01
1.279071e+00	1.559015e+00	7.137446e-01
1.283760e+00	1.900405e+00	7.231662e-01
1.288448e+00	2.505325e+00	7.366647e-01
1.293136e+00	2.520165e+00	7.419508e-01
1.297824e+00	2.326080e+00	7.451892e-01
1.302513e+00	1.977980e+00	7.460170e-01
1.307201e+00	1.873290e+00	7.467245e-01
1.311889e+00	2.525495e+00	7.540049e-01
1.316577e+00	2.611225e+00	7.306582e-01
1.321265e+00	1.584660e+00	6.990063e-01
1.325954e+00	2.285805e+00	6.953298e-01
1.330642e+00	1.495170e+00	6.764182e-01
1.335330e+00	1.978015e+00	6.733116e-01
1.340018e+00	2.549265e+00	6.746437e-01
1.344707e+00	2.012885e+00	6.636953e-01
1.349395e+00	1.670430e+00	6.539229e-01
1.354083e+00	1.233290e+00	6.432542e-01
1.358771e+00	2.394670e+00	6.525920e-01
1.363460e+00	1.436050e+00	6.388093e-01
1.368148e+00	1.324060e+00	6.353155e-01
1.372836e+00	2.460360e+00	6.450602e-01
1.377524e+00	2.004640e+00	6.389783e-01
1.382212e+00	2.629105e+00	6.452120e-01
1.386901e+00	2.228870e+00	6.391984e-01
1.391589e+00	1.221960e+00	6.260386e-01
1.396277e+00	1.610445e+00	6.297696e-01
1.400965e+00	2.593935e+00	6.398362e-01
1.405654e+00	3.052020e+00	6.439454e-01
1.410342e+00	2.479455e+00	6.360632e-01
1.415030e+00	6.906650e-01	6.146944e-01
1.419718e+00	1.901560e+00	6.280633e-01
1.424406e+00	1.421895e+00	6.200695e-01
1.429095e+00	1.606465e+00	6.205364e-01
1.433783e+00	1.636475e+00	6.205207e-01
1.438471e+00	2.203670e+00	6.262208e-01
1.443159e+00	1.376110e+00	6.151473e-01
1.447848e+00	1.859895e+00	6.192295e-01
1.452536e+00	7.657500e-01	6.064907e-01
1.457224e+00	1.602600e+00	6.144362e-01
1.461912e+00	1.268735e+00	6.107161e-01
1.466601e+00	1.562340e+00	6.116531e-01
1.471289e+00	2.146650e+00	6.174267e-01
1.475977e+00	1.949245e+00	6.151114e-01
1.480665e+00	2.584570e+00	6.208138e-01
1.485353e+00	1.908665e+00	6.236211e-01
1.490042e+00	2.532095e+00	6.495971e-01
1.494730e+00	1.568645e+00	6.491812e-01
1.499418e+00	1.664285e+00	6.571409e-01
1.504106e+00	1.446140e+00	6.624512e-01
1.508795e+00	1.967240e+00	6.752980e-01
1.513483e+00	2.658060e+00	6.696811e-01
1.518171e+00	1.745725e+00	6.437472e-01
1.522859e+00	1.478620e+00	6.289886e-01
1.527548e+00	1.866935e+00	6.278214e-01
1.532236e+00	1.157010e+00	6.142732e-01
1.536924e+00	1.279065e+00	6.109063e-01
1.541612e+00	1.818610e+00	6.128179e-01
1.546300e+00	1.525695e+00	6.088096e-01
1.550989e+00	1.526770e+00	6.069207e-01
1.555677e+00	2.172575e+00	6.109067e-01
1.560365e+00	2.676825e+00	6.118584e-01
1.565053e+00	1.393140e+00	5.963427e-01
1.569742e+00	1.564315e+00	5.951242e-01
1.574430e+00	1.392845e+00	5.917632e-01
1.579118e+00	1.893800e+00	5.977670e-01
1.583806e+00	2.416585e+00	6.040739e-01
1.588495e+00	2.182145e+00	6.027629e-01
1.593183e+00	7.613300e-01	5.876598e-01
1.597871e+00	9.413300e-01	5.883849e-01
1.602559e+00	1.104740e+00	5.896868e-01
1.607247e+00	6.750350e-01	5.840685e-01
1.611936e+00	7.019350e-01	5.834837e-01
1.616624e+00	1.080020e+00	5.852872e-01
1.621312e+00	7.863750e-01	5.821544e-01
1.626000e+00	7.551300e-01	5.806015e-01
1.630689e+00	3.072650e-01	5.761359e-01
1.635377e+00	1.409240e+00	5.857864e-01
1.640065e+00	9.998750e-01	5.801560e-01
1.644753e+00	1.011185e+00	5.807953e-01
1.649441e+00	1.118000e+00	5.814113e-01
1.654130e+00	1.033035e+00	5.790369e-01
1.658818e+00	6.706750e-01	5.749505e-01
1.663506e+00	3.747850e-01	5.702170e-01
1.668194e+00	6.402250e-01	5.719320e-01
1.672883e+00	9.266200e-01	5.746599e-01
1.677571e+00	1.817415e+00	5.825972e-01
1.682259e+00	6.063600e-01	5.702974e-01
1.686947e+00	7.830750e-01	5.693812e-01
1.691636e+00	1.444100e-01	5.623526e-01
1.696324e+00	1.398500e-02	5.603903e-01
1.701012e+00	1.123335e+00	5.701452e-01
1.705700e+00	1.903865e+00	5.794336e-01
1.710388e+00	1.124500e+00	5.701222e-01
1.715077e+00	1.290125e+00	5.706853e-01
1.719765e+00	1.242100e+00	5.693714e-01
1.724453e+00	1.216085e+00	5.691605e-01
1.729141e+00	1.095330e+00	5.670633e-01
1.733830e+00	1.796120e+00	5.719487e-01
1.738518e+00	1.413950e+00	5.678086e-01
1.743206e+00	7.991400e-01	5.612218e-01
1.747894e+00	1.433425e+00	5.674009e-01
1.752583e+00	1.270915e+00	5.651980e-01
1.757271e+00	7.909350e-01	5.586215e-01
1.761959e+00	4.529650e-01	5.553894e-01
1.766647e+00	1.845200e-01	5.513996e-01
1.771335e+00	1.240935e+00	5.614871e-01
1.776024e+00	-1.987550e-01	5.459157e-01
1.780712e+00	1.399150e-01	5.499337e-01
1.785400e+00	1.237185e+00	5.590148e-01
1.790088e+00	1.623420e+00	5.616309e-01
1.794777e+00	4.756600e-01	5.510131e-01
1.799465e+00	2.089600e-01	5.466356e-01
1.804153e+00	5.936650e-01	5.495508e-01
1.808841e+00	5.862950e-01	5.489540e-01
1.813530e+00	5.021250e-01	5.471584e-01
1.818218e+00	5.197800e-01	5.466262e-01
1.822906e+00	3.426250e-01	5.451556e-01
1.827594e+00	1.067990e+00	5.516841e-01
1.832282e+00	9.568800e-01	5.483122e-01
1.836971e+00	5.808200e-01	5.454384e-01
1.841659e+00	8.852650e-01	5.474255e-01
1.846347e+00	1.055355e+00	5.489003e-01
1.851035e+00	1.029800e+00	5.467350e-01
1.855724e+00	-5.033500e-02	5.358556e-01
1.860412e+00	1.035665e+00	5.467896e-01
1.865100e+00	1.251970e+00	5.479645e-01
1.869788e+00	6.245050e-01	5.406871e-01
1.874476e+00	5.400850e-01	5.404192e-01
1.879165e+00	1.189320e+00	5.453162e-01
1.883853e+00	1.218480e+00	5.445762e-01
1.888541e+00	1.275070e+00	5.442161e-01
1.893229e+00	9.587450e-01	5.414016e-01
1.897918e+00	8.193400e-01	5.394766e-01
1.902606e+00	8.084450e-01	5.384611e-01
1.907294e+00	7.057300e-01	5.368899e-01
1.911982e+00	1.438735e+00	5.429665e-01
1.916671e+00	1.042155e+00	5.385925e-01
1.921359e+00	8.340950e-01	5.359271e-01
1.926047e+00	9.356050e-01	5.370944e-01
1.930735e+00	-6.311500e-02	5.254991e-01
1.935423e+00	1.265235e+00	5.379402e-01
1.940112e+00	7.608050e-01	5.313203e-01
1.944800e+00	6.597000e-01	5.303513e-01
1.949488e+00	-1.347500e-01	5.210523e-01
1.954176e+00	-6.790000e-03	5.218576e-01
1.958865e+00	7.956450e-01	5.270740e-01
1.963553e+00	7.185500e-01	5.266654e-01
1.968241e+00	3.169700e-01	5.212927e-01
1.972929e+00	1.796400e-01	5.198613e-01
1.977618e+00	-5.988500e-02	5.166797e-01
1.982306e+00	5.770000e-01	5.222113e-01
1.986994e+00	-4.704400e-01	5.116038e-01
1.991682e+00	1.498650e-01	5.182629e-01
1.996370e+00	4.218650e-01	5.198461e-01
2.001059e+00	2.823150e-01	5.207457e-01
2.005747e+00	9.932150e-01	5.267063e-01
2.010435e+00	1.109785e+00	5.271232e-01
2.015123e+00	1.324015e+00	5.288943e-01
2.019812e+00	5.329050e-01	5.207001e-01
2.024500e+00	2.815000e-02	5.151255e-01
2.029188e+00	9.884900e-01	5.238586e-01
2.033876e+00	6.374900e-01	5.195001e-01
2.038565e+00	6.142400e-01	5.177056e-01
2.043253e+00	8.310150e-01	5.204185e-01
2.047941e+00	6.253350e-01	5.189007e-01
2.052629e+00	8.421600e-01	5.233324e-01
2.057317e+00	-6.320500e-02	5.285989e-01
2.062006e+00	2.172700e-01	5.404312e-01
2.066694e+00	2.989500e-01	5.483325e-01
2.071382e+00	3.013950e-01	5.533668e-01
2.076070e+00	3.829800e-01	5.602593e-01
2.080759e+00	1.273220e+00	5.747945e-01
2.085447e+00	7.124600e-01	5.719371e-01
2.090135e+00	3.117200e-01	5.701190e-01
2.094823e+00	9.242850e-01	5.783655e-01
2.099511e+00	1.156250e+00	5.830160e-01
2.104200e+00	5.307600e-01	5.771525e-01
2.108888e+00	1.520580e+00	5.889618e-01
2.113576e+00	1.091770e+00	5.857794e-01
2.118264e+00	5.060000e-02	5.684696e-01
2.122953e+00	7.900000e-01	5.607999e-01
2.127641e+00	7.395000e-02	5.423149e-01
2.132329e+00	-4.440950e-01	5.318206e-01
2.137017e+00	-5.050550e-01	5.252526e-01
2.141706e+00	1.016950e-01	5.266810e-01
2.146394e+00	5.925650e-01	5.279847e-01
2.151082e+00	9.608050e-01	5.284785e-01
2.155770e+00	7.216500e-01	5.238441e-01
2.160458e+00	5.123950e-01	5.212856e-01
2.165147e+00	1.297170e+00	5.279920e-01
2.169835e+00	1.203470e+00	5.254020e-01
2.174523e+00	2.892000e-01	5.153685e-01
2.179211e+00	5.738650e-01	5.175073e-01
2.183900e+00	6.972850e-01	5.179043e-01
2.188588e+00	2.830400e-01	5.127160e-01
2.193276e+00	5.980500e-01	5.149474e-01
2.197964e+00	9.348650e-01	5.169062e-01
2.202653e+00	6.319250e-01	5.137291e-01
2.207341e+00	3.099750e-01	5.098968e-01
2.212029e+00	4.562800e-01	5.103213e-01
2.216717e+00	2.262700e-01	5.070981e-01
2.221405e+00	1.679000e-01	5.065151e-01
2.226094e+00	2.910000e-01	5.064564e-01
2.230782e+00	2.516650e-01	5.047918e-01
2.235470e+00	7.556000e-01	5.093670e-01
2.240158e+00	4.841400e-01	5.064820e-01
2.244847e+00	5.470600e-01	5.062749e-01
2.249535e+00	-1.617700e-01	4.982557e-01
2.254223e+00	4.628650e-01	5.033940e-01
2.258911e+00	5.165350e-01	5.029658e-01
2.263600e+00	6.717300e-01	5.047967e-01
2.268288e+00	3.488900e-01	5.013206e-01
2.272976e+00	3.727150e-01	5.007363e-01
2.277664e+00	3.437850e-01	4.998517e-01
2.282352e+00	2.378600e-01	4.973719e-01
2.287041e+00	4.253300e-01	4.994994e-01
2.291729e+00	5.447550e-01	4.996117e-01
2.296417e+00	4.816900e-01	4.980521e-01
2.301105e+00	3.030300e-01	4.959707e-01
2.305794e+00	-8.294500e-02	4.912953e-01
2.310482e+00	3.044350e-01	4.942511e-01
2.315170e+00	3.044850e-01	4.945846e-01
2.319858e+00	2.299800e-01	4.927268e-01
2.324546e+00	4.513900e-01	4.945727e-01
2.329235e+00	8.625250e-01	4.968190e-01
2.333923e+00	7.000700e-01	4.958373e-01
2.338611e+00	5.492200e-01	4.938297e-01
2.343299e+00	5.343650e-01	4.935402e-01
2.347988e+00	8.422600e-01	4.940673e-01
2.352676e+00	9.510050e-01	4.953377e-01
2.357364e+00	1.028005e+00	4.957199e-01
2.362052e+00	3.228450e-01	4.885776e-01
2.366741e+00	-1.586400e-01	4.846669e-01
2.371429e+00	5.420050e-01	4.900339e-01
2.376117e+00	-2.985400e-01	4.815143e-01
2.380805e+00	5.549550e-01	4.891361e-01
2.385493e+00	6.142700e-01	4.889655e-01
2.390182e+00	9.678650e-01	4.921063e-01
2.394870e+00	1.033950e+00	4.923949e-01
2.399558e+00	9.016050e-01	4.901276e-01
2.404246e+00	7.314300e-01	4.874916e-01
2.408935e+00	5.161050e-01	4.853761e-01
2.413623e+00	-2.761500e-02	4.803388e-01
2.418311e+00	5.568850e-01	4.847055e-01
2.422999e+00	7.468500e-01	4.861570e-01
2.427688e+00	4.425200e-01	4.823997e-01
2.432376e+00	-1.769000e-01	4.765694e-01
2.437064e+00	-3.081050e-01	4.755335e-01
2.441752e+00	7.828500e-01	4.839800e-01
2.446440e+00	-1.110900e-01	4.750774e-01
2.451129e+00	5.379900e-01	4.806632e-01
2.455817e+00	3.301100e-01	4.785771e-01
2.460505e+00	2.200000e-01	4.767747e-01
2.465193e+00	2.040100e-01	4.765094e-01
2.469882e+00	2.939500e-02	4.737191e-01
2.474570e+00	-7.094500e-02	4.726354e-01
2.479258e+00	9.344100e-01	4.817063e-01
2.483946e+00	3.665650e-01	4.760599e-01
2.488634e+00	8.898300e-01	4.801924e-01
2.493323e+00	4.771450e-01	4.760831e-01
2.498011e+00	-9.212000e-02	4.710571e-01
2.502699e+00	-9.060500e-02	4.697046e-01
2.507387e+00	9.322000e-02	4.716611e-01
2.512076e+00	-6.876000e-02	4.696956e-01
2.516764e+00	9.821800e-01	4.785357e-01
2.521452e+00	1.293910e+00	4.807919e-01
2.526140e+00	1.322330e+00	4.804790e-01
2.530829e+00	3.823050e-01	4.714572e-01
2.535517e+00	1.518505e+00	4.808595e-01
2.540205e+00	1.124590e+00	4.759239e-01
2.544893e+00	7.539850e-01	4.724936e-01
2.549581e+00	3.665000e-01	4.675511e-01
2.554270e+00	9.977000e-02	4.645445e-01
2.558958e+00	9.675400e-01	4.723616e-01
2.563646e+00	1.034450e+00	4.722968e-01
2.568334e+00	2.696200e-01	4.651501e-01
2.573023e+00	2.150400e-01	4.641670e-01
2.577711e+00	4.456000e-01	4.650059e-01
2.582399e+00	5.623250e-01	4.658898e-01
2.587087e+00	2.443300e-01	4.628792e-01
2.591776e+00	6.811850e-01	4.672288e-01
2.596464e+00	3.714600e-01	4.644339e-01
2.601152e+00	6.841000e-01	4.665722e-01
2.605840e+00	1.108395e+00	4.710566e-01
2.610528e+00	7.682300e-01	4.669812e-01
2.615217e+00	-2.441300e-01	4.578487e-01
2.619905e+00	-4.394550e-01	4.559025e-01
2.624593e+00	-2.511300e-01	4.561853e-01
2.629281e+00	3.780600e-01	4.624977e-01
2.633970e+00	7.655000e-01	4.646371e-01
2.638658e+00	4.551300e-01	4.617684e-01
2.643346e+00	5.182100e-01	4.622929e-01
2.648034e+00	3.901900e-01	4.608893e-01
2.652723e+00	3.910950e-01	4.607746e-01
2.657411e+00	1.031345e+00	4.654402e-01
2.662099e+00	2.092850e-01	4.576829e-01
2.666787e+00	4.367250e-01	4.587093e-01
2.671475e+00	4.216700e-01	4.588407e-01
2.676164e+00	9.155000e-02	4.555434e-01
2.680852e+00	-1.382800e-01	4.536247e-01
2.685540e+00	2.319400e-01	4.562295e-01
2.690228e+00	3.164250e-01	4.567727e-01
2.694917e+00	2.024950e-01	4.551085e-01
2.699605e+00	8.102100e-01	4.600643e-01
2.704293e+00	5.799300e-01	4.576543e-01
2.708981e+00	4.496350e-01	4.555225e-01
2.713669e+00	9.340500e-02	4.525579e-01
2.718358e+00	4.385550e-01	4.548004e-01
2.723046e+00	6.610850e-01	4.566119e-01
2.727734e+00	6.846450e-01	4.564327e-01
2.732422e+00	6.600800e-01	4.554918e-01
2.737111e+00	5.717650e-01	4.540684e-01
2.741799e+00	4.367850e-01	4.533714e-01
2.746487e+00	1.506250e-01	4.499678e-01
2.751175e+00	6.763950e-01	4.542884e-01
2.755864e+00	1.073655e+00	4.568044e-01
2.760552e+00	9.987650e-01	4.560796e-01
2.765240e+00	1.370450e+00	4.590888e-01
2.769928e+00	4.119200e-01	4.508215e-01
2.774616e+00	6.615650e-01	4.525309e-01
2.779305e+00	3.109050e-01	4.488038e-01
2.783993e+00	-2.769050e-01	4.430239e-01
2.788681e+00	8.884500e-02	4.455798e-01
2.793369e+00	-1.336500e-02	4.449044e-01
2.798058e+00	1.368050e-01	4.459355e-01
2.802746e+00	3.263000e-02	4.447928e-01
2.807434e+00	-1.917250e-01	4.421275e-01
2.812122e+00	-4.462250e-01	4.398258e-01
2.816811e+00	1.305650e-01	4.443932e-01
2.821499e+00	2.512400e-01	4.452532e-01
2.826187e+00	2.473450e-01	4.446813e-01
2.830875e+00	7.624400e-01	4.482801e-01
2.835563e+00	4.604200e-01	4.457455e-01
2.840252e+00	2.155450e-01	4.427169e-01
2.844940e+00	2.566900e-01	4.433382e-01
2.849628e+00	4.437750e-01	4.445229e-01
2.854316e+00	9.457900e-01	4.489723e-01
2.859005e+00	7.558900e-01	4.548717e-01
2.863693e+00	-2.450500e-02	4.581354e-01
2.868381e+00	3.369900e-01	4.672755e-01
2.873069e+00	1.378950e-01	4.705809e-01
2.877758e+00	1.696150e-01	4.748674e-01
2.882446e+00	-8.745000e-03	4.752083e-01
2.887134e+00	-1.475750e-01	4.751020e-01
2.891822e+00	-1.750900e-01	4.768882e-01
2.896510e+00	3.186950e-01	4.834796e-01
2.901199e+00	8.559500e-02	4.823646e-01
2.905887e+00	-5.426250e-01	4.774039e-01
2.910575e+00	-3.124950e-01	4.801422e-01
2.915263e+00	-4.136200e-01	4.804293e-01
2.919952e+00	-1.872000e-01	4.830430e-01
2.924640e+00	-4.079700e-01	4.683592e-01
2.929328e+00	4.060550e-01	4.675354e-01
2.934016e+00	5.079550e-01	4.620078e-01
2.938704e+00	3.266800e-01	4.573818e-01
2.943393e+00	-8.919000e-02	4.504393e-01
2.948081e+00	3.495750e-01	4.518265e-01
2.952769e+00	4.291000e-02	4.482680e-01
2.957457e+00	6.528200e-01	4.526911e-01
2.962146e+00	2.353300e-01	4.472049e-01
2.966834e+00	4.330450e-01	4.480684e-01
2.971522e+00	7.454500e-01	4.501954e-01
2.976210e+00	4.221450e-01	4.482933e-01
2.980899e+00	8.605900e-01	4.513024e-01
2.985587e+00	7.822450e-01	4.487772e-01
2.990275e+00	5.799750e-01	4.457571e-01
2.994963e+00	2.078300e-01	4.424578e-01
2.999651e+00	-1.972050e-01	4.382630e-01
3.004340e+00	1.363400e-01	4.413715e-01
3.009028e+00	2.759200e-01	4.417502e-01
3.013716e+00	3.250850e-01	4.413424e-01
3.018404e+00	1.895350e-01	4.396427e-01
3.023093e+00	5.469550e-01	4.420648e-01
3.027781e+00	1.788300e-01	4.379357e-01
3.032469e+00	7.838000e-02	4.374095e-01
3.037157e+00	1.382050e-01	4.369852e-01
3.041846e+00	6.918500e-01	4.418104e-01
3.046534e+00	4.632750e-01	4.387716e-01
3.051222e+00	2.545300e-01	4.366289e-01
3.055910e+00	4.887200e-01	4.378095e-01
3.060598e+00	3.342600e-01	4.370846e-01
3.065287e+00	3.613450e-01	4.360979e-01
3.069975e+00	8.368400e-01	4.395523e-01
3.074663e+00	8.050750e-01	4.391235e-01
3.079351e+00	6.824900e-01	4.374639e-01
3.084040e+00	1.137705e+00	4.406624e-01
3.088728e+00	3.449700e-01	4.335738e-01
3.093416e+00	5.239000e-02	4.309182e-01
3.098104e+00	-2.780200e-01	4.273803e-01
3.102793e+00	6.065800e-01	4.350152e-01
3.107481e+00	6.874750e-01	4.354589e-01
3.112169e+00	8.497600e-01	4.359243e-01
3.116857e+00	1.141635e+00	4.380719e-01
3.121545e+00	1.025855e+00	4.362479e-01
3.126234e+00	1.832350e-01	4.297328e-01
3.130922e+00	3.030600e-01	4.300353e-01
3.135610e+00	2.245650e-01	4.288670e-01
3.140298e+00	-6.171000e-02	4.257488e-01
3.144987e+00	2.935500e-02	4.266138e-01
3.149675e+00	-1.562850e-01	4.243461e-01
3.154363e+00	7.950600e-01	4.315016e-01
3.159051e+00	-5.131500e-02	4.244324e-01
3.163739e+00	2.050750e-01	4.261594e-01
3.168428e+00	4.398150e-01	4.279451e-01
3.173116e+00	3.809850e-01	4.269118e-01
3.177804e+00	3.933650e-01	4.266274e-01
3.182492e+00	5.279650e-01	4.279662e-01
3.187181e+00	-3.052000e-02	4.225517e-01
3.191869e+00	3.054950e-01	4.246555e-01
3.196557e+00	2.978400e-01	4.241504e-01
3.201245e+00	7.059250e-01	4.278786e-01
3.205934e+00	2.052350e-01	4.231617e-01
3.210622e+00	1.430800e-01	4.224255e-01
3.215310e+00	2.005850e-01	4.226257e-01
3.219998e+00	7.836050e-01	4.265557e-01
3.224686e+00	7.532950e-01	4.257723e-01
3.229375e+00	-3.751350e-01	4.149130e-01
3.234063e+00	4.155600e-01	4.211876e-01
3.238751e+00	1.033615e+00	4.263528e-01
3.243439e+00	-1.728150e-01	4.155054e-01
3.248128e+00	-1.012000e-02	4.165061e-01
3.252816e+00	2.469100e-01	4.190826e-01
3.257504e+00	6.299500e-01	4.210681e-01
3.262192e+00	4.883050e-01	4.199997e-01
3.266881e+00	7.646000e-02	4.155762e-01
3.271569e+00	4.186050e-01	4.181665e-01
3.276257e+00	-2.697250e-01	4.127420e-01
3.280945e+00	-1.159900e-01	4.140267e-01
3.285633e+00	-3.035250e-01	4.128984e-01
3.290322e+00	6.076950e-01	4.204353e-01
3.295010e+00	5.434650e-01	4.194618e-01
3.299698e+00	6.703050e-01	4.199637e-01
3.304386e+00	7.057750e-01	4.199176e-01
3.309075e+00	4.819750e-01	4.178928e-01
3.313763e+00	4.030000e-03	4.132742e-01
3.318451e+00	2.416850e-01	4.155731e-01
3.323139e+00	3.020000e-01	4.154806e-01
3.327828e+00	4.164450e-01	4.163959e-01
3.332516e+00	-9.291500e-02	4.118204e-01
3.337204e+00	2.272400e-01	4.137513e-01
3.341892e+00	3.880100e-01	4.154053e-01
3.346580e+00	5.464500e-01	4.155707e-01
3.351269e+00	9.260500e-01	4.184694e-01
3.355957e+00	4.755250e-01	4.166265e-01
3.360645e+00	2.179700e-01	4.236277e-01
3.365333e+00	4.434700e-01	4.322964e-01
3.370022e+00	-1.993450e-01	4.312255e-01
3.374710e+00	-9.556500e-02	4.337851e-01
3.379398e+00	7.623700e-01	4.425566e-01
3.384086e+00	3.449850e-01	4.403989e-01
3.388774e+00	3.865350e-01	4.411496e-01
3.393463e+00	-1.512550e-01	4.368851e-01
3.398151e+00	4.622200e-01	4.417410e-01
3.402839e+00	5.194750e-01	4.430553e-01
3.407527e+00	1.101050e-01	4.406329e-01
3.412216e+00	3.428450e-01	4.442647e-01
3.416904e+00	1.938250e-01	4.428672e-01
3.421592e+00	4.916500e-01	4.460825e-01
3.426280e+00	8.446200e-01	4.501715e-01
3.430969e+00	4.029900e-01	4.472314e-01
3.435657e+00	5.816900e-01	4.493226e-01
3.440345e+00	3.072650e-01	4.475801e-01
3.445033e+00	-6.411000e-01	4.405765e-01
3.449721e+00	4.669100e-01	4.499808e-01
3.454410e+00	6.098850e-01	4.519416e-01
3.459098e+00	3.041200e-01	4.501356e-01
3.463786e+00	1.165620e+00	4.579996e-01
3.468474e+00	6.446850e-01	4.542231e-01
3.473163e+00	-7.888500e-02	4.484896e-01
3.477851e+00	2.255200e-01	4.511329e-01
3.482539e+00	5.305300e-01	4.548419e-01
3.487227e+00	4.001750e-01	4.535550e-01
3.491916e+00	5.308300e-01	4.564958e-01
3.496604e+00	4.037300e-01	4.555711e-01
3.501292e+00	8.101250e-01	4.589538e-01
3.505980e+00	6.429350e-01	4.579943e-01
3.510668e+00	1.677000e-02	4.533284e-01
3.515357e+00	-3.468500e-02	4.532824e-01
3.520045e+00	4.729550e-01	4.579066e-01
3.524733e+00	8.315500e-01	4.616433e-01
3.529421e+00	3.859250e-01	4.578371e-01
3.534110e+00	2.996400e-01	4.571884e-01
3.538798e+00	3.475250e-01	4.584678e-01
3.543486e+00	6.757450e-01	4.618655e-01
3.548174e+00	6.566750e-01	4.628633e-01
3.552863e+00	5.779700e-01	4.626048e-01
3.557551e+00	-2.335200e-01	4.559260e-01
3.562239e+00	3.860650e-01	4.612954e-01
3.566927e+00	2.741350e-01	4.601933e-01
3.571615e+00	1.297400e-01	4.590533e-01
3.576304e+00	-2.885800e-01	4.559254e-01
3.580992e+00	-9.351400e-01	4.501345e-01
3.585680e+00	4.986000e-01	4.623841e-01
3.590368e+00	-1.754800e-01	4.560237e-01
3.595057e+00	9.923000e-01	4.668827e-01
3.599745e+00	6.809000e-02	4.575273e-01
3.604433e+00	5.555100e-01	4.620785e-01
3.609121e+00	-1.715500e-01	4.557525e-01
3.613809e+00	3.787200e-01	4.605099e-01
3.618498e+00	9.702750e-01	4.657269e-01
3.623186e+00	7.389100e-01	4.637204e-01
3.627874e+00	2.551850e-01	4.599946e-01
3.632562e+00	6.356350e-01	4.640190e-01
3.637251e+00	9.136000e-01	4.674713e-01
3.641939e+00	1.093835e+00	4.689798e-01
3.646627e+00	6.191250e-01	4.643378e-01
3.651315e+00	3.883100e-01	4.626015e-01
3.656004e+00	-3.316950e-01	4.576524e-01
3.660692e+00	-3.717750e-01	4.661826e-01
3.665380e+00	-2.072500e-01	4.830953e-01
3.670068e+00	1.141550e-01	4.938847e-01
3.674756e+00	1.164000e-01	5.012659e-01
3.679445e+00	6.185950e-01	5.123196e-01
3.684133e+00	7.589550e-01	5.170518e-01
3.688821e+00	1.301500e-01	5.139988e-01
3.693509e+00	6.548500e-02	5.159722e-01
3.698198e+00	1.321340e+00	5.312532e-01
3.702886e+00	1.341470e+00	5.349187e-01
3.707574e+00	3.532650e-01	5.274234e-01
3.712262e+00	-1.396400e-01	5.254335e-01
3.716951e+00	1.833450e-01	5.313152e-01
3.721639e+00	3.529100e-01	5.353337e-01
3.726327e+00	7.651400e-01	5.414299e-01
3.731015e+00	4.546600e-01	5.401522e-01
3.735703e+00	7.187300e-01	5.459926e-01
3.740392e+00	5.571400e-01	5.465762e-01
3.745080e+00	4.131750e-01	5.476865e-01
3.749768e+00	1.572000e-02	5.453376e-01
3.754456e+00	3.724700e-01	5.517356e-01
3.759145e+00	1.354850e-01	5.514193e-01
3.763833e+00	-1.031050e-01	5.506947e-01
3.768521e+00	3.646500e-01	5.572929e-01
3.773209e+00	7.606000e-01	5.647103e-01
3.777897e+00	4.716400e-01	5.635205e-01
3.782586e+00	7.028300e-01	5.689207e-01
3.787274e+00	5.281600e-01	5.693074e-01
3.791962e+00	3.696900e-01	5.681280e-01
3.796650e+00	-1.325550e-01	5.654039e-01
3.801339e+00	4.498000e-01	5.744685e-01
3.806027e+00	5.354950e-01	5.781990e-01
3.810715e+00	4.715400e-01	5.787926e-01
3.815403e+00	9.243000e-02	5.773652e-01
3.820092e+00	1.076450e-01	5.803264e-01
3.824780e+00	-3.028500e-02	5.787881e-01
3.829468e+00	1.095800e-01	5.839970e-01
3.834156e+00	2.426750e-01	5.863426e-01
3.838844e+00	-1.506050e-01	5.843231e-01
3.843533e+00	-4.154650e-01	5.835674e-01
3.848221e+00	-6.070800e-01	5.835370e-01
3.852909e+00	9.550000e-03	5.921927e-01
3.857597e+00	3.840800e-01	5.993733e-01
3.862286e+00	-9.159950e-01	5.866394e-01
3.866974e+00	3.158800e-01	6.034043e-01
3.871662e+00	-8.879000e-02	5.990543e-01
3.876350e+00	2.649650e-01	6.054390e-01
3.881039e+00	3.059500e-01	6.086363e-01
3.885727e+00	3.208500e-02	6.075028e-01
3.890415e+00	1.091800e-01	6.101024e-01
3.895103e+00	6.236650e-01	6.190658e-01
3.899791e+00	1.436550e-01	6.146074e-01
3.904480e+00	3.060100e-01	6.203294e-01
3.909168e+00	8.584950e-01	6.283917e-01
3.913856e+00	8.177750e-01	6.312138e-01
3.918544e+00	1.134335e+00	6.376802e-01
3.923233e+00	3.814800e-01	6.303054e-01
3.927921e+00	7.981500e-01	6.366177e-01
3.932609e+00	-6.343900e-01	6.210212e-01
3.937297e+00	-2.538300e-01	6.269171e-01
3.941986e+00	2.792000e-01	6.329705e-01
3.946674e+00	7.902600e-01	6.397890e-01
3.951362e+00	6.177800e-01	6.391780e-01
3.956050e+00	3.873650e-01	6.344413e-01
3.960738e+00	-1.668500e-02	6.295697e-01
3.965427e+00	8.213150e-01	6.414990e-01
3.970115e+00	-1.386000e-01	6.303110e-01
3.974803e+00	1.315765e+00	6.518876e-01
3.979491e+00	1.366980e+00	6.542236e-01
3.984180e+00	9.476200e-01	6.504338e-01
3.988868e+00	5.105800e-01	6.493513e-01
3.993556e+00	9.855900e-01	6.564632e-01
3.998244e+00	9.245600e-01	6.562667e-01
4.002932e+00	1.130710e+00	6.617620e-01
4.007621e+00	1.268000e-01	6.520928e-01
4.012309e+00	3.519500e-02	6.512484e-01
4.016997e+00	6.105600e-01	6.605555e-01
4.021685e+00	-2.733300e-01	6.513361e-01
4.026374e+00	-8.309400e-01	6.476312e-01
4.031062e+00	5.094100e-01	6.667153e-01
4.035750e+00	1.146330e+00	6.791837e-01
4.040438e+00	1.003165e+00	6.796958e-01
4.045127e+00	7.963200e-01	6.778193e-01
4.049815e+00	5.145950e-01	6.773324e-01
4.054503e+00	1.592250e-01	6.747463e-01
4.059191e+00	7.644450e-01	6.837101e-01
4.063879e+00	3.900300e-01	6.814931e-01
4.068568e+00	-4.805550e-01	6.724680e-01
4.073256e+00	4.457300e-01	6.876933e-01
4.077944e+00	2.134250e-01	6.851639e-01
4.082632e+00	1.170980e+00	7.002309e-01
4.087321e+00	4.699800e-01	6.946906e-01
4.092009e+00	1.563500e-02	6.917271e-01
4.096697e+00	2.077200e-01	6.974451e-01
4.101385e+00	7.319150e-01	7.044296e-01
4.106074e+00	-8.539650e-01	6.863033e-01
4.110762e+00	6.587100e-01	7.091282e-01
4.115450e+00	2.120900e-01	7.060350e-01
4.120138e+00	1.054925e+00	7.218113e-01
4.124826e+00	-2.267150e-01	7.059757e-01
4.129515e+00	-5.291000e-02	7.125193e-01
4.134203e+00	8.763700e-01	7.259408e-01
4.138891e+00	6.334300e-01	7.259218e-01
4.143579e+00	1.775250e-01	7.214991e-01
4.148268e+00	-2.579500e-01	7.191399e-01
4.152956e+00	4.725250e-01	7.320553e-01
4.157644e+00	-3.138750e-01	7.204369e-01
4.162332e+00	7.527250e-01	7.407318e-01
4.167021e+00	6.741100e-01	7.427472e-01
4.171709e+00	-2.437350e-01	7.302876e-01
4.176397e+00	1.553900e-01	7.399130e-01
4.181085e+00	4.496550e-01	7.461044e-01
4.185773e+00	2.543900e-01	7.458173e-01
4.190462e+00	5.621550e-01	7.549843e-01
4.195150e+00	1.629640e+00	7.746762e-01
4.199838e+00	3.625750e-01	7.571260e-01
4.204526e+00	1.055300e-01	7.551960e-01
4.209215e+00	-4.210200e-01	7.516981e-01
4.213903e+00	1.228200e+00	7.791573e-01
4.218591e+00	5.930150e-01	7.722958e-01
4.223279e+00	9.099350e-01	7.817191e-01
4.227967e+00	2.783950e-01	7.736516e-01
4.232656e+00	4.474600e-01	7.805111e-01
4.237344e+00	8.482850e-01	7.889606e-01
4.242032e+00	8.826100e-01	7.919029e-01
4.246720e+00	-1.423250e-01	7.786432e-01
4.251409e+00	-1.430650e-01	7.832327e-01
4.256097e+00	2.954850e-01	7.967142e-01
4.260785e+00	7.549400e-01	8.049764e-01
4.265473e+00	-2.762450e-01	7.906397e-01
4.270162e+00	1.576450e-01	8.014982e-01
4.274850e+00	6.278500e-01	8.160893e-01
4.279538e+00	7.337800e-01	8.220973e-01
4.284226e+00	1.030490e+00	8.265201e-01
4.288914e+00	1.934535e+00	8.442379e-01
4.293603e+00	1.364025e+00	8.363842e-01
4.298291e+00	1.299500e-01	8.202194e-01
4.302979e+00	3.634250e-01	8.263522e-01
4.307667e+00	1.368200e+00	8.480117e-01
4.312356e+00	1.210695e+00	8.472749e-01
4.317044e+00	-8.277500e-02	8.315019e-01
4.321732e+00	3.038800e-01	8.392771e-01
4.326420e+00	-4.839500e-02	8.397660e-01
4.331109e+00	-1.034720e+00	8.274935e-01
4.335797e+00	-3.429000e-02	8.450118e-01
4.340485e+00	-1.822300e-01	8.493103e-01
4.345173e+00	2.886100e-01	8.595612e-01
4.349861e+00	1.823300e-01	8.637617e-01
4.354550e+00	5.576200e-01	8.742806e-01
4.359238e+00	1.720450e-01	8.694333e-01
4.363926e+00	6.523450e-01	8.825255e-01
4.368614e+00	6.244350e-01	8.877888e-01
4.373303e+00	4.214450e-01	8.871345e-01
4.377991e+00	8.586450e-01	8.995873e-01
4.382679e+00	9.079950e-01	9.024220e-01
4.387367e+00	2.805300e-01	8.951098e-01
4.392056e+00	-1.192150e-01	8.938929e-01
4.396744e+00	3.578500e-01	9.074186e-01
4.401432e+00	-3.180000e-03	9.054779e-01
4.406120e+00	-9.823500e-02	9.054340e-01
4.410808e+00	5.782000e-02	9.107640e-01
4.415497e+00	3.190250e-01	9.153881e-01
4.420185e+00	5.538000e-02	9.094212e-01
4.424873e+00	1.150400e-01	9.107100e-01
4.429561e+00	3.297300e-01	9.175244e-01
4.434250e+00	-1.216950e-01	9.111365e-01
4.438938e+00	-3.136500e-02	9.120008e-01
4.443626e+00	3.029850e-01	9.199149e-01
4.448314e+00	1.235940e+00	9.385319e-01
4.453002e+00	4.633550e-01	9.290255e-01
4.457691e+00	2.646450e-01	9.309563e-01
4.462379e+00	-7.569650e-01	9.173827e-01
4.467067e+00	3.139550e-01	9.396230e-01
4.471755e+00	-4.341150e-01	9.319058e-01
4.476444e+00	-1.098845e+00	9.243287e-01
4.481132e+00	-2.164550e-01	9.473538e-01
4.485820e+00	-2.591000e-02	9.562514e-01
4.490508e+00	1.452900e-01	9.628658e-01
4.495197e+00	8.518150e-01	9.795985e-01
4.499885e+00	2.867150e-01	9.766502e-01
4.504573e+00	-1.157750e-01	9.725599e-01
4.509261e+00	4.126200e-01	9.889637e-01
4.513949e+00	-2.470450e-01	9.826057e-01
4.518638e+00	4.526450e-01	1.001669e+00
4.523326e+00	-4.266000e-01	9.883651e-01
4.528014e+00	-1.121400e-01	9.972543e-01
4.532702e+00	-3.844950e-01	1.004362e+00
4.537391e+00	1.940650e-01	1.020536e+00
4.542079e+00	-9.980500e-02	1.021325e+00
4.546767e+00	1.766095e+00	1.061830e+00
4.551455e+00	3.081050e-01	1.042457e+00
4.556144e+00	-5.587950e-01	1.031162e+00
4.560832e+00	-3.214150e-01	1.039740e+00
4.565520e+00	1.965500e-02	1.055023e+00
4.570208e+00	1.478210e+00	1.093124e+00
4.574896e+00	7.327050e-01	1.082169e+00
4.579585e+00	2.196450e-01	1.081028e+00
4.584273e+00	-1.618800e-01	1.081904e+00
4.588961e+00	4.037050e-01	1.102662e+00
4.593649e+00	-4.225350e-01	1.087485e+00
4.598338e+00	-9.252500e-02	1.102098e+00
4.603026e+00	-1.268915e+00	1.084792e+00
4.607714e+00	-5.806900e-01	1.110892e+00
4.612402e+00	-2.385000e-03	1.128404e+00
4.617091e+00	1.012080e+00	1.157203e+00
4.621779e+00	8.222100e-01	1.160723e+00
4.626467e+00	7.002300e-01	1.169548e+00
4.631155e+00	1.788500e-02	1.162706e+00
4.635843e+00	1.737580e+00	1.205168e+00
4.640532e+00	-1.501450e-01	1.174418e+00
4.645220e+00	-1.075950e-01	1.187579e+00
4.649908e+00	4.921450e-01	1.212498e+00
4.654596e+00	2.966150e-01	1.215593e+00
4.659285e+00	-8.611450e-01	1.197394e+00
4.663973e+00	9.522400e-01	1.250139e+00
4.668661e+00	-9.177400e-01	1.215118e+00
4.673349e+00	2.485400e-01	1.254314e+00
4.678037e+00	2.014450e-01	1.265604e+00
4.682726e+00	-6.399300e-01	1.251887e+00
4.687414e+00	3.700450e-01	1.289984e+00
4.692102e+00	7.006450e-01	1.308070e+00
4.696790e+00	-7.330450e-01	1.286585e+00
4.701479e+00	5.102250e-01	1.331709e+00
4.706167e+00	2.398150e+00	1.391338e+00
4.710855e+00	9.945300e-01	1.363483e+00
4.715543e+00	-1.771250e-01	1.347759e+00
4.720232e+00	3.194300e-01	1.377835e+00
4.724920e+00	2.749910e+00	1.454406e+00
4.729608e+00	8.701800e-01	1.420763e+00
4.734296e+00	-5.309350e-01	1.393446e+00
4.738984e+00	-5.377950e-01	1.409126e+00
4.743673e+00	-1.788540e+00	1.390086e+00
4.748361e+00	-5.934500e-01	1.437641e+00
4.753049e+00	1.933385e+00	1.522553e+00
4.757737e+00	1.975950e+00	1.552901e+00
4.762426e+00	1.141050e-01	1.514449e+00
4.767114e+00	-2.223100e-01	1.524555e+00
4.771802e+00	1.532450e-01	1.552740e+00
4.776490e+00	2.361890e+00	1.630962e+00
4.781179e+00	5.782450e-01	1.609252e+00
4.785867e+00	-5.934950e-01	1.593708e+00
4.790555e+00	-1.047650e+00	1.600333e+00
4.795243e+00	-5.900200e-01	1.635644e+00
4.799931e+00	4.462400e-01	1.699903e+00
4.804620e+00	3.128400e-01	1.712629e+00
4.809308e+00	1.631500e-01	1.741613e+00
4.813996e+00	1.378650e+00	1.812999e+00
4.818684e+00	3.513500e-01	1.804489e+00
4.823373e+00	-3.584500e-01	1.803688e+00
4.828061e+00	-5.369400e-01	1.827720e+00
4.832749e+00	1.238500e+00	1.936279e+00
4.837437e+00	5.005850e-01	1.953875e+00
4.842125e+00	4.630950e-01	1.988698e+00
4.846814e+00	1.002025e+00	2.046129e+00
4.851502e+00	-1.573910e+00	1.989762e+00
4.856190e+00	-1.296170e+00	2.032784e+00
4.860878e+00	-1.512300e-01	2.128716e+00
4.865567e+00	2.641535e+00	2.308934e+00
4.870255e+00	5.263850e-01	2.266517e+00
4.874943e+00	1.179900e-01	2.313661e+00
4.879631e+00	-1.287010e+00	2.312320e+00
4.884320e+00	-8.063850e-01	2.412520e+00
4.889008e+00	6.741250e-01	2.561434e+00
4.893696e+00	-2.576225e+00	2.485634e+00
4.898384e+00	-1.201820e+00	2.666865e+00
4.903072e+00	1.435550e+00	2.920167e+00
4.907761e+00	1.955845e+00	3.087889e+00
4.912449e+00	-2.386760e+00	3.963468e+00
4.917137e+00	-6.692425e+00	1.050555e+01
