# Sample description: GI
# Parent(s): ../20151214/GI_no_protection/1d/GI_np_030_00101.dat
# No protection
3.200246e-02	1.058510e+01	1.919241e+01
3.669069e-02	5.658570e+01	1.596046e+01
4.137892e-02	1.923733e+02	1.508360e+01
4.606715e-02	2.277112e+02	1.204411e+01
5.075538e-02	2.185865e+02	9.486791e+00
5.544361e-02	1.975113e+02	7.776323e+00
6.013183e-02	1.828903e+02	6.730405e+00
6.482006e-02	1.815770e+02	6.055818e+00
6.950829e-02	1.693230e+02	5.418832e+00
7.419652e-02	1.738032e+02	5.033747e+00
7.888475e-02	1.744846e+02	4.738790e+00
8.357298e-02	1.687944e+02	4.438909e+00
8.826121e-02	1.645296e+02	4.193769e+00
9.294944e-02	1.715426e+02	4.071353e+00
9.763767e-02	1.646461e+02	3.850271e+00
1.023259e-01	1.638511e+02	3.710789e+00
1.070141e-01	1.598126e+02	3.562497e+00
1.117024e-01	1.560882e+02	3.426256e+00
1.163906e-01	1.528435e+02	3.297756e+00
1.210788e-01	1.553663e+02	3.237385e+00
1.257670e-01	1.564408e+02	3.168653e+00
1.304553e-01	1.541055e+02	3.081834e+00
1.351435e-01	1.537311e+02	3.009810e+00
1.398317e-01	1.505022e+02	2.923142e+00
1.445200e-01	1.461993e+02	2.830980e+00
1.492082e-01	1.490107e+02	2.800963e+00
1.538964e-01	1.476805e+02	2.736881e+00
1.585846e-01	1.482006e+02	2.690655e+00
1.632729e-01	1.466497e+02	2.635407e+00
1.679611e-01	1.469416e+02	2.596882e+00
1.726493e-01	1.430801e+02	2.527310e+00
1.773376e-01	1.411415e+02	2.471682e+00
1.820258e-01	1.420377e+02	2.443381e+00
1.867140e-01	1.426650e+02	2.415453e+00
1.914022e-01	1.369125e+02	2.342920e+00
1.960905e-01	1.362042e+02	2.303079e+00
2.007787e-01	1.364097e+02	2.278165e+00
2.054669e-01	1.326362e+02	2.225064e+00
2.101552e-01	1.338752e+02	2.207109e+00
2.148434e-01	1.320654e+02	2.166227e+00
2.195316e-01	1.321418e+02	2.141028e+00
2.242199e-01	1.302872e+02	2.104816e+00
2.289081e-01	1.314884e+02	2.090507e+00
2.335963e-01	1.278607e+02	2.043693e+00
2.382845e-01	1.280322e+02	2.022050e+00
2.429728e-01	1.282086e+02	2.002525e+00
2.476610e-01	1.256966e+02	1.967229e+00
2.523492e-01	1.231015e+02	1.930688e+00
2.570375e-01	1.231196e+02	1.910113e+00
2.617257e-01	1.213873e+02	1.881495e+00
2.664139e-01	1.216535e+02	1.866015e+00
2.711021e-01	1.195526e+02	1.836363e+00
2.757904e-01	1.173611e+02	1.805149e+00
2.804786e-01	1.163319e+02	1.784337e+00
2.851668e-01	1.154162e+02	1.763730e+00
2.898551e-01	1.114847e+02	1.723909e+00
2.945433e-01	1.133453e+02	1.721314e+00
2.992315e-01	1.118622e+02	1.736710e+00
3.039197e-01	1.097385e+02	1.736179e+00
3.086080e-01	1.083049e+02	1.732926e+00
3.132962e-01	1.070241e+02	1.724063e+00
3.179844e-01	1.059772e+02	1.716791e+00
3.226727e-01	1.012002e+02	1.686001e+00
3.273609e-01	1.028722e+02	1.694422e+00
3.320491e-01	1.014756e+02	1.681607e+00
3.367374e-01	9.963376e+01	1.665936e+00
3.414256e-01	9.872989e+01	1.656117e+00
3.461138e-01	9.709113e+01	1.642273e+00
3.508020e-01	9.665779e+01	1.634719e+00
3.554903e-01	9.453833e+01	1.614374e+00
3.601785e-01	9.306384e+01	1.601495e+00
3.648667e-01	9.140666e+01	1.602134e+00
3.695550e-01	9.288764e+01	1.648221e+00
3.742432e-01	9.083173e+01	1.653072e+00
3.789314e-01	8.646287e+01	1.636777e+00
3.836196e-01	8.381114e+01	1.626954e+00
3.883079e-01	8.427467e+01	1.640166e+00
3.929961e-01	8.346220e+01	1.649124e+00
3.976843e-01	8.240750e+01	1.662357e+00
4.023726e-01	8.227087e+01	1.678526e+00
4.070608e-01	7.973132e+01	1.665598e+00
4.117490e-01	7.951913e+01	1.667332e+00
4.164372e-01	7.930647e+01	1.667378e+00
4.211255e-01	7.668446e+01	1.650230e+00
4.258137e-01	7.357009e+01	1.626332e+00
4.305019e-01	7.318093e+01	1.622378e+00
4.351902e-01	7.295057e+01	1.616923e+00
4.398784e-01	7.512221e+01	1.632128e+00
4.445666e-01	7.378488e+01	1.641819e+00
4.492548e-01	6.954238e+01	1.660451e+00
4.539431e-01	6.754520e+01	1.673325e+00
4.586313e-01	6.590785e+01	1.682431e+00
4.633195e-01	6.658549e+01	1.712223e+00
4.680078e-01	6.563383e+01	1.721928e+00
4.726960e-01	6.427722e+01	1.729170e+00
4.773842e-01	6.126947e+01	1.716431e+00
4.820725e-01	6.168799e+01	1.738172e+00
4.867607e-01	6.041685e+01	1.742955e+00
4.914489e-01	6.389697e+01	1.790144e+00
4.961371e-01	6.062311e+01	1.774669e+00
5.008254e-01	5.755188e+01	1.756042e+00
5.055136e-01	5.331459e+01	1.726636e+00
5.102018e-01	5.288553e+01	1.683719e+00
5.148901e-01	5.502247e+01	1.645388e+00
5.195783e-01	5.177635e+01	1.585983e+00
5.242665e-01	5.203061e+01	1.568921e+00
5.289547e-01	5.001129e+01	1.534290e+00
5.336430e-01	4.954409e+01	1.515560e+00
5.383312e-01	4.839081e+01	1.490647e+00
5.430194e-01	4.729660e+01	1.473069e+00
5.477077e-01	4.815565e+01	1.472776e+00
5.523959e-01	4.685373e+01	1.450933e+00
5.570841e-01	4.506072e+01	1.426207e+00
5.617723e-01	4.589163e+01	1.428673e+00
5.664606e-01	4.499925e+01	1.413166e+00
5.711488e-01	4.191460e+01	1.376936e+00
5.758370e-01	3.980924e+01	1.347735e+00
5.805253e-01	3.976038e+01	1.339864e+00
5.852135e-01	3.979164e+01	1.328639e+00
5.899017e-01	3.901360e+01	1.313238e+00
5.945900e-01	3.791374e+01	1.293308e+00
5.992782e-01	3.689661e+01	1.273160e+00
6.039664e-01	3.722912e+01	1.269958e+00
6.086546e-01	3.441436e+01	1.233708e+00
6.133429e-01	3.690581e+01	1.249923e+00
6.180311e-01	3.410753e+01	1.216599e+00
6.227193e-01	3.434649e+01	1.210348e+00
6.274076e-01	3.318147e+01	1.194743e+00
6.320958e-01	3.024740e+01	1.160726e+00
6.367840e-01	3.060838e+01	1.161535e+00
6.414722e-01	3.029183e+01	1.154692e+00
6.461605e-01	2.832847e+01	1.131974e+00
6.508487e-01	2.955858e+01	1.143576e+00
6.555369e-01	3.005568e+01	1.143324e+00
6.602252e-01	2.799029e+01	1.120825e+00
6.649134e-01	2.605682e+01	1.098225e+00
6.696016e-01	2.513465e+01	1.085195e+00
6.742898e-01	2.549741e+01	1.085683e+00
6.789781e-01	2.451345e+01	1.075083e+00
6.836663e-01	2.434089e+01	1.070877e+00
6.883545e-01	2.415746e+01	1.065760e+00
6.930428e-01	2.321326e+01	1.053529e+00
6.977310e-01	2.363956e+01	1.055291e+00
7.024192e-01	2.227020e+01	1.038338e+00
7.071074e-01	2.055772e+01	1.017942e+00
7.117957e-01	2.133628e+01	1.024510e+00
7.164839e-01	2.122504e+01	1.020387e+00
7.211721e-01	2.042650e+01	1.009825e+00
7.258604e-01	2.018858e+01	1.004421e+00
7.305486e-01	1.873484e+01	9.872046e-01
7.352368e-01	1.933619e+01	9.916362e-01
7.399251e-01	1.770181e+01	9.707661e-01
7.446133e-01	1.792591e+01	9.715862e-01
7.493015e-01	1.729922e+01	9.645482e-01
7.539897e-01	1.718310e+01	9.585901e-01
7.586780e-01	1.682548e+01	9.534156e-01
7.633662e-01	1.561384e+01	9.389811e-01
7.680544e-01	1.541977e+01	9.343998e-01
7.727427e-01	1.439667e+01	9.197506e-01
7.774309e-01	1.458772e+01	9.212894e-01
7.821191e-01	1.610249e+01	9.364586e-01
7.868073e-01	1.489041e+01	9.195793e-01
7.914956e-01	1.378020e+01	9.061483e-01
7.961838e-01	1.390770e+01	9.054037e-01
8.008720e-01	1.297077e+01	8.937392e-01
8.055603e-01	1.159436e+01	8.764140e-01
8.102485e-01	1.299338e+01	8.920564e-01
8.149367e-01	1.366553e+01	8.959955e-01
8.196249e-01	1.278205e+01	8.834673e-01
8.243132e-01	1.154877e+01	8.675742e-01
8.290014e-01	1.125783e+01	8.631116e-01
8.336896e-01	1.063144e+01	8.548630e-01
8.383779e-01	1.048772e+01	8.506265e-01
8.430661e-01	1.032052e+01	8.478308e-01
8.477543e-01	8.975680e+00	8.322389e-01
8.524425e-01	9.870625e+00	8.401821e-01
8.571308e-01	9.829645e+00	8.392152e-01
8.618190e-01	1.008476e+01	8.379709e-01
8.665072e-01	9.481700e+00	8.286349e-01
8.711955e-01	8.543450e+00	8.160149e-01
8.758837e-01	9.030875e+00	8.210270e-01
8.805719e-01	8.333610e+00	8.117648e-01
8.852602e-01	7.150850e+00	7.974488e-01
8.899484e-01	7.795450e+00	8.022163e-01
8.946366e-01	7.888435e+00	8.018185e-01
8.993248e-01	7.263055e+00	7.930610e-01
9.040131e-01	7.451735e+00	7.944742e-01
9.087013e-01	7.751345e+00	7.963961e-01
9.133895e-01	8.069220e+00	7.975091e-01
9.180778e-01	7.612975e+00	7.890143e-01
9.227660e-01	7.137190e+00	7.818438e-01
9.274542e-01	6.266120e+00	7.720700e-01
9.321424e-01	5.636100e+00	7.613064e-01
9.368307e-01	5.885905e+00	7.645793e-01
9.415189e-01	5.254155e+00	7.555688e-01
9.462071e-01	6.161180e+00	7.661840e-01
9.508954e-01	5.975065e+00	7.601993e-01
9.555836e-01	5.434635e+00	7.530580e-01
9.602718e-01	6.385120e+00	7.651840e-01
9.649600e-01	5.993845e+00	7.577130e-01
9.696483e-01	4.654615e+00	7.398783e-01
9.743365e-01	6.014945e+00	7.560691e-01
9.790247e-01	5.544815e+00	7.477369e-01
9.837130e-01	5.132425e+00	7.421278e-01
9.884012e-01	5.230985e+00	7.414113e-01
9.930894e-01	4.715070e+00	7.342760e-01
9.977777e-01	5.309015e+00	7.396327e-01
1.002466e+00	5.385365e+00	7.405803e-01
1.007154e+00	5.296990e+00	7.365875e-01
1.011842e+00	4.348445e+00	7.239531e-01
1.016531e+00	4.675940e+00	7.283191e-01
1.021219e+00	4.378670e+00	7.229407e-01
1.025907e+00	4.576315e+00	7.239193e-01
1.030595e+00	4.475670e+00	7.216554e-01
1.035283e+00	4.490440e+00	7.204924e-01
1.039972e+00	3.765250e+00	7.115381e-01
1.044660e+00	3.933695e+00	7.133055e-01
1.049348e+00	3.629060e+00	7.071350e-01
1.054036e+00	4.667195e+00	7.178916e-01
1.058725e+00	4.931215e+00	7.189470e-01
1.063413e+00	4.410230e+00	7.128051e-01
1.068101e+00	2.685320e+00	6.914689e-01
1.072789e+00	3.450695e+00	6.989272e-01
1.077478e+00	3.522325e+00	6.985976e-01
1.082166e+00	4.074655e+00	7.040107e-01
1.086854e+00	3.070700e+00	6.914353e-01
1.091542e+00	3.785045e+00	6.972071e-01
1.096230e+00	3.594175e+00	6.936910e-01
1.100919e+00	3.500135e+00	6.921969e-01
1.105607e+00	2.692415e+00	6.822065e-01
1.110295e+00	2.443460e+00	6.778557e-01
1.114983e+00	3.553160e+00	6.895759e-01
1.119672e+00	4.266715e+00	6.970669e-01
1.124360e+00	3.144645e+00	6.832906e-01
1.129048e+00	3.246360e+00	6.825432e-01
1.133736e+00	3.163590e+00	6.797745e-01
1.138425e+00	1.877485e+00	6.648151e-01
1.143113e+00	2.389145e+00	6.685225e-01
1.147801e+00	2.921655e+00	6.751871e-01
1.152489e+00	2.667335e+00	6.701053e-01
1.157177e+00	2.720055e+00	6.689290e-01
1.161866e+00	2.619170e+00	6.678915e-01
1.166554e+00	3.612460e+00	6.775592e-01
1.171242e+00	3.124015e+00	6.719273e-01
1.175930e+00	2.374690e+00	6.615375e-01
1.180619e+00	1.876880e+00	6.546814e-01
1.185307e+00	2.171600e+00	6.573409e-01
1.189995e+00	2.538610e+00	6.611799e-01
1.194683e+00	2.553460e+00	6.598627e-01
1.199372e+00	2.764450e+00	6.616548e-01
1.204060e+00	2.433005e+00	6.571295e-01
1.208748e+00	2.776755e+00	6.615978e-01
1.213436e+00	2.645400e+00	6.576081e-01
1.218124e+00	2.180965e+00	6.504983e-01
1.222813e+00	2.936060e+00	6.591304e-01
1.227501e+00	2.817485e+00	6.567840e-01
1.232189e+00	3.086075e+00	6.592805e-01
1.236877e+00	2.350795e+00	6.484959e-01
1.241566e+00	2.940785e+00	6.540256e-01
1.246254e+00	2.639515e+00	6.519393e-01
1.250942e+00	2.520960e+00	6.648082e-01
1.255630e+00	2.501540e+00	6.829420e-01
1.260318e+00	2.519530e+00	6.938771e-01
1.265007e+00	2.574140e+00	7.026335e-01
1.269695e+00	2.979140e+00	7.156672e-01
1.274383e+00	3.581645e+00	7.307303e-01
1.279071e+00	2.387995e+00	7.242244e-01
1.283760e+00	1.870965e+00	7.226567e-01
1.288448e+00	2.286755e+00	7.337039e-01
1.293136e+00	3.297465e+00	7.518826e-01
1.297824e+00	1.672320e+00	7.363945e-01
1.302513e+00	1.556510e+00	7.402513e-01
1.307201e+00	1.452600e+00	7.409418e-01
1.311889e+00	2.838925e+00	7.580206e-01
1.316577e+00	2.453915e+00	7.285332e-01
1.321265e+00	2.091700e+00	7.052377e-01
1.325954e+00	2.005975e+00	6.917690e-01
1.330642e+00	1.834330e+00	6.804494e-01
1.335330e+00	2.570625e+00	6.803052e-01
1.340018e+00	1.779615e+00	6.653650e-01
1.344707e+00	1.605985e+00	6.587529e-01
1.349395e+00	2.223550e+00	6.603088e-01
1.354083e+00	1.393670e+00	6.450344e-01
1.358771e+00	2.675490e+00	6.556989e-01
1.363460e+00	3.014230e+00	6.567856e-01
1.368148e+00	2.209040e+00	6.454067e-01
1.372836e+00	2.802500e+00	6.488295e-01
1.377524e+00	2.855520e+00	6.485270e-01
1.382212e+00	1.531935e+00	6.325938e-01
1.386901e+00	1.321870e+00	6.287113e-01
1.391589e+00	2.421440e+00	6.396101e-01
1.396277e+00	1.831315e+00	6.321743e-01
1.400965e+00	1.443235e+00	6.267092e-01
1.405654e+00	1.076830e+00	6.215560e-01
1.410342e+00	1.954375e+00	6.300535e-01
1.415030e+00	1.991355e+00	6.293860e-01
1.419718e+00	1.732990e+00	6.260554e-01
1.424406e+00	2.376985e+00	6.306999e-01
1.429095e+00	2.758245e+00	6.333016e-01
1.433783e+00	1.711045e+00	6.212489e-01
1.438471e+00	1.863080e+00	6.223142e-01
1.443159e+00	2.217890e+00	6.244576e-01
1.447848e+00	2.413725e+00	6.252724e-01
1.452536e+00	1.786610e+00	6.178676e-01
1.457224e+00	1.939590e+00	6.180811e-01
1.461912e+00	2.013425e+00	6.188985e-01
1.466601e+00	2.094520e+00	6.174539e-01
1.471289e+00	2.777400e+00	6.242266e-01
1.475977e+00	2.463245e+00	6.206465e-01
1.480665e+00	1.584180e+00	6.097141e-01
1.485353e+00	1.602695e+00	6.200895e-01
1.490042e+00	1.225925e+00	6.344553e-01
1.494730e+00	1.199915e+00	6.447063e-01
1.499418e+00	1.519295e+00	6.552906e-01
1.504106e+00	1.814040e+00	6.667784e-01
1.508795e+00	1.260010e+00	6.665334e-01
1.513483e+00	7.666800e-01	6.471836e-01
1.518171e+00	1.692625e+00	6.430184e-01
1.522859e+00	1.807410e+00	6.326524e-01
1.527548e+00	1.720845e+00	6.260581e-01
1.532236e+00	1.357370e+00	6.164286e-01
1.536924e+00	1.769855e+00	6.162722e-01
1.541612e+00	1.508020e+00	6.092673e-01
1.546300e+00	1.163125e+00	6.046746e-01
1.550989e+00	1.330530e+00	6.046455e-01
1.555677e+00	1.287315e+00	6.011231e-01
1.560365e+00	1.147955e+00	5.951276e-01
1.565053e+00	1.378490e+00	5.960771e-01
1.569742e+00	1.457885e+00	5.938642e-01
1.574430e+00	1.812455e+00	5.961946e-01
1.579118e+00	3.682400e-01	5.810150e-01
1.583806e+00	1.414505e+00	5.931769e-01
1.588495e+00	1.693015e+00	5.973895e-01
1.593183e+00	1.912990e+00	6.000964e-01
1.597871e+00	2.360470e+00	6.036595e-01
1.602559e+00	1.524780e+00	5.941524e-01
1.607247e+00	1.328895e+00	5.911087e-01
1.611936e+00	1.386765e+00	5.908392e-01
1.616624e+00	1.657940e+00	5.914475e-01
1.621312e+00	1.917275e+00	5.942767e-01
1.626000e+00	1.513330e+00	5.887198e-01
1.630689e+00	9.070050e-01	5.825754e-01
1.635377e+00	1.431390e+00	5.859208e-01
1.640065e+00	1.069505e+00	5.808065e-01
1.644753e+00	1.507475e+00	5.860218e-01
1.649441e+00	1.365520e+00	5.839621e-01
1.654130e+00	1.683945e+00	5.858932e-01
1.658818e+00	8.068950e-01	5.763183e-01
1.663506e+00	7.659650e-01	5.743494e-01
1.668194e+00	7.320350e-01	5.728216e-01
1.672883e+00	1.255250e+00	5.780685e-01
1.677571e+00	6.101950e-01	5.696264e-01
1.682259e+00	7.365800e-01	5.715934e-01
1.686947e+00	1.175755e+00	5.734793e-01
1.691636e+00	1.894630e+00	5.809009e-01
1.696324e+00	1.687965e+00	5.781526e-01
1.701012e+00	1.931795e+00	5.785734e-01
1.705700e+00	1.294855e+00	5.729414e-01
1.710388e+00	1.246960e+00	5.713144e-01
1.715077e+00	8.274650e-01	5.656901e-01
1.719765e+00	1.174410e+00	5.685573e-01
1.724453e+00	1.202985e+00	5.689219e-01
1.729141e+00	3.031000e-01	5.585648e-01
1.733830e+00	7.845400e-01	5.612281e-01
1.738518e+00	1.231150e+00	5.657940e-01
1.743206e+00	6.296000e-01	5.593309e-01
1.747894e+00	3.503850e-01	5.559089e-01
1.752583e+00	1.041855e+00	5.627035e-01
1.757271e+00	1.111485e+00	5.618848e-01
1.761959e+00	5.707550e-01	5.565326e-01
1.766647e+00	-3.317000e-02	5.489886e-01
1.771335e+00	7.958150e-01	5.567456e-01
1.776024e+00	8.007450e-01	5.563660e-01
1.780712e+00	2.649050e-01	5.511534e-01
1.785400e+00	1.850535e+00	5.652325e-01
1.790088e+00	1.713540e+00	5.624573e-01
1.794777e+00	1.210390e+00	5.585423e-01
1.799465e+00	1.535380e+00	5.603061e-01
1.804153e+00	7.490550e-01	5.510725e-01
1.808841e+00	3.292950e-01	5.461718e-01
1.813530e+00	9.543550e-01	5.517550e-01
1.818218e+00	1.280130e+00	5.543887e-01
1.822906e+00	9.478250e-01	5.513281e-01
1.827594e+00	8.276200e-01	5.491117e-01
1.832282e+00	1.132620e+00	5.500223e-01
1.836971e+00	7.466200e-01	5.470527e-01
1.841659e+00	-2.325350e-01	5.357165e-01
1.846347e+00	2.141450e-01	5.401318e-01
1.851035e+00	5.965000e-01	5.421843e-01
1.855724e+00	5.597050e-01	5.420820e-01
1.860412e+00	1.075115e+00	5.470946e-01
1.865100e+00	8.494400e-01	5.437668e-01
1.869788e+00	6.260750e-01	5.406074e-01
1.874476e+00	7.738250e-01	5.427114e-01
1.879165e+00	8.717100e-01	5.419933e-01
1.883853e+00	1.267220e+00	5.449724e-01
1.888541e+00	9.273700e-01	5.405962e-01
1.893229e+00	1.020945e+00	5.419360e-01
1.897918e+00	6.971100e-01	5.381387e-01
1.902606e+00	5.327350e-01	5.355625e-01
1.907294e+00	-1.103300e-01	5.284469e-01
1.911982e+00	3.214550e-01	5.315713e-01
1.916671e+00	8.155500e-02	5.287364e-01
1.921359e+00	3.916850e-01	5.313458e-01
1.926047e+00	7.380050e-01	5.350084e-01
1.930735e+00	-2.590050e-01	5.233944e-01
1.935423e+00	5.498350e-01	5.306486e-01
1.940112e+00	6.984850e-01	5.305968e-01
1.944800e+00	-7.243000e-02	5.228365e-01
1.949488e+00	-1.219000e-01	5.210909e-01
1.954176e+00	-3.139300e-01	5.186441e-01
1.958865e+00	6.453950e-01	5.254780e-01
1.963553e+00	1.821800e-01	5.212026e-01
1.968241e+00	1.013570e+00	5.281489e-01
1.972929e+00	-1.087800e-01	5.168641e-01
1.977618e+00	7.911350e-01	5.251044e-01
1.982306e+00	2.777000e-01	5.191257e-01
1.986994e+00	1.420000e-01	5.177075e-01
1.991682e+00	4.130450e-01	5.208084e-01
1.996370e+00	2.815250e-01	5.183457e-01
2.001059e+00	9.197050e-01	5.269950e-01
2.005747e+00	5.475250e-01	5.221863e-01
2.010435e+00	8.138850e-01	5.241068e-01
2.015123e+00	2.388950e-01	5.180606e-01
2.019812e+00	7.080500e-02	5.159979e-01
2.024500e+00	4.286800e-01	5.190325e-01
2.029188e+00	-2.324900e-01	5.116224e-01
2.033876e+00	4.323400e-01	5.173750e-01
2.038565e+00	4.174600e-01	5.156612e-01
2.043253e+00	7.794950e-01	5.198191e-01
2.047941e+00	1.766150e-01	5.143727e-01
2.052629e+00	2.049000e-01	5.169518e-01
2.057317e+00	8.491850e-01	5.378078e-01
2.062006e+00	8.033000e-01	5.464130e-01
2.066694e+00	1.770800e-01	5.469475e-01
2.071382e+00	9.261150e-01	5.599033e-01
2.076070e+00	7.460100e-01	5.640524e-01
2.080759e+00	5.994300e-01	5.674546e-01
2.085447e+00	4.097900e-01	5.685289e-01
2.090135e+00	-1.834000e-01	5.645400e-01
2.094823e+00	-3.549050e-01	5.641265e-01
2.099511e+00	2.653900e-01	5.731291e-01
2.104200e+00	1.516800e-01	5.728430e-01
2.108888e+00	1.667700e+00	5.904565e-01
2.113576e+00	8.559200e-01	5.830774e-01
2.118264e+00	1.000050e+00	5.788180e-01
2.122953e+00	2.807400e-01	5.552982e-01
2.127641e+00	3.094600e-01	5.446996e-01
2.132329e+00	1.510150e-01	5.379425e-01
2.137017e+00	1.062855e+00	5.412785e-01
2.141706e+00	8.308050e-01	5.340002e-01
2.146394e+00	6.426500e-02	5.225472e-01
2.151082e+00	-8.319500e-02	5.178990e-01
2.155770e+00	6.305000e-01	5.228400e-01
2.160458e+00	6.097250e-01	5.221648e-01
2.165147e+00	8.033500e-01	5.230249e-01
2.169835e+00	8.691200e-01	5.220133e-01
2.174523e+00	-2.319600e-01	5.100486e-01
2.179211e+00	1.218950e-01	5.129190e-01
2.183900e+00	1.509105e+00	5.257584e-01
2.188588e+00	9.475400e-01	5.191792e-01
2.193276e+00	5.327400e-01	5.142123e-01
2.197964e+00	1.962550e-01	5.095365e-01
2.202653e+00	4.063550e-01	5.114195e-01
2.207341e+00	1.462595e+00	5.210434e-01
2.212029e+00	5.704000e-01	5.113501e-01
2.216717e+00	1.103700e+00	5.155823e-01
2.221405e+00	4.382000e-01	5.090773e-01
2.226094e+00	7.119200e-01	5.104794e-01
2.230782e+00	9.352350e-01	5.113674e-01
2.235470e+00	-3.181000e-02	5.015798e-01
2.240158e+00	7.515000e-02	5.023966e-01
2.244847e+00	-1.419200e-01	4.994488e-01
2.249535e+00	2.812100e-01	5.025070e-01
2.254223e+00	6.834650e-01	5.054429e-01
2.258911e+00	-2.530150e-01	4.953559e-01
2.263600e+00	9.415800e-01	5.073024e-01
2.268288e+00	9.411400e-01	5.069335e-01
2.272976e+00	2.933650e-01	4.998797e-01
2.277664e+00	1.096450e-01	4.974949e-01
2.282352e+00	1.150930e+00	5.060558e-01
2.287041e+00	6.024200e-01	5.011128e-01
2.291729e+00	3.922450e-01	4.980572e-01
2.296417e+00	2.058000e-02	4.935127e-01
2.301105e+00	-4.284800e-01	4.887885e-01
2.305794e+00	3.004050e-01	4.949119e-01
2.310482e+00	3.568850e-01	4.946675e-01
2.315170e+00	2.617450e-01	4.940869e-01
2.319858e+00	3.269600e-01	4.935701e-01
2.324546e+00	4.309000e-01	4.942894e-01
2.329235e+00	7.107950e-01	4.952905e-01
2.333923e+00	-2.261600e-01	4.868889e-01
2.338611e+00	5.129600e-01	4.933976e-01
2.343299e+00	6.875150e-01	4.949034e-01
2.347988e+00	8.762900e-01	4.943012e-01
2.352676e+00	5.364750e-01	4.913339e-01
2.357364e+00	1.002335e+00	4.953910e-01
2.362052e+00	3.838950e-01	4.890706e-01
2.366741e+00	4.374300e-01	4.902435e-01
2.371429e+00	3.043250e-01	4.877005e-01
2.376117e+00	6.817000e-01	4.907294e-01
2.380805e+00	5.621150e-01	4.891167e-01
2.385493e+00	7.063600e-01	4.897431e-01
2.390182e+00	1.291355e+00	4.950230e-01
2.394870e+00	3.182100e-01	4.856137e-01
2.399558e+00	4.862450e-01	4.861556e-01
2.404246e+00	2.112700e-01	4.825190e-01
2.408935e+00	-2.915750e-01	4.776646e-01
2.413623e+00	1.175850e-01	4.816233e-01
2.418311e+00	3.364150e-01	4.825552e-01
2.422999e+00	4.910800e-01	4.836861e-01
2.427688e+00	7.020000e-03	4.782257e-01
2.432376e+00	-7.030200e-01	4.714888e-01
2.437064e+00	1.362050e-01	4.796285e-01
2.441752e+00	6.533000e-01	4.826917e-01
2.446440e+00	8.310700e-01	4.837858e-01
2.451129e+00	7.796700e-01	4.828188e-01
2.455817e+00	2.614300e-01	4.778519e-01
2.460505e+00	5.102500e-01	4.793931e-01
2.465193e+00	-1.074200e-01	4.735134e-01
2.469882e+00	2.082250e-01	4.753052e-01
2.474570e+00	8.919550e-01	4.814805e-01
2.479258e+00	4.134300e-01	4.768197e-01
2.483946e+00	2.950350e-01	4.753127e-01
2.488634e+00	-2.359100e-01	4.696832e-01
2.493323e+00	7.533650e-01	4.785396e-01
2.498011e+00	9.652200e-01	4.807125e-01
2.502699e+00	8.211950e-01	4.780393e-01
2.507387e+00	5.861900e-01	4.761185e-01
2.512076e+00	4.463300e-01	4.743674e-01
2.516764e+00	6.969000e-01	4.758498e-01
2.521452e+00	7.472600e-01	4.757432e-01
2.526140e+00	5.696800e-01	4.735563e-01
2.530829e+00	4.920750e-01	4.723797e-01
2.535517e+00	6.634450e-01	4.730407e-01
2.540205e+00	8.603700e-01	4.734477e-01
2.544893e+00	7.671050e-01	4.725286e-01
2.549581e+00	4.491800e-01	4.682216e-01
2.554270e+00	4.428000e-01	4.675940e-01
2.558958e+00	1.474400e-01	4.648438e-01
2.563646e+00	1.091000e-01	4.638301e-01
2.568334e+00	2.318800e-01	4.647240e-01
2.573023e+00	3.509100e-01	4.653198e-01
2.577711e+00	5.926400e-01	4.662552e-01
2.582399e+00	4.548650e-01	4.648349e-01
2.587087e+00	8.140000e-02	4.613145e-01
2.591776e+00	3.280850e-01	4.639560e-01
2.596464e+00	3.299400e-01	4.639751e-01
2.601152e+00	6.628200e-01	4.662974e-01
2.605840e+00	6.076650e-01	4.664836e-01
2.610528e+00	4.413300e-01	4.639520e-01
2.615217e+00	-6.553000e-02	4.593987e-01
2.619905e+00	-1.233350e-01	4.587132e-01
2.624593e+00	-1.788000e-02	4.582335e-01
2.629281e+00	4.182400e-01	4.627775e-01
2.633970e+00	4.252600e-01	4.614986e-01
2.638658e+00	7.074000e-02	4.582155e-01
2.643346e+00	5.098300e-01	4.621358e-01
2.648034e+00	1.732200e-01	4.588549e-01
2.652723e+00	7.006550e-01	4.634608e-01
2.657411e+00	6.043350e-01	4.615576e-01
2.662099e+00	3.860050e-01	4.591889e-01
2.666787e+00	8.972550e-01	4.627353e-01
2.671475e+00	2.914700e-01	4.575936e-01
2.676164e+00	4.697700e-01	4.588519e-01
2.680852e+00	4.610800e-01	4.589188e-01
2.685540e+00	6.317600e-01	4.597123e-01
2.690228e+00	-1.112350e-01	4.528608e-01
2.694917e+00	-7.485950e-01	4.464398e-01
2.699605e+00	-4.453800e-01	4.487543e-01
2.704293e+00	-2.791000e-02	4.521565e-01
2.708981e+00	-4.941850e-01	4.469769e-01
2.713669e+00	7.423050e-01	4.582367e-01
2.718358e+00	6.930350e-01	4.569721e-01
2.723046e+00	2.799850e-01	4.531569e-01
2.727734e+00	6.555850e-01	4.560958e-01
2.732422e+00	1.680900e-01	4.510535e-01
2.737111e+00	6.326750e-01	4.545252e-01
2.741799e+00	3.332750e-01	4.523764e-01
2.746487e+00	4.230550e-01	4.522996e-01
2.751175e+00	3.523250e-01	4.513539e-01
2.755864e+00	9.517500e-02	4.481123e-01
2.760552e+00	-1.970550e-01	4.454540e-01
2.765240e+00	-4.635900e-01	4.428729e-01
2.769928e+00	-1.262000e-02	4.469951e-01
2.774616e+00	2.993050e-01	4.492723e-01
2.779305e+00	5.746450e-01	4.510392e-01
2.783993e+00	5.621450e-01	4.503498e-01
2.788681e+00	8.153750e-01	4.518738e-01
2.793369e+00	2.447850e-01	4.471015e-01
2.798058e+00	1.165050e-01	4.456778e-01
2.802746e+00	-1.141300e-01	4.434183e-01
2.807434e+00	4.693850e-01	4.478668e-01
2.812122e+00	8.447950e-01	4.510666e-01
2.816811e+00	8.731450e-01	4.507850e-01
2.821499e+00	8.248000e-02	4.436963e-01
2.826187e+00	5.662550e-01	4.473806e-01
2.830875e+00	1.850800e-01	4.431750e-01
2.835563e+00	1.885400e-01	4.432968e-01
2.840252e+00	6.348350e-01	4.462855e-01
2.844940e+00	-2.550000e-03	4.409959e-01
2.849628e+00	-2.854950e-01	4.380735e-01
2.854316e+00	3.100700e-01	4.434081e-01
2.859005e+00	5.445900e-01	4.529382e-01
2.863693e+00	5.091450e-01	4.628711e-01
2.868381e+00	-6.956000e-02	4.634649e-01
2.873069e+00	3.001650e-01	4.719987e-01
2.877758e+00	3.364350e-01	4.763394e-01
2.882446e+00	8.725500e-02	4.760308e-01
2.887134e+00	2.173150e-01	4.784783e-01
2.891822e+00	4.121000e-02	4.788624e-01
2.896510e+00	2.317950e-01	4.825710e-01
2.901199e+00	-3.076500e-02	4.811692e-01
2.905887e+00	4.513550e-01	4.868402e-01
2.910575e+00	3.408650e-01	4.863285e-01
2.915263e+00	3.359200e-01	4.875570e-01
2.919952e+00	3.549400e-01	4.881689e-01
2.924640e+00	3.524100e-01	4.753970e-01
2.929328e+00	9.464450e-01	4.723560e-01
2.934016e+00	1.026715e+00	4.665821e-01
2.938704e+00	2.204500e-01	4.563491e-01
2.943393e+00	1.157050e+00	4.613849e-01
2.948081e+00	4.467450e-01	4.526065e-01
2.952769e+00	6.077000e-02	4.483472e-01
2.957457e+00	3.008400e-01	4.495163e-01
2.962146e+00	2.763000e-01	4.474873e-01
2.966834e+00	6.855950e-01	4.502027e-01
2.971522e+00	6.447600e-01	4.492376e-01
2.976210e+00	2.478650e-01	4.466913e-01
2.980899e+00	2.997500e-01	4.463536e-01
2.985587e+00	3.316450e-01	4.447799e-01
2.990275e+00	2.850650e-01	4.431078e-01
2.994963e+00	-3.597000e-02	4.402448e-01
2.999651e+00	2.647750e-01	4.422284e-01
3.004340e+00	3.924800e-01	4.435177e-01
3.009028e+00	1.881800e-01	4.409099e-01
3.013716e+00	5.499450e-01	4.432086e-01
3.018404e+00	3.703450e-01	4.411313e-01
3.023093e+00	3.529500e-02	4.375594e-01
3.027781e+00	5.860900e-01	4.413749e-01
3.032469e+00	3.795100e-01	4.399329e-01
3.037157e+00	7.958050e-01	4.425619e-01
3.041846e+00	5.969900e-01	4.409214e-01
3.046534e+00	2.269150e-01	4.366615e-01
3.051222e+00	-2.907100e-01	4.318329e-01
3.055910e+00	3.907300e-01	4.368915e-01
3.060598e+00	-1.202100e-01	4.331007e-01
3.065287e+00	-3.932350e-01	4.295122e-01
3.069975e+00	8.191600e-01	4.393245e-01
3.074663e+00	8.895650e-01	4.397607e-01
3.079351e+00	1.283400e-01	4.326591e-01
3.084040e+00	2.349050e-01	4.329299e-01
3.088728e+00	6.826200e-01	4.363669e-01
3.093416e+00	1.178000e-01	4.314021e-01
3.098104e+00	3.023600e-01	4.322803e-01
3.102793e+00	4.166900e-01	4.333296e-01
3.107481e+00	4.246050e-01	4.331597e-01
3.112169e+00	4.532000e-01	4.325007e-01
3.116857e+00	1.888450e-01	4.299669e-01
3.121545e+00	-7.641500e-02	4.268497e-01
3.126234e+00	-1.356450e-01	4.269443e-01
3.130922e+00	2.795400e-01	4.297601e-01
3.135610e+00	-5.637500e-02	4.264052e-01
3.140298e+00	1.560600e-01	4.275251e-01
3.144987e+00	-2.650350e-01	4.240311e-01
3.149675e+00	5.900750e-01	4.305776e-01
3.154363e+00	8.856300e-01	4.321814e-01
3.159051e+00	2.508750e-01	4.269121e-01
3.163739e+00	1.042035e+00	4.330828e-01
3.168428e+00	1.668850e-01	4.255745e-01
3.173116e+00	8.403500e-02	4.243362e-01
3.177804e+00	2.110750e-01	4.250213e-01
3.182492e+00	5.070050e-01	4.277155e-01
3.187181e+00	-5.172000e-02	4.222980e-01
3.191869e+00	2.824050e-01	4.243866e-01
3.196557e+00	6.260600e-01	4.268149e-01
3.201245e+00	5.663250e-01	4.266443e-01
3.205934e+00	-1.291500e-02	4.212576e-01
3.210622e+00	-1.538100e-01	4.198580e-01
3.215310e+00	-1.386150e-01	4.197088e-01
3.219998e+00	-3.537050e-01	4.169871e-01
3.224686e+00	2.461950e-01	4.214964e-01
3.229375e+00	2.727550e-01	4.202634e-01
3.234063e+00	4.512400e-01	4.214082e-01
3.238751e+00	8.181350e-01	4.245140e-01
3.243439e+00	2.485750e-01	4.189424e-01
3.248128e+00	3.551800e-01	4.194659e-01
3.252816e+00	-1.920800e-01	4.153616e-01
3.257504e+00	2.091400e-01	4.175216e-01
3.262192e+00	3.465000e-03	4.159177e-01
3.266881e+00	9.740100e-01	4.228878e-01
3.271569e+00	4.471550e-01	4.183275e-01
3.276257e+00	8.903500e-02	4.156481e-01
3.280945e+00	-2.448100e-01	4.128814e-01
3.285633e+00	-4.299500e-02	4.149923e-01
3.290322e+00	5.858550e-01	4.201819e-01
3.295010e+00	1.117825e+00	4.240675e-01
3.299698e+00	9.465050e-01	4.221402e-01
3.304386e+00	3.491850e-01	4.169232e-01
3.309075e+00	7.884050e-01	4.203207e-01
3.313763e+00	-1.145400e-01	4.122196e-01
3.318451e+00	2.911500e-02	4.137510e-01
3.323139e+00	8.169100e-01	4.196074e-01
3.327828e+00	6.942450e-01	4.185850e-01
3.332516e+00	3.964250e-01	4.157643e-01
3.337204e+00	1.944200e-01	4.134088e-01
3.341892e+00	7.559000e-02	4.127762e-01
3.346580e+00	7.619700e-01	4.172473e-01
3.351269e+00	7.356400e-01	4.168559e-01
3.355957e+00	6.599150e-01	4.180480e-01
3.360645e+00	8.971400e-01	4.292100e-01
3.365333e+00	6.076800e-01	4.336099e-01
3.370022e+00	-6.993500e-02	4.322719e-01
3.374710e+00	4.324750e-01	4.382896e-01
3.379398e+00	3.519000e-02	4.361698e-01
3.384086e+00	4.820050e-01	4.415128e-01
3.388774e+00	3.114250e-01	4.404162e-01
3.393463e+00	2.648150e-01	4.404484e-01
3.398151e+00	5.995200e-01	4.428565e-01
3.402839e+00	1.006385e+00	4.472023e-01
3.407527e+00	3.612350e-01	4.427609e-01
3.412216e+00	-5.637500e-02	4.406718e-01
3.416904e+00	4.916650e-01	4.454104e-01
3.421592e+00	1.022970e+00	4.506539e-01
3.426280e+00	5.404900e-01	4.474234e-01
3.430969e+00	5.566000e-01	4.485074e-01
3.435657e+00	6.712100e-01	4.500323e-01
3.440345e+00	1.770550e-01	4.463428e-01
3.445033e+00	-1.553900e-01	4.448725e-01
3.449721e+00	1.279200e-01	4.468772e-01
3.454410e+00	4.352750e-01	4.503098e-01
3.459098e+00	4.873300e-01	4.516889e-01
3.463786e+00	-1.479500e-01	4.462100e-01
3.468474e+00	2.492150e-01	4.506108e-01
3.473163e+00	-2.400500e-02	4.489053e-01
3.477851e+00	5.118100e-01	4.536218e-01
3.482539e+00	6.486900e-01	4.558180e-01
3.487227e+00	6.384850e-01	4.556119e-01
3.491916e+00	5.675600e-01	4.567436e-01
3.496604e+00	-4.860000e-02	4.514060e-01
3.501292e+00	4.720950e-01	4.558401e-01
3.505980e+00	-5.365500e-02	4.516152e-01
3.510668e+00	-2.980300e-01	4.503777e-01
3.515357e+00	4.263450e-01	4.573808e-01
3.520045e+00	3.692450e-01	4.568876e-01
3.524733e+00	2.487600e-01	4.563007e-01
3.529421e+00	2.389850e-01	4.564220e-01
3.534110e+00	1.006210e+00	4.634900e-01
3.538798e+00	2.006050e-01	4.570498e-01
3.543486e+00	4.589950e-01	4.598214e-01
3.548174e+00	-1.994650e-01	4.549838e-01
3.552863e+00	7.795500e-01	4.643434e-01
3.557551e+00	3.988000e-01	4.616235e-01
3.562239e+00	2.952350e-01	4.603858e-01
3.566927e+00	7.805350e-01	4.647178e-01
3.571615e+00	1.124340e+00	4.680103e-01
3.576304e+00	6.839500e-01	4.647563e-01
3.580992e+00	3.116200e-01	4.616061e-01
3.585680e+00	5.663300e-01	4.629197e-01
3.590368e+00	4.579600e-01	4.617552e-01
3.595057e+00	6.711300e-01	4.638992e-01
3.599745e+00	-2.540200e-01	4.544822e-01
3.604433e+00	4.151500e-01	4.607217e-01
3.609121e+00	1.894000e-01	4.589860e-01
3.613809e+00	-4.546300e-01	4.527619e-01
3.618498e+00	1.939750e-01	4.585805e-01
3.623186e+00	4.808300e-01	4.612883e-01
3.627874e+00	2.934750e-01	4.602640e-01
3.632562e+00	4.387250e-01	4.621421e-01
3.637251e+00	2.947600e-01	4.617588e-01
3.641939e+00	1.096245e+00	4.689184e-01
3.646627e+00	5.158950e-01	4.633125e-01
3.651315e+00	4.606700e-01	4.631824e-01
3.656004e+00	4.938950e-01	4.651754e-01
3.660692e+00	1.838350e-01	4.712945e-01
3.665380e+00	6.872000e-02	4.856882e-01
3.670068e+00	3.078150e-01	4.957014e-01
3.674756e+00	-7.560000e-02	4.992505e-01
3.679445e+00	7.032550e-01	5.130776e-01
3.684133e+00	1.001625e+00	5.194002e-01
3.688821e+00	7.864900e-01	5.206009e-01
3.693509e+00	3.753550e-01	5.190770e-01
3.698198e+00	7.214400e-01	5.250292e-01
3.702886e+00	3.221300e-01	5.243235e-01
3.707574e+00	5.156150e-01	5.290234e-01
3.712262e+00	-2.612000e-02	5.265417e-01
3.716951e+00	-2.764550e-01	5.263350e-01
3.721639e+00	-2.408000e-01	5.289091e-01
3.726327e+00	8.318100e-01	5.420384e-01
3.731015e+00	1.053500e+00	5.464241e-01
3.735703e+00	7.454000e-01	5.461805e-01
3.740392e+00	-1.732500e-01	5.385651e-01
3.745080e+00	-4.145000e-03	5.430532e-01
3.749768e+00	4.291700e-01	5.497553e-01
3.754456e+00	9.730400e-01	5.581611e-01
3.759145e+00	1.276565e+00	5.637593e-01
3.763833e+00	5.418750e-01	5.577269e-01
3.768521e+00	1.914000e-02	5.533517e-01
3.773209e+00	-2.480000e-01	5.533807e-01
3.777897e+00	-2.597200e-01	5.552179e-01
3.782586e+00	8.865000e-02	5.619531e-01
3.787274e+00	5.150000e-03	5.633227e-01
3.791962e+00	8.996200e-01	5.739846e-01
3.796650e+00	8.223550e-01	5.761257e-01
3.801339e+00	5.278600e-01	5.752515e-01
3.806027e+00	1.572550e-01	5.737848e-01
3.810715e+00	1.418700e-01	5.749093e-01
3.815403e+00	3.110000e-02	5.765544e-01
3.820092e+00	5.833550e-01	5.857011e-01
3.824780e+00	7.247450e-01	5.874416e-01
3.829468e+00	3.560000e-01	5.867613e-01
3.834156e+00	3.584500e-02	5.838130e-01
3.838844e+00	4.419500e-02	5.865193e-01
3.843533e+00	-5.591350e-01	5.817477e-01
3.848221e+00	-2.896300e-01	5.872353e-01
3.852909e+00	3.030800e-01	5.955780e-01
3.857597e+00	4.603000e-02	5.952421e-01
3.862286e+00	-6.460150e-01	5.898228e-01
3.866974e+00	-4.951200e-01	5.935224e-01
3.871662e+00	8.923000e-02	6.011040e-01
3.876350e+00	3.123050e-01	6.059040e-01
3.881039e+00	-2.627900e-01	6.016032e-01
3.885727e+00	7.747500e-02	6.079494e-01
3.890415e+00	3.374500e-01	6.127833e-01
3.895103e+00	6.207950e-01	6.189212e-01
3.899791e+00	4.146550e-01	6.178306e-01
3.904480e+00	-6.043000e-02	6.156949e-01
3.909168e+00	-8.874500e-02	6.165886e-01
3.913856e+00	3.627050e-01	6.254969e-01
3.918544e+00	3.961950e-01	6.284832e-01
3.923233e+00	-1.296900e-01	6.237968e-01
3.927921e+00	-1.988600e-01	6.240085e-01
3.932609e+00	-1.857000e-01	6.266319e-01
3.937297e+00	-6.151300e-01	6.221884e-01
3.941986e+00	4.356100e-01	6.348329e-01
3.946674e+00	3.678600e-01	6.343590e-01
3.951362e+00	4.198000e-01	6.365785e-01
3.956050e+00	6.852850e-01	6.380666e-01
3.960738e+00	1.371750e-01	6.314051e-01
3.965427e+00	7.272250e-01	6.402112e-01
3.970115e+00	1.849400e-01	6.343166e-01
3.974803e+00	6.587500e-02	6.360531e-01
3.979491e+00	5.793000e-02	6.376023e-01
3.984180e+00	-2.053400e-01	6.356173e-01
3.988868e+00	-7.900000e-03	6.426116e-01
3.993556e+00	4.829600e-01	6.499531e-01
3.998244e+00	8.313100e-01	6.549606e-01
4.002932e+00	2.886600e-01	6.508376e-01
4.007621e+00	6.081400e-01	6.582065e-01
4.012309e+00	6.398750e-01	6.590120e-01
4.016997e+00	1.141660e+00	6.673135e-01
4.021685e+00	-1.853700e-01	6.523885e-01
4.026374e+00	-8.527400e-01	6.472231e-01
4.031062e+00	2.211400e-01	6.627934e-01
4.035750e+00	1.290100e+00	6.809302e-01
4.040438e+00	9.481350e-01	6.788551e-01
4.045127e+00	-4.672200e-01	6.607973e-01
4.049815e+00	-2.329850e-01	6.671879e-01
4.054503e+00	3.397150e-01	6.770503e-01
4.059191e+00	4.077850e-01	6.788041e-01
4.063879e+00	4.524000e-02	6.766998e-01
4.068568e+00	4.600950e-01	6.851890e-01
4.073256e+00	9.422200e-01	6.942755e-01
4.077944e+00	7.879750e-01	6.928774e-01
4.082632e+00	-4.322800e-01	6.780958e-01
4.087321e+00	2.792200e-01	6.919458e-01
4.092009e+00	5.418750e-01	6.988663e-01
4.096697e+00	5.242000e-02	6.951665e-01
4.101385e+00	1.319135e+00	7.123697e-01
4.106074e+00	3.359650e-01	7.029688e-01
4.110762e+00	1.714400e-01	7.021871e-01
4.115450e+00	1.075720e+00	7.179665e-01
4.120138e+00	1.251155e+00	7.243998e-01
4.124826e+00	1.230450e-01	7.108284e-01
4.129515e+00	-6.845100e-01	7.033321e-01
4.134203e+00	-6.249700e-01	7.043394e-01
4.138891e+00	1.055930e+00	7.317652e-01
4.143579e+00	2.568450e-01	7.225115e-01
4.148268e+00	-1.615900e-01	7.204121e-01
4.152956e+00	4.378850e-01	7.314269e-01
4.157644e+00	1.128875e+00	7.412458e-01
4.162332e+00	-4.626550e-01	7.228515e-01
4.167021e+00	4.461400e-01	7.393033e-01
4.171709e+00	2.566350e-01	7.375514e-01
4.176397e+00	-8.274700e-01	7.251214e-01
4.181085e+00	2.854850e-01	7.435457e-01
4.185773e+00	6.551700e-01	7.516229e-01
4.190462e+00	4.095450e-01	7.525873e-01
4.195150e+00	5.677000e-01	7.589030e-01
4.199838e+00	8.460950e-01	7.642090e-01
4.204526e+00	1.260900e-01	7.553734e-01
4.209215e+00	-4.787500e-01	7.506794e-01
4.213903e+00	6.845200e-01	7.708745e-01
4.218591e+00	9.473750e-01	7.775092e-01
4.223279e+00	1.423165e+00	7.892855e-01
4.227967e+00	3.531750e-01	7.746622e-01
4.232656e+00	7.743700e-01	7.853738e-01
4.237344e+00	1.160225e+00	7.935804e-01
4.242032e+00	4.455100e-01	7.850164e-01
4.246720e+00	3.018050e-01	7.854698e-01
4.251409e+00	-2.102250e-01	7.820326e-01
4.256097e+00	8.649150e-01	8.054328e-01
4.260785e+00	4.749200e-01	8.004503e-01
4.265473e+00	-1.224450e-01	7.929648e-01
4.270162e+00	3.420650e-01	8.043007e-01
4.274850e+00	1.047970e+00	8.226127e-01
4.279538e+00	1.294600e+00	8.308556e-01
4.284226e+00	1.082410e+00	8.271973e-01
4.288914e+00	6.323650e-01	8.234729e-01
4.293603e+00	7.317850e-01	8.261091e-01
4.298291e+00	-4.391800e-01	8.106996e-01
4.302979e+00	2.745550e-01	8.247479e-01
4.307667e+00	4.813000e-02	8.263239e-01
4.312356e+00	9.759450e-01	8.432975e-01
4.317044e+00	8.045850e-01	8.460548e-01
4.321732e+00	1.309200e+00	8.557574e-01
4.326420e+00	-4.098500e-02	8.397417e-01
4.331109e+00	6.052000e-02	8.460200e-01
4.335797e+00	1.539110e+00	8.712553e-01
4.340485e+00	3.924600e-01	8.589512e-01
4.345173e+00	7.223200e-01	8.667769e-01
4.349861e+00	7.899600e-01	8.739509e-01
4.354550e+00	-1.296300e-01	8.623115e-01
4.359238e+00	-7.940050e-01	8.523768e-01
4.363926e+00	-1.520865e+00	8.441008e-01
4.368614e+00	-4.239350e-01	8.693215e-01
4.373303e+00	-8.664500e-02	8.780592e-01
4.377991e+00	1.272550e-01	8.866227e-01
4.382679e+00	2.409450e-01	8.905164e-01
4.387367e+00	3.254900e-01	8.957515e-01
4.392056e+00	-6.072050e-01	8.849044e-01
4.396744e+00	5.374000e-02	9.017949e-01
4.401432e+00	9.794200e-01	9.229912e-01
4.406120e+00	2.178165e+00	9.459404e-01
4.410808e+00	1.701400e-01	9.126430e-01
4.415497e+00	3.909250e-01	9.165275e-01
4.420185e+00	1.431600e-01	9.108612e-01
4.424873e+00	2.085180e+00	9.458390e-01
4.429561e+00	5.934000e-02	9.124415e-01
4.434250e+00	5.921450e-01	9.239467e-01
4.438938e+00	6.667850e-01	9.245353e-01
4.443626e+00	-2.787950e-01	9.091168e-01
4.448314e+00	-1.782100e-01	9.127015e-01
4.453002e+00	-6.149750e-01	9.089605e-01
4.457691e+00	4.121500e-02	9.266694e-01
4.462379e+00	2.441750e-01	9.359179e-01
4.467067e+00	7.374350e-01	9.473039e-01
4.471755e+00	5.064050e-01	9.494014e-01
4.476444e+00	-6.027550e-01	9.336965e-01
4.481132e+00	-6.862550e-01	9.381979e-01
4.485820e+00	5.228300e-01	9.664876e-01
4.490508e+00	1.880510e+00	9.953492e-01
4.495197e+00	8.739950e-01	9.798465e-01
4.499885e+00	1.246705e+00	9.948110e-01
4.504573e+00	1.786175e+00	1.008923e+00
4.509261e+00	-1.629400e-01	9.775236e-01
4.513949e+00	8.905950e-01	1.004713e+00
4.518638e+00	1.319315e+00	1.018380e+00
4.523326e+00	-3.513000e-01	9.897054e-01
4.528014e+00	1.321840e+00	1.025627e+00
4.532702e+00	1.811165e+00	1.047776e+00
4.537391e+00	1.377405e+00	1.043981e+00
4.542079e+00	7.995450e-01	1.039349e+00
4.546767e+00	1.318925e+00	1.052713e+00
4.551455e+00	5.717250e-01	1.047661e+00
4.556144e+00	2.219350e-01	1.047225e+00
4.560832e+00	1.445105e+00	1.076111e+00
4.565520e+00	1.067455e+00	1.076626e+00
4.570208e+00	3.224600e-01	1.068928e+00
4.574896e+00	-1.836650e-01	1.062543e+00
4.579585e+00	9.317650e-01	1.095906e+00
4.584273e+00	1.129440e+00	1.109217e+00
4.588961e+00	4.803450e-01	1.104110e+00
4.593649e+00	-8.557450e-01	1.077705e+00
4.598338e+00	-7.585350e-01	1.087122e+00
4.603026e+00	-2.354650e-01	1.107812e+00
4.607714e+00	-1.350490e+00	1.093257e+00
4.612402e+00	-4.565650e-01	1.117968e+00
4.617091e+00	9.527000e-02	1.136472e+00
4.621779e+00	7.448100e-01	1.158779e+00
4.626467e+00	6.902000e-02	1.154984e+00
4.631155e+00	7.796750e-01	1.179946e+00
4.635843e+00	9.679300e-01	1.187439e+00
4.640532e+00	-5.142550e-01	1.165608e+00
4.645220e+00	-3.434050e-01	1.181780e+00
4.649908e+00	1.375185e+00	1.232877e+00
4.654596e+00	-4.284550e-01	1.197974e+00
4.659285e+00	-1.429975e+00	1.183117e+00
4.663973e+00	1.808200e-01	1.231319e+00
4.668661e+00	-4.365400e-01	1.226890e+00
4.673349e+00	-5.390000e-03	1.247814e+00
4.678037e+00	-9.835500e-02	1.257904e+00
4.682726e+00	-2.261400e-01	1.262201e+00
4.687414e+00	7.987550e-01	1.300536e+00
4.692102e+00	5.168250e-01	1.303167e+00
4.696790e+00	4.999950e-01	1.318331e+00
4.701479e+00	-1.226725e+00	1.285821e+00
4.706167e+00	1.731700e-01	1.333863e+00
4.710855e+00	8.835600e-01	1.360328e+00
4.715543e+00	1.920645e+00	1.403099e+00
4.720232e+00	2.164870e+00	1.426506e+00
4.724920e+00	-2.727600e-01	1.373078e+00
4.729608e+00	3.563500e-01	1.406437e+00
4.734296e+00	-8.286850e-01	1.384722e+00
4.738984e+00	9.247350e-01	1.450198e+00
4.743673e+00	-3.934400e-01	1.430674e+00
4.748361e+00	5.608000e-02	1.456338e+00
4.753049e+00	2.398050e-01	1.473435e+00
4.757737e+00	-2.728500e-01	1.487208e+00
4.762426e+00	1.246365e+00	1.547663e+00
4.767114e+00	3.068670e+00	1.621377e+00
4.771802e+00	5.158650e-01	1.563544e+00
4.776490e+00	1.233380e+00	1.596528e+00
4.781179e+00	1.820035e+00	1.647184e+00
4.785867e+00	5.185250e-01	1.628962e+00
4.790555e+00	1.023000e-02	1.634679e+00
4.795243e+00	-1.017360e+00	1.621063e+00
4.799931e+00	-9.710000e-03	1.684499e+00
4.804620e+00	2.069500e-01	1.708748e+00
4.809308e+00	-2.327300e+00	1.653862e+00
4.813996e+00	-1.676950e+00	1.705838e+00
4.818684e+00	-6.886000e-02	1.789307e+00
4.823373e+00	-2.632200e-01	1.806840e+00
4.828061e+00	1.231740e+00	1.892218e+00
4.832749e+00	1.202640e+00	1.934627e+00
4.837437e+00	1.318055e+00	1.983996e+00
4.842125e+00	1.506085e+00	2.028005e+00
4.846814e+00	2.125045e+00	2.088947e+00
4.851502e+00	-1.252720e+00	2.002746e+00
4.856190e+00	1.245600e-01	2.092152e+00
4.860878e+00	-8.233100e-01	2.099472e+00
4.865567e+00	6.809850e-01	2.226179e+00
4.870255e+00	-4.474550e-01	2.222631e+00
4.874943e+00	1.103390e+00	2.357929e+00
4.879631e+00	7.050400e-01	2.406441e+00
4.884320e+00	6.250500e-02	2.454493e+00
4.889008e+00	2.011525e+00	2.626301e+00
4.893696e+00	1.874885e+00	2.717114e+00
4.898384e+00	2.055160e+00	2.838634e+00
4.903072e+00	1.088310e+00	2.900870e+00
4.907761e+00	3.191445e+00	3.156901e+00
4.912449e+00	6.612440e+00	4.662979e+00
4.917137e+00	-1.039692e+01	9.567510e+00
