# Sample description: GI
# Parent(s): ../20151214/GI_no_protection/1d/GI_np_030_00022.dat
# No protection
3.200246e-02	2.389230e+01	1.993514e+01
3.669069e-02	5.445010e+01	1.590334e+01
4.137892e-02	1.948674e+02	1.508081e+01
4.606715e-02	2.429136e+02	1.213684e+01
5.075538e-02	2.410224e+02	9.644105e+00
5.544361e-02	2.410929e+02	8.108446e+00
6.013183e-02	2.435220e+02	7.218675e+00
6.482006e-02	2.268537e+02	6.429375e+00
6.950829e-02	2.149260e+02	5.805479e+00
7.419652e-02	2.098706e+02	5.337472e+00
7.888475e-02	2.133937e+02	5.063770e+00
8.357298e-02	2.126050e+02	4.805581e+00
8.826121e-02	2.047463e+02	4.530331e+00
9.294944e-02	1.926364e+02	4.242819e+00
9.763767e-02	2.000181e+02	4.137895e+00
1.023259e-01	1.959749e+02	3.969307e+00
1.070141e-01	1.951896e+02	3.845114e+00
1.117024e-01	1.927229e+02	3.716538e+00
1.163906e-01	1.887654e+02	3.579286e+00
1.210788e-01	1.866542e+02	3.478057e+00
1.257670e-01	1.880967e+02	3.407915e+00
1.304553e-01	1.857116e+02	3.318806e+00
1.351435e-01	1.831565e+02	3.226903e+00
1.398317e-01	1.825750e+02	3.158038e+00
1.445200e-01	1.845563e+02	3.110117e+00
1.492082e-01	1.826361e+02	3.041348e+00
1.538964e-01	1.824934e+02	2.982433e+00
1.585846e-01	1.793229e+02	2.907434e+00
1.632729e-01	1.766779e+02	2.842881e+00
1.679611e-01	1.740090e+02	2.781646e+00
1.726493e-01	1.732247e+02	2.732105e+00
1.773376e-01	1.754751e+02	2.702344e+00
1.820258e-01	1.775146e+02	2.678138e+00
1.867140e-01	1.744126e+02	2.623243e+00
1.914022e-01	1.733162e+02	2.581287e+00
1.960905e-01	1.715404e+02	2.532119e+00
2.007787e-01	1.691714e+02	2.488733e+00
2.054669e-01	1.658025e+02	2.438158e+00
2.101552e-01	1.663702e+02	2.413050e+00
2.148434e-01	1.644298e+02	2.369850e+00
2.195316e-01	1.642925e+02	2.341270e+00
2.242199e-01	1.655077e+02	2.322668e+00
2.289081e-01	1.631998e+02	2.284611e+00
2.335963e-01	1.600739e+02	2.240677e+00
2.382845e-01	1.605508e+02	2.218766e+00
2.429728e-01	1.602928e+02	2.194854e+00
2.476610e-01	1.572834e+02	2.156354e+00
2.523492e-01	1.566714e+02	2.130993e+00
2.570375e-01	1.553650e+02	2.100859e+00
2.617257e-01	1.523819e+02	2.064507e+00
2.664139e-01	1.492754e+02	2.028099e+00
2.711021e-01	1.500580e+02	2.014600e+00
2.757904e-01	1.494097e+02	1.991632e+00
2.804786e-01	1.450016e+02	1.950963e+00
2.851668e-01	1.437194e+02	1.927486e+00
2.898551e-01	1.443715e+02	1.914158e+00
2.945433e-01	1.418750e+02	1.884768e+00
2.992315e-01	1.411887e+02	1.907870e+00
3.039197e-01	1.391855e+02	1.910713e+00
3.086080e-01	1.374508e+02	1.907008e+00
3.132962e-01	1.362944e+02	1.899885e+00
3.179844e-01	1.349320e+02	1.891402e+00
3.226727e-01	1.328379e+02	1.879410e+00
3.273609e-01	1.293077e+02	1.855898e+00
3.320491e-01	1.280523e+02	1.844517e+00
3.367374e-01	1.287647e+02	1.844635e+00
3.414256e-01	1.231993e+02	1.807254e+00
3.461138e-01	1.234159e+02	1.805181e+00
3.508020e-01	1.221993e+02	1.792869e+00
3.554903e-01	1.189334e+02	1.766310e+00
3.601785e-01	1.198747e+02	1.768639e+00
3.648667e-01	1.183653e+02	1.772451e+00
3.695550e-01	1.150860e+02	1.791629e+00
3.742432e-01	1.126077e+02	1.796537e+00
3.789314e-01	1.142376e+02	1.823477e+00
3.836196e-01	1.107713e+02	1.811651e+00
3.883079e-01	1.103427e+02	1.819500e+00
3.929961e-01	1.081787e+02	1.821616e+00
3.976843e-01	1.076180e+02	1.841482e+00
4.023726e-01	1.037244e+02	1.833260e+00
4.070608e-01	1.025375e+02	1.832315e+00
4.117490e-01	1.009133e+02	1.824464e+00
4.164372e-01	9.890206e+01	1.812084e+00
4.211255e-01	9.615726e+01	1.796044e+00
4.258137e-01	9.543008e+01	1.792031e+00
4.305019e-01	9.329848e+01	1.775318e+00
4.351902e-01	9.288994e+01	1.768419e+00
4.398784e-01	9.196811e+01	1.759149e+00
4.445666e-01	8.936188e+01	1.761390e+00
4.492548e-01	8.665816e+01	1.799057e+00
4.539431e-01	8.804164e+01	1.843527e+00
4.586313e-01	8.390866e+01	1.836105e+00
4.633195e-01	8.536352e+01	1.873839e+00
4.680078e-01	8.323821e+01	1.876379e+00
4.726960e-01	7.916823e+01	1.862485e+00
4.773842e-01	8.089531e+01	1.895597e+00
4.820725e-01	8.068108e+01	1.912918e+00
4.867607e-01	7.465606e+01	1.876976e+00
4.914489e-01	7.798200e+01	1.921574e+00
4.961371e-01	7.478731e+01	1.910119e+00
5.008254e-01	7.449193e+01	1.921681e+00
5.055136e-01	7.193637e+01	1.914079e+00
5.102018e-01	7.136889e+01	1.865883e+00
5.148901e-01	6.651763e+01	1.754533e+00
5.195783e-01	6.607586e+01	1.721616e+00
5.242665e-01	6.377943e+01	1.679312e+00
5.289547e-01	6.336482e+01	1.659863e+00
5.336430e-01	6.358119e+01	1.646727e+00
5.383312e-01	6.019128e+01	1.601450e+00
5.430194e-01	5.944461e+01	1.587040e+00
5.477077e-01	5.983196e+01	1.581212e+00
5.523959e-01	5.848764e+01	1.559360e+00
5.570841e-01	6.054659e+01	1.570411e+00
5.617723e-01	5.575327e+01	1.520367e+00
5.664606e-01	5.501168e+01	1.506440e+00
5.711488e-01	5.417408e+01	1.492809e+00
5.758370e-01	5.237928e+01	1.467613e+00
5.805253e-01	5.041599e+01	1.441154e+00
5.852135e-01	4.965866e+01	1.422109e+00
5.899017e-01	4.855560e+01	1.403452e+00
5.945900e-01	4.671121e+01	1.376460e+00
5.992782e-01	4.767890e+01	1.375073e+00
6.039664e-01	4.478827e+01	1.340973e+00
6.086546e-01	4.439651e+01	1.328856e+00
6.133429e-01	4.072311e+01	1.284974e+00
6.180311e-01	4.093290e+01	1.281110e+00
6.227193e-01	4.049697e+01	1.268099e+00
6.274076e-01	3.950355e+01	1.254402e+00
6.320958e-01	3.857228e+01	1.241090e+00
6.367840e-01	3.926449e+01	1.244528e+00
6.414722e-01	3.768602e+01	1.225808e+00
6.461605e-01	3.528294e+01	1.199895e+00
6.508487e-01	3.535220e+01	1.199314e+00
6.555369e-01	3.594700e+01	1.199681e+00
6.602252e-01	3.497198e+01	1.188695e+00
6.649134e-01	3.269071e+01	1.163770e+00
6.696016e-01	3.169751e+01	1.150544e+00
6.742898e-01	3.005227e+01	1.130646e+00
6.789781e-01	3.061574e+01	1.135813e+00
6.836663e-01	2.789168e+01	1.105911e+00
6.883545e-01	2.665945e+01	1.090097e+00
6.930428e-01	2.825570e+01	1.104019e+00
6.977310e-01	2.510381e+01	1.068911e+00
7.024192e-01	2.476025e+01	1.062900e+00
7.071074e-01	2.458443e+01	1.059060e+00
7.117957e-01	2.358423e+01	1.046687e+00
7.164839e-01	2.455624e+01	1.053820e+00
7.211721e-01	2.331011e+01	1.038823e+00
7.258604e-01	2.236287e+01	1.026006e+00
7.305486e-01	2.133380e+01	1.013666e+00
7.352368e-01	2.164876e+01	1.014776e+00
7.399251e-01	2.108792e+01	1.005853e+00
7.446133e-01	1.880962e+01	9.796737e-01
7.493015e-01	1.796580e+01	9.703194e-01
7.539897e-01	1.823340e+01	9.685681e-01
7.586780e-01	1.770388e+01	9.615273e-01
7.633662e-01	1.733864e+01	9.565340e-01
7.680544e-01	1.533854e+01	9.319834e-01
7.727427e-01	1.487351e+01	9.236443e-01
7.774309e-01	1.476817e+01	9.218290e-01
7.821191e-01	1.488467e+01	9.214320e-01
7.868073e-01	1.368592e+01	9.045291e-01
7.914956e-01	1.423034e+01	9.097577e-01
7.961838e-01	1.352497e+01	8.996253e-01
8.008720e-01	1.317320e+01	8.945943e-01
8.055603e-01	1.209000e+01	8.807027e-01
8.102485e-01	1.216629e+01	8.812209e-01
8.149367e-01	1.135004e+01	8.682431e-01
8.196249e-01	1.155371e+01	8.680386e-01
8.243132e-01	1.198741e+01	8.711965e-01
8.290014e-01	1.169154e+01	8.666919e-01
8.336896e-01	1.001118e+01	8.462876e-01
8.383779e-01	1.008803e+01	8.446189e-01
8.430661e-01	9.342775e+00	8.350782e-01
8.477543e-01	1.025413e+01	8.457732e-01
8.524425e-01	1.030091e+01	8.437969e-01
8.571308e-01	8.987925e+00	8.280751e-01
8.618190e-01	7.668720e+00	8.082839e-01
8.665072e-01	8.065870e+00	8.106895e-01
8.711955e-01	6.400790e+00	7.891196e-01
8.758837e-01	6.340525e+00	7.878039e-01
8.805719e-01	7.187630e+00	7.969149e-01
8.852602e-01	6.801790e+00	7.920026e-01
8.899484e-01	7.060530e+00	7.922181e-01
8.946366e-01	6.854975e+00	7.883139e-01
8.993248e-01	6.825385e+00	7.865919e-01
9.040131e-01	5.674865e+00	7.720188e-01
9.087013e-01	6.307585e+00	7.780477e-01
9.133895e-01	6.184760e+00	7.740069e-01
9.180778e-01	6.717665e+00	7.771873e-01
9.227660e-01	5.580910e+00	7.620399e-01
9.274542e-01	4.317620e+00	7.473040e-01
9.321424e-01	4.856900e+00	7.506630e-01
9.368307e-01	4.964095e+00	7.522904e-01
9.415189e-01	4.630465e+00	7.468219e-01
9.462071e-01	4.040650e+00	7.394806e-01
9.508954e-01	5.177605e+00	7.494576e-01
9.555836e-01	4.713445e+00	7.431969e-01
9.602718e-01	3.848260e+00	7.336805e-01
9.649600e-01	2.949495e+00	7.197580e-01
9.696483e-01	2.472335e+00	7.119706e-01
9.743365e-01	3.086855e+00	7.197502e-01
9.790247e-01	3.288375e+00	7.194013e-01
9.837130e-01	3.644445e+00	7.230781e-01
9.884012e-01	3.803195e+00	7.231294e-01
9.930894e-01	4.097120e+00	7.257038e-01
9.977777e-01	3.369835e+00	7.152538e-01
1.002466e+00	2.558035e+00	7.054752e-01
1.007154e+00	2.305940e+00	6.993910e-01
1.011842e+00	2.740745e+00	7.033788e-01
1.016531e+00	2.269920e+00	6.981994e-01
1.021219e+00	2.733760e+00	7.020279e-01
1.025907e+00	2.112495e+00	6.930894e-01
1.030595e+00	2.193250e+00	6.930557e-01
1.035283e+00	3.766300e+00	7.107660e-01
1.039972e+00	2.988210e+00	7.011045e-01
1.044660e+00	1.106985e+00	6.779471e-01
1.049348e+00	2.165530e+00	6.883998e-01
1.054036e+00	2.342965e+00	6.891236e-01
1.058725e+00	1.809805e+00	6.806205e-01
1.063413e+00	1.233840e+00	6.735954e-01
1.068101e+00	1.109710e+00	6.712016e-01
1.072789e+00	1.277285e+00	6.716310e-01
1.077478e+00	1.430515e+00	6.723745e-01
1.082166e+00	1.147835e+00	6.678922e-01
1.086854e+00	9.005300e-01	6.641447e-01
1.091542e+00	1.827795e+00	6.727944e-01
1.096230e+00	1.693725e+00	6.699468e-01
1.100919e+00	1.283435e+00	6.646311e-01
1.105607e+00	1.786915e+00	6.702977e-01
1.110295e+00	1.342470e+00	6.635529e-01
1.114983e+00	1.062300e+00	6.588283e-01
1.119672e+00	2.103085e+00	6.706361e-01
1.124360e+00	2.161525e+00	6.706127e-01
1.129048e+00	1.386570e+00	6.594134e-01
1.133736e+00	1.785600e+00	6.624195e-01
1.138425e+00	6.637250e-01	6.491589e-01
1.143113e+00	2.035305e+00	6.632636e-01
1.147801e+00	2.463995e+00	6.687523e-01
1.152489e+00	1.413415e+00	6.542109e-01
1.157177e+00	1.583205e+00	6.544559e-01
1.161866e+00	1.708760e+00	6.561196e-01
1.166554e+00	1.723800e+00	6.544756e-01
1.171242e+00	1.290395e+00	6.493927e-01
1.175930e+00	8.095100e-01	6.419687e-01
1.180619e+00	1.323760e+00	6.470990e-01
1.185307e+00	2.495430e+00	6.600490e-01
1.189995e+00	1.943760e+00	6.531992e-01
1.194683e+00	1.614860e+00	6.478741e-01
1.199372e+00	2.123190e+00	6.531854e-01
1.204060e+00	6.545150e-01	6.352247e-01
1.208748e+00	1.272675e+00	6.430976e-01
1.213436e+00	1.474580e+00	6.429975e-01
1.218124e+00	1.132405e+00	6.372344e-01
1.222813e+00	1.909750e+00	6.463070e-01
1.227501e+00	7.156350e-01	6.313726e-01
1.232189e+00	1.515655e+00	6.402423e-01
1.236877e+00	2.174685e+00	6.454341e-01
1.241566e+00	2.698845e+00	6.502290e-01
1.246254e+00	1.217835e+00	6.345877e-01
1.250942e+00	1.756000e+00	6.548074e-01
1.255630e+00	1.082480e+00	6.647301e-01
1.260318e+00	1.717420e+00	6.829736e-01
1.265007e+00	8.616000e-01	6.801427e-01
1.269695e+00	1.234420e+00	6.926574e-01
1.274383e+00	1.848250e-01	6.864003e-01
1.279071e+00	1.555425e+00	7.124233e-01
1.283760e+00	2.078825e+00	7.241769e-01
1.288448e+00	1.835335e+00	7.266529e-01
1.293136e+00	1.146815e+00	7.225324e-01
1.297824e+00	1.563670e+00	7.337622e-01
1.302513e+00	1.935240e+00	7.441159e-01
1.307201e+00	1.677490e+00	7.427704e-01
1.311889e+00	1.563435e+00	7.397973e-01
1.316577e+00	1.038515e+00	7.091857e-01
1.321265e+00	1.708670e+00	6.993149e-01
1.325954e+00	1.269055e+00	6.815356e-01
1.330642e+00	3.110500e-01	6.605363e-01
1.335330e+00	8.431450e-01	6.582956e-01
1.340018e+00	1.050145e+00	6.555095e-01
1.344707e+00	2.929650e-01	6.419029e-01
1.349395e+00	9.153500e-01	6.437875e-01
1.354083e+00	1.031950e+00	6.397235e-01
1.358771e+00	1.121620e+00	6.366362e-01
1.363460e+00	1.422680e+00	6.375130e-01
1.368148e+00	1.077470e+00	6.313127e-01
1.372836e+00	1.737770e+00	6.356413e-01
1.377524e+00	1.096990e+00	6.273834e-01
1.382212e+00	1.877605e+00	6.355352e-01
1.386901e+00	8.667700e-01	6.224381e-01
1.391589e+00	1.680610e+00	6.301786e-01
1.396277e+00	1.360345e+00	6.257881e-01
1.400965e+00	1.066665e+00	6.213898e-01
1.405654e+00	3.836600e-01	6.125602e-01
1.410342e+00	8.776450e-01	6.167916e-01
1.415030e+00	6.471650e-01	6.130964e-01
1.419718e+00	6.205200e-01	6.124061e-01
1.424406e+00	1.559585e+00	6.205192e-01
1.429095e+00	1.571645e+00	6.190352e-01
1.433783e+00	1.274775e+00	6.153375e-01
1.438471e+00	1.153800e+00	6.133462e-01
1.443159e+00	1.144110e+00	6.114313e-01
1.447848e+00	1.826075e+00	6.177462e-01
1.452536e+00	1.443610e+00	6.130447e-01
1.457224e+00	1.819040e+00	6.157483e-01
1.461912e+00	1.580675e+00	6.131061e-01
1.466601e+00	1.969310e+00	6.150771e-01
1.471289e+00	7.078500e-01	6.002917e-01
1.475977e+00	1.217905e+00	6.059043e-01
1.480665e+00	1.050280e+00	6.027958e-01
1.485353e+00	9.292450e-01	6.115070e-01
1.490042e+00	1.280385e+00	6.340671e-01
1.494730e+00	2.528550e-01	6.323526e-01
1.499418e+00	1.383795e+00	6.526142e-01
1.504106e+00	1.244580e+00	6.588240e-01
1.508795e+00	3.983200e-01	6.547915e-01
1.513483e+00	4.195700e-01	6.419576e-01
1.518171e+00	1.615050e-01	6.240323e-01
1.522859e+00	7.482800e-01	6.194109e-01
1.527548e+00	1.553105e+00	6.231516e-01
1.532236e+00	9.831400e-01	6.112075e-01
1.536924e+00	8.247450e-01	6.047120e-01
1.541612e+00	1.546940e+00	6.087185e-01
1.546300e+00	3.829650e-01	5.949583e-01
1.550989e+00	5.116300e-01	5.945570e-01
1.555677e+00	-9.310500e-02	5.847757e-01
1.560365e+00	4.310950e-01	5.862269e-01
1.565053e+00	1.081410e+00	5.918746e-01
1.569742e+00	1.034535e+00	5.883016e-01
1.574430e+00	-9.966500e-02	5.743077e-01
1.579118e+00	9.088600e-01	5.860234e-01
1.583806e+00	6.070950e-01	5.833979e-01
1.588495e+00	1.203065e+00	5.911147e-01
1.593183e+00	1.585630e+00	5.955986e-01
1.597871e+00	1.522860e+00	5.936736e-01
1.602559e+00	6.349200e-01	5.834881e-01
1.607247e+00	6.796150e-01	5.830757e-01
1.611936e+00	1.041905e+00	5.861503e-01
1.616624e+00	1.014840e+00	5.835324e-01
1.621312e+00	6.268150e-01	5.793719e-01
1.626000e+00	3.043500e-01	5.746291e-01
1.630689e+00	-2.183500e-02	5.714918e-01
1.635377e+00	6.394100e-01	5.764134e-01
1.640065e+00	6.720050e-01	5.755640e-01
1.644753e+00	2.701750e-01	5.717212e-01
1.649441e+00	4.091000e-01	5.727169e-01
1.654130e+00	4.376350e-01	5.715733e-01
1.658818e+00	5.877350e-01	5.730286e-01
1.663506e+00	1.205325e+00	5.781359e-01
1.668194e+00	8.492450e-01	5.731605e-01
1.672883e+00	4.159600e-01	5.681448e-01
1.677571e+00	2.616150e-01	5.649461e-01
1.682259e+00	-5.706400e-01	5.565123e-01
1.686947e+00	4.860500e-02	5.604391e-01
1.691636e+00	8.440800e-01	5.688642e-01
1.696324e+00	1.629650e-01	5.609998e-01
1.701012e+00	6.995650e-01	5.646121e-01
1.705700e+00	5.091650e-01	5.636830e-01
1.710388e+00	8.463200e-01	5.661600e-01
1.715077e+00	7.312750e-01	5.637587e-01
1.719765e+00	1.337200e-01	5.565793e-01
1.724453e+00	-7.811500e-02	5.543965e-01
1.729141e+00	8.115400e-01	5.630613e-01
1.733830e+00	5.360000e-01	5.576896e-01
1.738518e+00	3.895100e-01	5.560014e-01
1.743206e+00	-3.619700e-01	5.478540e-01
1.747894e+00	-1.423850e-01	5.497622e-01
1.752583e+00	1.161650e-01	5.520327e-01
1.757271e+00	4.542550e-01	5.540760e-01
1.761959e+00	5.088050e-01	5.549855e-01
1.766647e+00	-4.682100e-01	5.434610e-01
1.771335e+00	-2.051150e-01	5.452853e-01
1.776024e+00	2.266950e-01	5.494478e-01
1.780712e+00	6.405750e-01	5.542006e-01
1.785400e+00	8.639550e-01	5.541436e-01
1.790088e+00	1.432960e+00	5.586689e-01
1.794777e+00	3.365000e-01	5.485751e-01
1.799465e+00	-6.514000e-01	5.365557e-01
1.804153e+00	-3.916450e-01	5.382069e-01
1.808841e+00	2.867950e-01	5.448488e-01
1.813530e+00	3.623950e-01	5.447254e-01
1.818218e+00	1.701900e-01	5.420042e-01
1.822906e+00	8.126850e-01	5.490496e-01
1.827594e+00	8.194100e-01	5.481437e-01
1.832282e+00	-3.637500e-01	5.335781e-01
1.836971e+00	-4.698100e-01	5.335123e-01
1.841659e+00	-9.671500e-02	5.362768e-01
1.846347e+00	6.756350e-01	5.440293e-01
1.851035e+00	8.972500e-01	5.444021e-01
1.855724e+00	9.724150e-01	5.454383e-01
1.860412e+00	8.596050e-01	5.440181e-01
1.865100e+00	2.416100e-01	5.366510e-01
1.869788e+00	-3.868050e-01	5.292634e-01
1.874476e+00	4.164250e-01	5.381883e-01
1.879165e+00	7.205800e-01	5.395818e-01
1.883853e+00	7.730000e-01	5.390847e-01
1.888541e+00	6.800400e-01	5.372102e-01
1.893229e+00	2.056250e-01	5.327567e-01
1.897918e+00	-8.585000e-02	5.292596e-01
1.902606e+00	-1.455450e-01	5.277530e-01
1.907294e+00	-1.535900e-01	5.271513e-01
1.911982e+00	1.637350e-01	5.291044e-01
1.916671e+00	4.366500e-02	5.274979e-01
1.921359e+00	2.452850e-01	5.290005e-01
1.926047e+00	3.666650e-01	5.303925e-01
1.930735e+00	6.490500e-02	5.258692e-01
1.935423e+00	-8.229500e-02	5.233646e-01
1.940112e+00	6.799750e-01	5.295563e-01
1.944800e+00	1.073160e+00	5.335426e-01
1.949488e+00	9.398900e-01	5.309441e-01
1.954176e+00	-1.959700e-01	5.190089e-01
1.958865e+00	6.519650e-01	5.246982e-01
1.963553e+00	6.286300e-01	5.248299e-01
1.968241e+00	-3.540000e-03	5.171387e-01
1.972929e+00	-2.075800e-01	5.150354e-01
1.977618e+00	2.915250e-01	5.192849e-01
1.982306e+00	5.347000e-02	5.160404e-01
1.986994e+00	-5.769000e-02	5.148665e-01
1.991682e+00	2.360850e-01	5.182016e-01
1.996370e+00	4.282250e-01	5.189815e-01
2.001059e+00	1.348500e-02	5.171223e-01
2.005747e+00	4.034050e-01	5.199092e-01
2.010435e+00	5.366250e-01	5.205145e-01
2.015123e+00	1.280450e-01	5.161194e-01
2.019812e+00	4.452650e-01	5.189006e-01
2.024500e+00	-1.271100e-01	5.126499e-01
2.029188e+00	1.810000e-02	5.133111e-01
2.033876e+00	-1.254900e-01	5.109829e-01
2.038565e+00	2.000300e-01	5.126691e-01
2.043253e+00	4.239650e-01	5.154757e-01
2.047941e+00	-2.946750e-01	5.088523e-01
2.052629e+00	-5.039400e-01	5.090466e-01
2.057317e+00	-2.326950e-01	5.259115e-01
2.062006e+00	7.781000e-01	5.452743e-01
2.066694e+00	7.501600e-01	5.520872e-01
2.071382e+00	1.137295e+00	5.612239e-01
2.076070e+00	5.415500e-01	5.609597e-01
2.080759e+00	6.079400e-01	5.666336e-01
2.085447e+00	-2.837900e-01	5.599759e-01
2.090135e+00	-6.180600e-01	5.587866e-01
2.094823e+00	5.451550e-01	5.731858e-01
2.099511e+00	-1.481600e-01	5.676157e-01
2.104200e+00	1.746800e-01	5.721772e-01
2.108888e+00	5.989300e-01	5.778078e-01
2.113576e+00	-8.153000e-02	5.717125e-01
2.118264e+00	9.950500e-01	5.778323e-01
2.122953e+00	-7.092000e-02	5.506498e-01
2.127641e+00	-1.859700e-01	5.385996e-01
2.132329e+00	-4.556850e-01	5.307495e-01
2.137017e+00	-2.538500e-02	5.292901e-01
2.141706e+00	3.045250e-01	5.278096e-01
2.146394e+00	1.199350e-01	5.222714e-01
2.151082e+00	-7.054650e-01	5.107239e-01
2.155770e+00	-2.941100e-01	5.126790e-01
2.160458e+00	-8.915250e-01	5.061570e-01
2.165147e+00	1.590700e-01	5.157665e-01
2.169835e+00	9.025000e-02	5.134274e-01
2.174523e+00	5.860900e-01	5.173986e-01
2.179211e+00	1.140150e-01	5.120153e-01
2.183900e+00	2.511550e-01	5.125675e-01
2.188588e+00	6.598500e-01	5.155211e-01
2.193276e+00	3.250200e-01	5.113357e-01
2.197964e+00	6.852950e-01	5.135393e-01
2.202653e+00	3.261950e-01	5.098074e-01
2.207341e+00	-8.938500e-02	5.050413e-01
2.212029e+00	7.060200e-01	5.118522e-01
2.216717e+00	-4.035700e-01	4.999578e-01
2.221405e+00	-3.629000e-01	5.003708e-01
2.226094e+00	1.997400e-01	5.046574e-01
2.230782e+00	5.490050e-01	5.067955e-01
2.235470e+00	7.319500e-01	5.082283e-01
2.240158e+00	-4.980500e-01	4.959438e-01
2.244847e+00	-1.246500e-01	4.988153e-01
2.249535e+00	-5.799000e-02	4.983845e-01
2.254223e+00	6.982350e-01	5.047724e-01
2.258911e+00	2.800150e-01	4.997719e-01
2.263600e+00	7.282900e-01	5.044395e-01
2.268288e+00	6.543200e-01	5.033691e-01
2.272976e+00	4.617500e-02	4.966802e-01
2.277664e+00	1.167950e-01	4.967640e-01
2.282352e+00	2.701600e-01	4.967963e-01
2.287041e+00	3.391000e-02	4.948313e-01
2.291729e+00	3.162500e-02	4.937781e-01
2.296417e+00	-3.490000e-02	4.921815e-01
2.301105e+00	9.897200e-01	5.016428e-01
2.305794e+00	-4.020750e-01	4.873183e-01
2.310482e+00	-1.852350e-01	4.886461e-01
2.315170e+00	6.209150e-01	4.967217e-01
2.319858e+00	1.529690e+00	5.041571e-01
2.324546e+00	1.057500e+00	4.994339e-01
2.329235e+00	6.232650e-01	4.936621e-01
2.333923e+00	-2.105300e-01	4.862563e-01
2.338611e+00	-5.553700e-01	4.823575e-01
2.343299e+00	9.119450e-01	4.962217e-01
2.347988e+00	8.092900e-01	4.928737e-01
2.352676e+00	4.061350e-01	4.893078e-01
2.357364e+00	3.093850e-01	4.880562e-01
2.362052e+00	1.110050e-01	4.856917e-01
2.366741e+00	2.203400e-01	4.874034e-01
2.371429e+00	2.150350e-01	4.860707e-01
2.376117e+00	2.710400e-01	4.860716e-01
2.380805e+00	3.131350e-01	4.859853e-01
2.385493e+00	1.942600e-01	4.841373e-01
2.390182e+00	8.069850e-01	4.897291e-01
2.394870e+00	8.682700e-01	4.899766e-01
2.399558e+00	6.575450e-01	4.869768e-01
2.404246e+00	-1.976200e-01	4.778731e-01
2.408935e+00	-7.585150e-01	4.724393e-01
2.413623e+00	-6.784500e-02	4.791016e-01
2.418311e+00	2.389250e-01	4.808648e-01
2.422999e+00	-1.850100e-01	4.765576e-01
2.427688e+00	-3.585300e-01	4.740032e-01
2.432376e+00	-5.046200e-01	4.726177e-01
2.437064e+00	-3.442150e-01	4.743437e-01
2.441752e+00	4.743400e-01	4.802519e-01
2.446440e+00	5.922600e-01	4.807976e-01
2.451129e+00	5.547400e-01	4.799603e-01
2.455817e+00	1.517700e-01	4.760603e-01
2.460505e+00	5.147600e-01	4.786637e-01
2.465193e+00	1.250200e-01	4.749229e-01
2.469882e+00	1.150850e-01	4.736730e-01
2.474570e+00	3.471550e-01	4.756827e-01
2.479258e+00	1.092000e-01	4.732312e-01
2.483946e+00	4.934500e-02	4.722680e-01
2.488634e+00	7.376000e-02	4.718135e-01
2.493323e+00	5.688850e-01	4.760769e-01
2.498011e+00	1.423600e-01	4.723894e-01
2.502699e+00	9.384500e-02	4.705782e-01
2.507387e+00	5.554600e-01	4.750711e-01
2.512076e+00	3.491400e-01	4.727121e-01
2.516764e+00	2.822600e-01	4.712847e-01
2.521452e+00	-1.103600e-01	4.670977e-01
2.526140e+00	-5.861600e-01	4.621155e-01
2.530829e+00	-3.816250e-01	4.635648e-01
2.535517e+00	5.334050e-01	4.710945e-01
2.540205e+00	5.373000e-02	4.653202e-01
2.544893e+00	-3.286050e-01	4.617586e-01
2.549581e+00	-3.148900e-01	4.604712e-01
2.554270e+00	-1.986000e-02	4.626195e-01
2.558958e+00	1.082670e+00	4.725505e-01
2.563646e+00	6.598200e-01	4.680830e-01
2.568334e+00	1.013190e+00	4.710249e-01
2.573023e+00	3.037000e-01	4.641432e-01
2.577711e+00	-2.171600e-01	4.581342e-01
2.582399e+00	3.660500e-02	4.602893e-01
2.587087e+00	2.581300e-01	4.621779e-01
2.591776e+00	3.633650e-01	4.635289e-01
2.596464e+00	-4.000000e-04	4.602272e-01
2.601152e+00	6.109400e-01	4.650793e-01
2.605840e+00	1.152850e-01	4.612834e-01
2.610528e+00	-8.626500e-01	4.512809e-01
2.615217e+00	-3.100400e-01	4.564288e-01
2.619905e+00	-6.120150e-01	4.535051e-01
2.624593e+00	1.137800e-01	4.586918e-01
2.629281e+00	-2.524000e-02	4.580298e-01
2.633970e+00	3.185000e-02	4.572029e-01
2.638658e+00	-2.195400e-01	4.548441e-01
2.643346e+00	1.301000e-02	4.569219e-01
2.648034e+00	4.438100e-01	4.605469e-01
2.652723e+00	-1.877500e-02	4.562671e-01
2.657411e+00	-2.487650e-01	4.531406e-01
2.662099e+00	3.394850e-01	4.580336e-01
2.666787e+00	8.612750e-01	4.616716e-01
2.671475e+00	7.569300e-01	4.610044e-01
2.676164e+00	7.469800e-01	4.605780e-01
2.680852e+00	1.058900e-01	4.550083e-01
2.685540e+00	8.940000e-02	4.541398e-01
2.690228e+00	6.264450e-01	4.587098e-01
2.694917e+00	1.596550e-01	4.539133e-01
2.699605e+00	4.123300e-01	4.557202e-01
2.704293e+00	2.480800e-01	4.538925e-01
2.708981e+00	2.683500e-02	4.509429e-01
2.713669e+00	-3.259650e-01	4.479947e-01
2.718358e+00	7.679050e-01	4.568963e-01
2.723046e+00	2.498950e-01	4.521609e-01
2.727734e+00	9.965000e-03	4.496453e-01
2.732422e+00	3.580200e-01	4.520123e-01
2.737111e+00	-4.295350e-01	4.443447e-01
2.741799e+00	-5.072350e-01	4.441659e-01
2.746487e+00	-2.470150e-01	4.456267e-01
2.751175e+00	-2.700650e-01	4.451042e-01
2.755864e+00	-1.589750e-01	4.451313e-01
2.760552e+00	8.554350e-01	4.540162e-01
2.765240e+00	-6.598000e-02	4.457022e-01
2.769928e+00	-1.236600e-01	4.452926e-01
2.774616e+00	-1.036995e+00	4.366445e-01
2.779305e+00	-4.647500e-02	4.448515e-01
2.783993e+00	-4.493500e-02	4.442889e-01
2.788681e+00	3.483950e-01	4.470675e-01
2.793369e+00	3.203550e-01	4.470452e-01
2.798058e+00	4.835000e-03	4.439782e-01
2.802746e+00	1.291000e-02	4.438250e-01
2.807434e+00	-6.339500e-02	4.424714e-01
2.812122e+00	1.050350e-01	4.439009e-01
2.816811e+00	7.110500e-02	4.430785e-01
2.821499e+00	-4.351200e-01	4.384261e-01
2.826187e+00	3.974500e-02	4.420724e-01
2.830875e+00	2.499400e-01	4.430286e-01
2.835563e+00	2.964900e-01	4.435246e-01
2.840252e+00	2.758450e-01	4.424518e-01
2.844940e+00	-7.670000e-03	4.402418e-01
2.849628e+00	4.791050e-01	4.440351e-01
2.854316e+00	-6.441000e-02	4.394373e-01
2.859005e+00	1.112800e-01	4.483924e-01
2.863693e+00	-2.220550e-01	4.555242e-01
2.868381e+00	1.693400e-01	4.649100e-01
2.873069e+00	6.883750e-01	4.748058e-01
2.877758e+00	-6.047250e-01	4.667403e-01
2.882446e+00	2.307350e-01	4.766147e-01
2.887134e+00	1.279250e-01	4.768646e-01
2.891822e+00	-2.118100e-01	4.756870e-01
2.896510e+00	1.928650e-01	4.814263e-01
2.901199e+00	-1.497250e-01	4.792598e-01
2.905887e+00	3.992500e-02	4.821453e-01
2.910575e+00	6.380350e-01	4.883673e-01
2.915263e+00	4.058100e-01	4.874386e-01
2.919952e+00	1.846700e-01	4.857554e-01
2.924640e+00	2.345400e-01	4.735371e-01
2.929328e+00	1.746750e-01	4.645888e-01
2.934016e+00	3.223450e-01	4.595083e-01
2.938704e+00	2.579000e-02	4.538691e-01
2.943393e+00	-2.838200e-01	4.478916e-01
2.948081e+00	-3.343950e-01	4.449296e-01
2.952769e+00	8.499100e-01	4.545691e-01
2.957457e+00	-1.981000e-02	4.459600e-01
2.962146e+00	1.540900e-01	4.456894e-01
2.966834e+00	3.492950e-01	4.465329e-01
2.971522e+00	4.757800e-01	4.470399e-01
2.976210e+00	7.681850e-01	4.504957e-01
2.980899e+00	4.557000e-01	4.469925e-01
2.985587e+00	8.519850e-01	4.485781e-01
2.990275e+00	1.371750e-01	4.411027e-01
2.994963e+00	2.867300e-01	4.423551e-01
2.999651e+00	3.809550e-01	4.425262e-01
3.004340e+00	-2.304000e-01	4.373839e-01
3.009028e+00	-3.138300e-01	4.358224e-01
3.013716e+00	1.034550e-01	4.386327e-01
3.018404e+00	6.279950e-01	4.426405e-01
3.023093e+00	5.082150e-01	4.409424e-01
3.027781e+00	-1.591000e-02	4.354649e-01
3.032469e+00	-1.935800e-01	4.342699e-01
3.037157e+00	2.406550e-01	4.370891e-01
3.041846e+00	1.650700e-01	4.365082e-01
3.046534e+00	1.433750e-01	4.352397e-01
3.051222e+00	-1.036000e-01	4.327608e-01
3.055910e+00	1.641300e-01	4.342422e-01
3.060598e+00	7.756000e-02	4.341056e-01
3.065287e+00	-1.466500e-02	4.320934e-01
3.069975e+00	1.820700e-01	4.331902e-01
3.074663e+00	5.814550e-01	4.364437e-01
3.079351e+00	-2.621000e-02	4.306377e-01
3.084040e+00	-1.054750e-01	4.293170e-01
3.088728e+00	-3.224500e-01	4.270793e-01
3.093416e+00	-3.577300e-01	4.266248e-01
3.098104e+00	3.545400e-01	4.320289e-01
3.102793e+00	7.295000e-01	4.352746e-01
3.107481e+00	2.362250e-01	4.308662e-01
3.112169e+00	1.549100e-01	4.292748e-01
3.116857e+00	1.137750e-01	4.286375e-01
3.121545e+00	2.583550e-01	4.290106e-01
3.126234e+00	-1.095500e-02	4.273185e-01
3.130922e+00	3.818600e-01	4.299325e-01
3.135610e+00	8.154500e-02	4.268902e-01
3.140298e+00	4.727900e-01	4.295121e-01
3.144987e+00	8.784500e-02	4.263475e-01
3.149675e+00	3.785500e-02	4.252353e-01
3.154363e+00	3.171000e-02	4.243127e-01
3.159051e+00	7.005000e-03	4.241682e-01
3.163739e+00	4.020350e-01	4.270530e-01
3.168428e+00	6.622050e-01	4.290385e-01
3.173116e+00	6.066450e-01	4.280364e-01
3.177804e+00	1.570350e-01	4.238834e-01
3.182492e+00	-3.235750e-01	4.200511e-01
3.187181e+00	3.223500e-01	4.247585e-01
3.191869e+00	4.592550e-01	4.251816e-01
3.196557e+00	-6.314100e-01	4.155514e-01
3.201245e+00	1.554450e-01	4.225353e-01
3.205934e+00	3.663350e-01	4.237497e-01
3.210622e+00	2.313300e-01	4.224080e-01
3.215310e+00	6.350050e-01	4.254772e-01
3.219998e+00	2.761050e-01	4.215911e-01
3.224686e+00	1.508350e-01	4.200251e-01
3.229375e+00	6.538500e-02	4.178619e-01
3.234063e+00	1.666500e-01	4.183727e-01
3.238751e+00	2.682750e-01	4.193052e-01
3.243439e+00	-6.832500e-02	4.156354e-01
3.248128e+00	-6.365100e-01	4.105170e-01
3.252816e+00	-5.777200e-01	4.114686e-01
3.257504e+00	3.063600e-01	4.176533e-01
3.262192e+00	-4.495450e-01	4.114753e-01
3.266881e+00	3.376900e-01	4.169936e-01
3.271569e+00	5.666650e-01	4.186357e-01
3.276257e+00	-5.219250e-01	4.099011e-01
3.280945e+00	-1.864300e-01	4.127026e-01
3.285633e+00	5.656950e-01	4.193359e-01
3.290322e+00	2.174350e-01	4.164819e-01
3.295010e+00	2.816250e-01	4.165653e-01
3.299698e+00	1.945050e-01	4.153139e-01
3.304386e+00	1.626550e-01	4.147195e-01
3.309075e+00	-2.450950e-01	4.111590e-01
3.313763e+00	-2.179200e-01	4.107003e-01
3.318451e+00	9.077500e-02	4.135927e-01
3.323139e+00	-8.325000e-02	4.115730e-01
3.327828e+00	-4.115050e-01	4.088448e-01
3.332516e+00	2.609950e-01	4.139894e-01
3.337204e+00	8.099700e-01	4.177527e-01
3.341892e+00	-4.820000e-03	4.114531e-01
3.346580e+00	-4.862500e-01	4.063506e-01
3.351269e+00	-2.236700e-01	4.083549e-01
3.355957e+00	1.175550e-01	4.129691e-01
3.360645e+00	-5.187000e-02	4.206061e-01
3.365333e+00	1.632100e-01	4.291453e-01
3.370022e+00	3.741500e-02	4.325044e-01
3.374710e+00	1.126250e-01	4.348197e-01
3.379398e+00	2.631000e-01	4.374519e-01
3.384086e+00	-1.104500e-02	4.365050e-01
3.388774e+00	-4.497550e-01	4.330232e-01
3.393463e+00	-1.803750e-01	4.358496e-01
3.398151e+00	3.989900e-01	4.404021e-01
3.402839e+00	6.299750e-01	4.432250e-01
3.407527e+00	8.817750e-01	4.465793e-01
3.412216e+00	3.059450e-01	4.431483e-01
3.416904e+00	6.028500e-02	4.408978e-01
3.421592e+00	3.181400e-01	4.437592e-01
3.426280e+00	8.496000e-02	4.426837e-01
3.430969e+00	5.678800e-01	4.478850e-01
3.435657e+00	3.199900e-01	4.462088e-01
3.440345e+00	-5.978750e-01	4.386817e-01
3.445033e+00	-1.174200e-01	4.444965e-01
3.449721e+00	6.630400e-01	4.509147e-01
3.454410e+00	5.608500e-02	4.462025e-01
3.459098e+00	-5.653000e-02	4.461046e-01
3.463786e+00	6.427400e-01	4.525646e-01
3.468474e+00	7.211650e-01	4.540907e-01
3.473163e+00	1.084585e+00	4.580561e-01
3.477851e+00	8.755500e-01	4.561295e-01
3.482539e+00	3.537800e-01	4.524472e-01
3.487227e+00	4.806500e-02	4.495740e-01
3.491916e+00	-1.020000e-02	4.508189e-01
3.496604e+00	8.614000e-02	4.518984e-01
3.501292e+00	4.383450e-01	4.548033e-01
3.505980e+00	-1.321450e-01	4.501749e-01
3.510668e+00	7.385000e-02	4.530367e-01
3.515357e+00	-4.662750e-01	4.485326e-01
3.520045e+00	-1.825550e-01	4.511383e-01
3.524733e+00	-2.864900e-01	4.506888e-01
3.529421e+00	-3.993500e-02	4.531489e-01
3.534110e+00	-1.979400e-01	4.518304e-01
3.538798e+00	2.908250e-01	4.571345e-01
3.543486e+00	-5.250050e-01	4.500804e-01
3.548174e+00	2.893250e-01	4.587125e-01
3.552863e+00	2.160200e-01	4.584967e-01
3.557551e+00	-2.052000e-02	4.570633e-01
3.562239e+00	-4.488350e-01	4.528184e-01
3.566927e+00	-9.122850e-01	4.484131e-01
3.571615e+00	-6.074000e-01	4.514295e-01
3.576304e+00	-1.164200e-01	4.566990e-01
3.580992e+00	1.515900e-01	4.593994e-01
3.585680e+00	1.196800e-01	4.580935e-01
3.590368e+00	-3.634000e-02	4.564904e-01
3.595057e+00	2.922400e-01	4.597129e-01
3.599745e+00	4.008300e-01	4.597472e-01
3.604433e+00	2.355700e-01	4.583468e-01
3.609121e+00	3.552600e-01	4.597601e-01
3.613809e+00	7.489300e-01	4.630472e-01
3.618498e+00	6.864250e-01	4.623289e-01
3.623186e+00	9.799400e-01	4.650727e-01
3.627874e+00	9.663450e-01	4.656363e-01
3.632562e+00	1.222950e-01	4.585045e-01
3.637251e+00	-1.487500e-01	4.569455e-01
3.641939e+00	7.391450e-01	4.649359e-01
3.646627e+00	-3.488150e-01	4.546041e-01
3.651315e+00	-2.518000e-01	4.558780e-01
3.656004e+00	-3.965350e-01	4.562338e-01
3.660692e+00	3.684850e-01	4.722471e-01
3.665380e+00	-4.166200e-01	4.801943e-01
3.670068e+00	-1.435650e-01	4.904614e-01
3.674756e+00	-3.593200e-01	4.955916e-01
3.679445e+00	2.643500e-02	5.054376e-01
3.684133e+00	3.958650e-01	5.124617e-01
3.688821e+00	-3.675800e-01	5.079549e-01
3.693509e+00	-5.186500e-02	5.138373e-01
3.698198e+00	-6.623000e-01	5.097886e-01
3.702886e+00	-1.838300e-01	5.181980e-01
3.707574e+00	8.225000e-03	5.228698e-01
3.712262e+00	-9.044000e-02	5.250154e-01
3.716951e+00	3.750250e-01	5.323868e-01
3.721639e+00	3.350400e-01	5.341888e-01
3.726327e+00	-1.895800e-01	5.302889e-01
3.731015e+00	2.214100e-01	5.366909e-01
3.735703e+00	4.420100e-01	5.420607e-01
3.740392e+00	-8.024200e-01	5.307983e-01
3.745080e+00	5.896150e-01	5.486119e-01
3.749768e+00	9.343200e-01	5.543279e-01
3.754456e+00	5.725800e-01	5.529289e-01
3.759145e+00	-4.481650e-01	5.439737e-01
3.763833e+00	1.469150e-01	5.524817e-01
3.768521e+00	-3.979000e-02	5.518047e-01
3.773209e+00	-1.349700e-01	5.537584e-01
3.777897e+00	3.502700e-01	5.611634e-01
3.782586e+00	7.705000e-02	5.609188e-01
3.787274e+00	7.273800e-01	5.705121e-01
3.791962e+00	2.011300e-01	5.652085e-01
3.796650e+00	-2.214750e-01	5.633777e-01
3.801339e+00	3.043100e-01	5.717921e-01
3.806027e+00	6.947050e-01	5.789688e-01
3.810715e+00	7.117100e-01	5.804932e-01
3.815403e+00	-7.672900e-01	5.663401e-01
3.820092e+00	-8.861500e-02	5.770188e-01
3.824780e+00	-2.354850e-01	5.753558e-01
3.829468e+00	-3.574800e-01	5.774886e-01
3.834156e+00	2.133050e-01	5.849522e-01
3.838844e+00	2.491950e-01	5.879825e-01
3.843533e+00	-5.183250e-01	5.812992e-01
3.848221e+00	2.364600e-01	5.925273e-01
3.852909e+00	6.316000e-02	5.917733e-01
3.857597e+00	-5.268000e-02	5.931061e-01
3.862286e+00	-1.280650e-01	5.951202e-01
3.866974e+00	-8.382000e-02	5.975371e-01
3.871662e+00	2.233500e-01	6.017537e-01
3.876350e+00	-4.156050e-01	5.960843e-01
3.881039e+00	1.066800e-01	6.051360e-01
3.885727e+00	6.745850e-01	6.142038e-01
3.890415e+00	3.705400e-01	6.122002e-01
3.895103e+00	1.238450e-01	6.118640e-01
3.899791e+00	-1.211450e-01	6.102419e-01
3.904480e+00	5.540000e-02	6.161360e-01
3.909168e+00	1.647450e-01	6.187421e-01
3.913856e+00	-5.075500e-02	6.193627e-01
3.918544e+00	7.474500e-02	6.234817e-01
3.923233e+00	1.482200e-01	6.262735e-01
3.927921e+00	4.804900e-01	6.315324e-01
3.932609e+00	1.864100e-01	6.303213e-01
3.937297e+00	5.105000e-02	6.296619e-01
3.941986e+00	9.850000e-02	6.295550e-01
3.946674e+00	2.850500e-01	6.322926e-01
3.951362e+00	6.402900e-01	6.383180e-01
3.956050e+00	4.398750e-01	6.339676e-01
3.960738e+00	9.586450e-01	6.406679e-01
3.965427e+00	1.040125e+00	6.430711e-01
3.970115e+00	6.294000e-01	6.389002e-01
3.974803e+00	7.645450e-01	6.438494e-01
3.979491e+00	-2.958100e-01	6.320502e-01
3.984180e+00	1.583700e-01	6.392614e-01
3.988868e+00	4.129400e-01	6.469514e-01
3.993556e+00	-4.738000e-02	6.421036e-01
3.998244e+00	2.285000e-01	6.461745e-01
4.002932e+00	-3.369900e-01	6.416565e-01
4.007621e+00	8.096100e-01	6.597332e-01
4.012309e+00	3.211850e-01	6.538178e-01
4.016997e+00	-5.308400e-01	6.443780e-01
4.021685e+00	-4.287100e-01	6.481087e-01
4.026374e+00	-3.739800e-01	6.525841e-01
4.031062e+00	3.000000e-02	6.591972e-01
4.035750e+00	6.930900e-01	6.720609e-01
4.040438e+00	1.065435e+00	6.792946e-01
4.045127e+00	1.363920e+00	6.840533e-01
4.049815e+00	9.136850e-01	6.814053e-01
4.054503e+00	5.464150e-01	6.787215e-01
4.059191e+00	7.352550e-01	6.820993e-01
4.063879e+00	4.086700e-01	6.805273e-01
4.068568e+00	2.897050e-01	6.817826e-01
4.073256e+00	-2.654000e-02	6.800378e-01
4.077944e+00	-2.945850e-01	6.769489e-01
4.082632e+00	5.482400e-01	6.905276e-01
4.087321e+00	1.007000e-01	6.883744e-01
4.092009e+00	1.093050e-01	6.917881e-01
4.096697e+00	3.964000e-02	6.938709e-01
4.101385e+00	8.322550e-01	7.045538e-01
4.106074e+00	4.478150e-01	7.033928e-01
4.110762e+00	1.610380e+00	7.209659e-01
4.115450e+00	5.450200e-01	7.094389e-01
4.120138e+00	-2.777150e-01	7.018278e-01
4.124826e+00	-8.185150e-01	6.962257e-01
4.129515e+00	3.029000e-01	7.162928e-01
4.134203e+00	-4.408600e-01	7.058709e-01
4.138891e+00	2.012500e-01	7.184750e-01
4.143579e+00	8.098750e-01	7.292355e-01
4.148268e+00	2.182000e-02	7.219055e-01
4.152956e+00	8.653950e-01	7.363690e-01
4.157644e+00	3.751050e-01	7.292072e-01
4.162332e+00	-5.913950e-01	7.197863e-01
4.167021e+00	5.177500e-01	7.391542e-01
4.171709e+00	1.530550e-01	7.348429e-01
4.176397e+00	4.362400e-01	7.427208e-01
4.181085e+00	7.368150e-01	7.489903e-01
4.185773e+00	2.328600e-01	7.441658e-01
4.190462e+00	-7.851050e-01	7.334488e-01
4.195150e+00	-7.212200e-01	7.382919e-01
4.199838e+00	-5.917850e-01	7.413465e-01
4.204526e+00	3.896500e-01	7.581300e-01
4.209215e+00	1.356340e+00	7.770798e-01
4.213903e+00	-5.713000e-02	7.584018e-01
4.218591e+00	2.342650e-01	7.654708e-01
4.223279e+00	9.477350e-01	7.808921e-01
4.227967e+00	1.179825e+00	7.859732e-01
4.232656e+00	5.890400e-01	7.812836e-01
4.237344e+00	-1.611550e-01	7.719737e-01
4.242032e+00	1.665800e-01	7.794253e-01
4.246720e+00	-1.017165e+00	7.633712e-01
4.251409e+00	-9.362500e-02	7.826134e-01
4.256097e+00	-5.149350e-01	7.825303e-01
4.260785e+00	-3.983800e-01	7.853584e-01
4.265473e+00	6.956450e-01	8.046555e-01
4.270162e+00	-3.161250e-01	7.924644e-01
4.274850e+00	-3.515800e-01	7.988961e-01
4.279538e+00	3.539200e-01	8.145525e-01
4.284226e+00	6.697600e-01	8.193075e-01
4.288914e+00	2.790750e-01	8.164745e-01
4.293603e+00	3.268150e-01	8.182388e-01
4.298291e+00	2.848400e-01	8.212830e-01
4.302979e+00	1.468515e+00	8.427627e-01
4.307667e+00	3.577700e-01	8.300884e-01
4.312356e+00	1.322500e-02	8.260869e-01
4.317044e+00	1.288150e-01	8.335403e-01
4.321732e+00	7.817800e-01	8.457111e-01
4.326420e+00	-2.063150e-01	8.356064e-01
4.331109e+00	-6.809800e-01	8.320834e-01
4.335797e+00	8.590600e-01	8.585634e-01
4.340485e+00	1.006380e+00	8.678904e-01
4.345173e+00	1.709900e-01	8.560205e-01
4.349861e+00	-3.112100e-01	8.537406e-01
4.354550e+00	-1.665000e-02	8.628744e-01
4.359238e+00	8.348650e-01	8.792718e-01
4.363926e+00	-1.057255e+00	8.510382e-01
4.368614e+00	-1.300235e+00	8.523431e-01
4.373303e+00	1.785550e-01	8.813051e-01
4.377991e+00	6.136050e-01	8.937180e-01
4.382679e+00	6.885650e-01	8.969696e-01
4.387367e+00	-1.036300e-01	8.866542e-01
4.392056e+00	9.922750e-01	9.120581e-01
4.396744e+00	-2.461400e-01	8.949342e-01
4.401432e+00	5.214200e-01	9.133238e-01
4.406120e+00	7.350750e-01	9.188881e-01
4.410808e+00	7.081800e-01	9.208693e-01
4.415497e+00	1.450250e-01	9.106008e-01
4.420185e+00	2.045000e-02	9.071608e-01
4.424873e+00	-1.318000e-02	9.067433e-01
4.429561e+00	5.557000e-01	9.199714e-01
4.434250e+00	1.870525e+00	9.452099e-01
4.438938e+00	1.129075e+00	9.313463e-01
4.443626e+00	8.449500e-02	9.142993e-01
4.448314e+00	1.437180e+00	9.404445e-01
4.453002e+00	1.383755e+00	9.439939e-01
4.457691e+00	6.633050e-01	9.365904e-01
4.462379e+00	-1.660455e+00	8.985664e-01
4.467067e+00	-6.574250e-01	9.197220e-01
4.471755e+00	-1.056575e+00	9.183864e-01
4.476444e+00	4.177250e-01	9.514702e-01
4.481132e+00	-1.881150e-01	9.462012e-01
4.485820e+00	1.400790e+00	9.813259e-01
4.490508e+00	2.314000e-01	9.627908e-01
4.495197e+00	1.233585e+00	9.850690e-01
4.499885e+00	4.202500e-02	9.701851e-01
4.504573e+00	4.322550e-01	9.814730e-01
4.509261e+00	-5.627700e-01	9.680616e-01
4.513949e+00	-2.318250e-01	9.811522e-01
4.518638e+00	-3.231550e-01	9.845423e-01
4.523326e+00	1.217540e+00	1.019130e+00
4.528014e+00	1.355490e+00	1.024636e+00
4.532702e+00	9.013450e-01	1.028279e+00
4.537391e+00	1.419135e+00	1.043123e+00
4.542079e+00	1.302035e+00	1.047695e+00
4.546767e+00	4.601750e-01	1.033687e+00
4.551455e+00	7.553500e-02	1.035825e+00
4.556144e+00	1.043665e+00	1.062346e+00
4.560832e+00	1.400295e+00	1.073469e+00
4.565520e+00	-3.483650e-01	1.045391e+00
4.570208e+00	2.554300e-01	1.065803e+00
4.574896e+00	-9.777150e-01	1.043732e+00
4.579585e+00	-5.854850e-01	1.061830e+00
4.584273e+00	-9.734000e-02	1.081362e+00
4.588961e+00	-4.670500e-02	1.091008e+00
4.593649e+00	-9.490250e-01	1.073899e+00
4.598338e+00	-1.731450e-01	1.098354e+00
4.603026e+00	-7.584250e-01	1.094365e+00
4.607714e+00	1.034460e+00	1.144576e+00
4.612402e+00	6.633650e-01	1.141204e+00
4.617091e+00	1.318130e+00	1.161896e+00
4.621779e+00	1.972830e+00	1.184154e+00
4.626467e+00	-1.112400e-01	1.149001e+00
4.631155e+00	-4.840450e-01	1.149010e+00
4.635843e+00	-2.345480e+00	1.107094e+00
4.640532e+00	-7.423150e-01	1.158322e+00
4.645220e+00	-1.324950e-01	1.184870e+00
4.649908e+00	1.423765e+00	1.232014e+00
4.654596e+00	1.271255e+00	1.236393e+00
4.659285e+00	-1.760050e-01	1.211954e+00
4.663973e+00	1.521520e+00	1.261430e+00
4.668661e+00	1.631780e+00	1.275084e+00
4.673349e+00	5.261500e-01	1.258890e+00
4.678037e+00	8.980250e-01	1.280516e+00
4.682726e+00	-5.099300e-01	1.252966e+00
4.687414e+00	-6.434650e-01	1.261869e+00
4.692102e+00	-1.216415e+00	1.256258e+00
4.696790e+00	-1.832850e-01	1.298618e+00
4.701479e+00	3.079895e+00	1.394031e+00
4.706167e+00	7.538400e-01	1.346864e+00
4.710855e+00	-9.166100e-01	1.310075e+00
4.715543e+00	-4.460450e-01	1.338074e+00
4.720232e+00	-9.865600e-01	1.339741e+00
4.724920e+00	-2.167740e+00	1.317594e+00
4.729608e+00	7.225100e-01	1.414200e+00
4.734296e+00	4.409150e-01	1.418229e+00
4.738984e+00	-1.913275e+00	1.366673e+00
4.743673e+00	-2.514700e-01	1.432457e+00
4.748361e+00	-4.720600e-01	1.438629e+00
4.753049e+00	2.941550e-01	1.472655e+00
4.757737e+00	-7.909700e-01	1.469357e+00
4.762426e+00	-8.676750e-01	1.482150e+00
4.767114e+00	2.010200e-01	1.534644e+00
4.771802e+00	2.749545e+00	1.627500e+00
4.776490e+00	8.912300e-01	1.583480e+00
4.781179e+00	-2.571650e-01	1.580191e+00
4.785867e+00	-2.528805e+00	1.527152e+00
4.790555e+00	1.825300e-01	1.637611e+00
4.795243e+00	1.265530e+00	1.693285e+00
4.799931e+00	-1.753970e+00	1.622814e+00
4.804620e+00	3.829500e-01	1.711932e+00
4.809308e+00	2.205050e+00	1.806936e+00
4.813996e+00	2.575000e+00	1.849849e+00
4.818684e+00	-4.372000e-02	1.787320e+00
4.823373e+00	-5.817000e-02	1.811375e+00
4.828061e+00	-2.067140e+00	1.766553e+00
4.832749e+00	1.243870e+00	1.933016e+00
4.837437e+00	1.004555e+00	1.969193e+00
4.842125e+00	2.511785e+00	2.062200e+00
4.846814e+00	1.596705e+00	2.065415e+00
4.851502e+00	5.020000e-03	2.050833e+00
4.856190e+00	2.648500e+00	2.190722e+00
4.860878e+00	1.603460e+00	2.198381e+00
4.865567e+00	-4.569950e-01	2.173452e+00
4.870255e+00	2.157825e+00	2.333388e+00
4.874943e+00	2.783350e+00	2.428291e+00
4.879631e+00	2.388570e+00	2.479530e+00
4.884320e+00	2.954650e-01	2.461772e+00
4.889008e+00	1.751525e+00	2.609523e+00
4.893696e+00	6.501550e-01	2.651050e+00
4.898384e+00	2.657890e+00	2.864756e+00
4.903072e+00	6.029500e-01	2.869789e+00
4.907761e+00	7.098350e-01	3.010716e+00
4.912449e+00	-2.517700e-01	4.132958e+00
4.917137e+00	-9.300365e+00	9.838125e+00
