# Sample description: GI
# Parent(s): ../20151214/GI_no_protection/1d/GI_np_030_00026.dat
# No protection
3.200246e-02	1.469400e+01	1.940624e+01
3.669069e-02	7.710060e+01	1.623568e+01
4.137892e-02	2.141371e+02	1.524802e+01
4.606715e-02	2.352032e+02	1.208169e+01
5.075538e-02	2.486516e+02	9.703385e+00
5.544361e-02	2.341098e+02	8.055277e+00
6.013183e-02	2.139875e+02	6.980923e+00
6.482006e-02	2.043003e+02	6.242195e+00
6.950829e-02	2.047247e+02	5.720160e+00
7.419652e-02	2.086107e+02	5.327592e+00
7.888475e-02	1.996609e+02	4.949575e+00
8.357298e-02	1.941544e+02	4.652416e+00
8.826121e-02	1.913834e+02	4.419793e+00
9.294944e-02	1.872154e+02	4.198338e+00
9.763767e-02	1.893731e+02	4.052242e+00
1.023259e-01	1.907516e+02	3.928031e+00
1.070141e-01	1.849647e+02	3.764533e+00
1.117024e-01	1.868703e+02	3.671366e+00
1.163906e-01	1.837186e+02	3.540855e+00
1.210788e-01	1.795128e+02	3.423939e+00
1.257670e-01	1.813094e+02	3.357460e+00
1.304553e-01	1.830656e+02	3.299668e+00
1.351435e-01	1.819738e+02	3.218703e+00
1.398317e-01	1.798959e+02	3.139139e+00
1.445200e-01	1.744950e+02	3.038663e+00
1.492082e-01	1.748806e+02	2.987037e+00
1.538964e-01	1.738230e+02	2.922562e+00
1.585846e-01	1.747033e+02	2.876068e+00
1.632729e-01	1.730014e+02	2.818185e+00
1.679611e-01	1.727946e+02	2.773811e+00
1.726493e-01	1.694711e+02	2.707333e+00
1.773376e-01	1.699941e+02	2.666623e+00
1.820258e-01	1.677879e+02	2.615206e+00
1.867140e-01	1.662270e+02	2.570670e+00
1.914022e-01	1.656658e+02	2.532654e+00
1.960905e-01	1.617731e+02	2.470301e+00
2.007787e-01	1.661125e+02	2.469844e+00
2.054669e-01	1.618157e+02	2.413459e+00
2.101552e-01	1.615784e+02	2.383629e+00
2.148434e-01	1.610100e+02	2.349139e+00
2.195316e-01	1.612525e+02	2.323082e+00
2.242199e-01	1.591277e+02	2.284482e+00
2.289081e-01	1.596564e+02	2.263700e+00
2.335963e-01	1.538252e+02	2.203541e+00
2.382845e-01	1.503704e+02	2.158436e+00
2.429728e-01	1.511963e+02	2.141504e+00
2.476610e-01	1.498700e+02	2.113071e+00
2.523492e-01	1.513060e+02	2.100081e+00
2.570375e-01	1.489039e+02	2.063753e+00
2.617257e-01	1.452926e+02	2.023729e+00
2.664139e-01	1.434117e+02	1.994458e+00
2.711021e-01	1.415981e+02	1.966281e+00
2.757904e-01	1.430214e+02	1.955601e+00
2.804786e-01	1.400957e+02	1.923271e+00
2.851668e-01	1.407890e+02	1.911163e+00
2.898551e-01	1.375400e+02	1.875942e+00
2.945433e-01	1.323930e+02	1.831435e+00
2.992315e-01	1.329574e+02	1.860930e+00
3.039197e-01	1.322484e+02	1.870698e+00
3.086080e-01	1.305721e+02	1.867021e+00
3.132962e-01	1.306933e+02	1.867276e+00
3.179844e-01	1.283655e+02	1.852909e+00
3.226727e-01	1.282721e+02	1.852634e+00
3.273609e-01	1.216498e+02	1.810100e+00
3.320491e-01	1.204801e+02	1.799118e+00
3.367374e-01	1.223210e+02	1.806320e+00
3.414256e-01	1.215559e+02	1.797575e+00
3.461138e-01	1.174775e+02	1.769421e+00
3.508020e-01	1.149975e+02	1.749260e+00
3.554903e-01	1.137349e+02	1.734761e+00
3.601785e-01	1.129471e+02	1.726610e+00
3.648667e-01	1.147974e+02	1.750779e+00
3.695550e-01	1.099636e+02	1.759232e+00
3.742432e-01	1.107940e+02	1.785059e+00
3.789314e-01	1.089201e+02	1.789015e+00
3.836196e-01	1.087860e+02	1.798761e+00
3.883079e-01	1.055951e+02	1.787973e+00
3.929961e-01	1.034741e+02	1.789834e+00
3.976843e-01	1.019821e+02	1.802669e+00
4.023726e-01	9.817216e+01	1.794076e+00
4.070608e-01	9.691253e+01	1.792257e+00
4.117490e-01	9.673233e+01	1.794586e+00
4.164372e-01	9.591216e+01	1.790615e+00
4.211255e-01	9.776006e+01	1.807963e+00
4.258137e-01	9.028159e+01	1.754073e+00
4.305019e-01	8.830579e+01	1.738239e+00
4.351902e-01	9.017084e+01	1.748435e+00
4.398784e-01	8.780981e+01	1.728276e+00
4.445666e-01	8.531708e+01	1.730711e+00
4.492548e-01	8.639396e+01	1.797199e+00
4.539431e-01	8.522854e+01	1.821010e+00
4.586313e-01	8.456956e+01	1.841839e+00
4.633195e-01	8.366202e+01	1.859789e+00
4.680078e-01	8.320752e+01	1.876365e+00
4.726960e-01	7.896703e+01	1.860959e+00
4.773842e-01	7.787870e+01	1.869033e+00
4.820725e-01	7.654878e+01	1.875967e+00
4.867607e-01	7.369196e+01	1.868274e+00
4.914489e-01	7.171560e+01	1.863256e+00
4.961371e-01	7.330529e+01	1.896370e+00
5.008254e-01	7.191638e+01	1.897282e+00
5.055136e-01	7.121502e+01	1.907316e+00
5.102018e-01	6.605741e+01	1.814923e+00
5.148901e-01	6.865325e+01	1.774764e+00
5.195783e-01	6.599889e+01	1.721130e+00
5.242665e-01	6.092891e+01	1.652841e+00
5.289547e-01	6.232477e+01	1.650465e+00
5.336430e-01	6.188477e+01	1.631378e+00
5.383312e-01	5.732847e+01	1.574941e+00
5.430194e-01	5.673730e+01	1.562067e+00
5.477077e-01	5.449721e+01	1.531780e+00
5.523959e-01	5.531093e+01	1.530111e+00
5.570841e-01	5.383102e+01	1.508824e+00
5.617723e-01	5.308624e+01	1.495725e+00
5.664606e-01	5.260847e+01	1.484261e+00
5.711488e-01	4.917762e+01	1.446033e+00
5.758370e-01	5.034314e+01	1.448732e+00
5.805253e-01	4.863983e+01	1.424619e+00
5.852135e-01	4.795320e+01	1.406234e+00
5.899017e-01	4.627381e+01	1.382115e+00
5.945900e-01	4.476865e+01	1.358279e+00
5.992782e-01	4.524571e+01	1.352489e+00
6.039664e-01	4.287705e+01	1.323055e+00
6.086546e-01	4.151216e+01	1.301704e+00
6.133429e-01	4.067931e+01	1.284726e+00
6.180311e-01	4.081703e+01	1.280180e+00
6.227193e-01	4.018477e+01	1.265304e+00
6.274076e-01	3.962369e+01	1.255710e+00
6.320958e-01	4.003860e+01	1.255183e+00
6.367840e-01	3.532558e+01	1.206808e+00
6.414722e-01	3.528296e+01	1.202735e+00
6.461605e-01	3.406956e+01	1.188178e+00
6.508487e-01	3.327728e+01	1.179170e+00
6.555369e-01	3.155022e+01	1.156672e+00
6.602252e-01	3.254214e+01	1.165072e+00
6.649134e-01	3.102246e+01	1.147365e+00
6.696016e-01	2.960703e+01	1.129752e+00
6.742898e-01	2.907369e+01	1.120922e+00
6.789781e-01	2.743628e+01	1.103854e+00
6.836663e-01	2.808116e+01	1.107985e+00
6.883545e-01	2.738699e+01	1.097705e+00
6.930428e-01	2.890559e+01	1.110715e+00
6.977310e-01	2.571046e+01	1.075337e+00
7.024192e-01	2.522225e+01	1.067838e+00
7.071074e-01	2.264107e+01	1.038780e+00
7.117957e-01	2.330707e+01	1.043916e+00
7.164839e-01	2.254983e+01	1.032970e+00
7.211721e-01	2.110993e+01	1.015671e+00
7.258604e-01	2.042631e+01	1.005496e+00
7.305486e-01	2.088464e+01	1.009006e+00
7.352368e-01	2.009208e+01	9.983219e-01
7.399251e-01	2.103332e+01	1.005405e+00
7.446133e-01	2.038105e+01	9.967440e-01
7.493015e-01	1.855480e+01	9.768777e-01
7.539897e-01	1.790975e+01	9.651590e-01
7.586780e-01	1.750213e+01	9.594464e-01
7.633662e-01	1.804794e+01	9.643936e-01
7.680544e-01	1.719726e+01	9.526891e-01
7.727427e-01	1.708929e+01	9.483569e-01
7.774309e-01	1.676031e+01	9.440291e-01
7.821191e-01	1.505526e+01	9.234593e-01
7.868073e-01	1.527123e+01	9.224656e-01
7.914956e-01	1.579099e+01	9.272478e-01
7.961838e-01	1.368196e+01	9.015180e-01
8.008720e-01	1.193472e+01	8.805653e-01
8.055603e-01	1.327935e+01	8.943551e-01
8.102485e-01	1.220326e+01	8.817595e-01
8.149367e-01	1.190950e+01	8.747874e-01
8.196249e-01	1.192038e+01	8.723579e-01
8.243132e-01	1.144112e+01	8.650525e-01
8.290014e-01	1.049663e+01	8.530360e-01
8.336896e-01	9.841370e+00	8.444180e-01
8.383779e-01	1.071619e+01	8.520064e-01
8.430661e-01	8.686525e+00	8.274579e-01
8.477543e-01	7.137510e+00	8.091364e-01
8.524425e-01	8.247225e+00	8.199152e-01
8.571308e-01	8.560505e+00	8.231696e-01
8.618190e-01	8.801250e+00	8.217967e-01
8.665072e-01	8.373580e+00	8.144358e-01
8.711955e-01	7.676390e+00	8.045524e-01
8.758837e-01	8.275265e+00	8.109781e-01
8.805719e-01	8.365940e+00	8.109422e-01
8.852602e-01	8.669180e+00	8.141241e-01
8.899484e-01	7.711480e+00	8.000392e-01
8.946366e-01	7.343395e+00	7.942139e-01
8.993248e-01	6.023595e+00	7.770947e-01
9.040131e-01	6.676805e+00	7.841328e-01
9.087013e-01	6.169335e+00	7.764967e-01
9.133895e-01	4.753190e+00	7.567935e-01
9.180778e-01	5.705415e+00	7.651786e-01
9.227660e-01	5.962600e+00	7.667307e-01
9.274542e-01	4.217960e+00	7.461793e-01
9.321424e-01	5.616210e+00	7.599414e-01
9.368307e-01	5.356045e+00	7.571115e-01
9.415189e-01	5.193725e+00	7.537251e-01
9.462071e-01	4.219010e+00	7.417544e-01
9.508954e-01	4.419295e+00	7.403923e-01
9.555836e-01	4.447415e+00	7.400789e-01
9.602718e-01	2.949210e+00	7.227437e-01
9.649600e-01	3.568715e+00	7.274760e-01
9.696483e-01	3.824005e+00	7.287298e-01
9.743365e-01	3.375985e+00	7.233875e-01
9.790247e-01	3.147965e+00	7.177738e-01
9.837130e-01	2.822735e+00	7.131209e-01
9.884012e-01	3.431555e+00	7.187098e-01
9.930894e-01	3.304030e+00	7.162028e-01
9.977777e-01	3.452805e+00	7.163558e-01
1.002466e+00	3.349055e+00	7.152195e-01
1.007154e+00	2.328230e+00	6.997587e-01
1.011842e+00	2.396295e+00	6.992426e-01
1.016531e+00	2.763790e+00	7.043312e-01
1.021219e+00	2.647100e+00	7.010645e-01
1.025907e+00	2.909925e+00	7.029202e-01
1.030595e+00	3.119700e+00	7.044147e-01
1.035283e+00	2.616190e+00	6.970367e-01
1.039972e+00	2.790900e+00	6.988188e-01
1.044660e+00	1.785565e+00	6.864056e-01
1.049348e+00	2.209990e+00	6.890319e-01
1.054036e+00	2.916845e+00	6.961350e-01
1.058725e+00	1.740915e+00	6.798669e-01
1.063413e+00	1.422280e+00	6.760025e-01
1.068101e+00	1.482550e+00	6.758723e-01
1.072789e+00	1.343315e+00	6.725297e-01
1.077478e+00	1.905425e+00	6.782436e-01
1.082166e+00	1.624165e+00	6.737987e-01
1.086854e+00	1.016950e+00	6.656629e-01
1.091542e+00	1.532195e+00	6.692948e-01
1.096230e+00	2.673075e+00	6.817911e-01
1.100919e+00	2.538585e+00	6.798247e-01
1.105607e+00	1.694075e+00	6.692677e-01
1.110295e+00	2.190840e+00	6.738451e-01
1.114983e+00	1.992940e+00	6.701433e-01
1.119672e+00	1.538225e+00	6.639576e-01
1.124360e+00	1.628105e+00	6.643338e-01
1.129048e+00	1.967990e+00	6.664671e-01
1.133736e+00	2.013140e+00	6.652197e-01
1.138425e+00	1.427145e+00	6.584578e-01
1.143113e+00	3.965850e-01	6.436218e-01
1.147801e+00	2.122685e+00	6.648237e-01
1.152489e+00	1.579865e+00	6.562834e-01
1.157177e+00	9.551250e-01	6.470213e-01
1.161866e+00	1.417030e+00	6.527410e-01
1.166554e+00	1.490340e+00	6.517915e-01
1.171242e+00	1.510275e+00	6.520885e-01
1.175930e+00	1.584590e+00	6.512835e-01
1.180619e+00	1.561360e+00	6.499971e-01
1.185307e+00	1.171530e+00	6.445978e-01
1.189995e+00	5.181100e-01	6.364005e-01
1.194683e+00	1.204820e+00	6.431275e-01
1.199372e+00	1.017500e+00	6.403021e-01
1.204060e+00	1.338225e+00	6.434038e-01
1.208748e+00	7.940050e-01	6.375330e-01
1.213436e+00	1.755490e+00	6.463601e-01
1.218124e+00	2.547005e+00	6.537485e-01
1.222813e+00	2.011620e+00	6.475695e-01
1.227501e+00	1.610255e+00	6.419361e-01
1.232189e+00	1.758715e+00	6.431424e-01
1.236877e+00	2.061265e+00	6.442162e-01
1.241566e+00	2.723155e+00	6.505911e-01
1.246254e+00	2.098835e+00	6.448235e-01
1.250942e+00	1.752270e+00	6.548498e-01
1.255630e+00	1.839650e+00	6.740038e-01
1.260318e+00	1.489530e+00	6.802573e-01
1.265007e+00	1.395170e+00	6.869595e-01
1.269695e+00	9.604600e-01	6.892531e-01
1.274383e+00	2.013655e+00	7.100535e-01
1.279071e+00	1.647875e+00	7.137062e-01
1.283760e+00	1.809675e+00	7.207955e-01
1.288448e+00	1.289815e+00	7.195901e-01
1.293136e+00	1.018545e+00	7.209146e-01
1.297824e+00	1.933270e+00	7.387710e-01
1.302513e+00	2.177220e+00	7.474270e-01
1.307201e+00	1.227810e+00	7.368149e-01
1.311889e+00	1.840045e+00	7.436158e-01
1.316577e+00	1.915675e+00	7.205983e-01
1.321265e+00	5.002800e-01	6.840805e-01
1.325954e+00	1.122095e+00	6.797919e-01
1.330642e+00	1.426060e+00	6.744511e-01
1.335330e+00	1.972735e+00	6.721337e-01
1.340018e+00	1.018585e+00	6.552131e-01
1.344707e+00	9.119250e-01	6.494797e-01
1.349395e+00	1.364150e+00	6.492179e-01
1.354083e+00	1.420130e+00	6.443928e-01
1.358771e+00	1.413370e+00	6.401402e-01
1.363460e+00	1.618310e+00	6.398642e-01
1.368148e+00	1.903020e+00	6.409480e-01
1.372836e+00	8.266000e-01	6.251440e-01
1.377524e+00	-6.427300e-01	6.069243e-01
1.382212e+00	2.305535e+00	6.404873e-01
1.386901e+00	2.250730e+00	6.383882e-01
1.391589e+00	1.483560e+00	6.280077e-01
1.396277e+00	1.849825e+00	6.314502e-01
1.400965e+00	7.838450e-01	6.182139e-01
1.405654e+00	1.241400e+00	6.225212e-01
1.410342e+00	1.078425e+00	6.191755e-01
1.415030e+00	1.571305e+00	6.237216e-01
1.419718e+00	2.340340e+00	6.319261e-01
1.424406e+00	2.430925e+00	6.303681e-01
1.429095e+00	1.016005e+00	6.128145e-01
1.433783e+00	1.008495e+00	6.124009e-01
1.438471e+00	9.025800e-01	6.105802e-01
1.443159e+00	1.415780e+00	6.145759e-01
1.447848e+00	5.518650e-01	6.034469e-01
1.452536e+00	9.383200e-01	6.074410e-01
1.457224e+00	2.237960e+00	6.204675e-01
1.461912e+00	7.614050e-01	6.040009e-01
1.466601e+00	1.565460e+00	6.106757e-01
1.471289e+00	9.024300e-01	6.025642e-01
1.475977e+00	9.747750e-01	6.032642e-01
1.480665e+00	1.726260e+00	6.103837e-01
1.485353e+00	3.380550e-01	6.048505e-01
1.490042e+00	2.931250e-01	6.225817e-01
1.494730e+00	1.254375e+00	6.443985e-01
1.499418e+00	7.026450e-01	6.444846e-01
1.504106e+00	5.967800e-01	6.509933e-01
1.508795e+00	1.192820e+00	6.647227e-01
1.513483e+00	1.309790e+00	6.527222e-01
1.518171e+00	1.931895e+00	6.448287e-01
1.522859e+00	2.174820e+00	6.359034e-01
1.527548e+00	1.187235e+00	6.190710e-01
1.532236e+00	5.608400e-01	6.064799e-01
1.536924e+00	1.420125e+00	6.114716e-01
1.541612e+00	1.455600e+00	6.077850e-01
1.546300e+00	7.790350e-01	5.994919e-01
1.550989e+00	9.363400e-01	5.993809e-01
1.555677e+00	2.303285e+00	6.113089e-01
1.560365e+00	8.280850e-01	5.907167e-01
1.565053e+00	1.136460e+00	5.925551e-01
1.569742e+00	1.053935e+00	5.885911e-01
1.574430e+00	1.344565e+00	5.902607e-01
1.579118e+00	1.456490e+00	5.920609e-01
1.583806e+00	4.780850e-01	5.820523e-01
1.588495e+00	9.093450e-01	5.879838e-01
1.593183e+00	1.064910e+00	5.900143e-01
1.597871e+00	6.511700e-01	5.842220e-01
1.602559e+00	1.760000e-02	5.767334e-01
1.607247e+00	5.040450e-01	5.812224e-01
1.611936e+00	6.632050e-01	5.820944e-01
1.616624e+00	5.880500e-01	5.789414e-01
1.621312e+00	-1.316750e-01	5.710900e-01
1.626000e+00	5.268200e-01	5.771462e-01
1.630689e+00	6.092150e-01	5.784808e-01
1.635377e+00	1.167170e+00	5.822113e-01
1.640065e+00	2.342495e+00	5.935365e-01
1.644753e+00	1.794755e+00	5.882142e-01
1.649441e+00	4.203200e-01	5.729145e-01
1.654130e+00	1.069050e-01	5.680456e-01
1.658818e+00	6.284550e-01	5.735440e-01
1.663506e+00	9.884550e-01	5.758915e-01
1.668194e+00	1.724935e+00	5.825690e-01
1.672883e+00	6.792600e-01	5.710567e-01
1.677571e+00	2.253650e-01	5.646277e-01
1.682259e+00	8.106000e-02	5.636911e-01
1.686947e+00	5.786050e-01	5.662437e-01
1.691636e+00	6.865700e-01	5.672558e-01
1.696324e+00	8.626950e-01	5.685757e-01
1.701012e+00	3.987450e-01	5.614593e-01
1.705700e+00	2.003250e-01	5.604462e-01
1.710388e+00	3.956900e-01	5.614323e-01
1.715077e+00	5.126350e-01	5.615047e-01
1.719765e+00	3.482100e-01	5.589511e-01
1.724453e+00	-1.063150e-01	5.541663e-01
1.729141e+00	9.216000e-01	5.642968e-01
1.733830e+00	7.880100e-01	5.604358e-01
1.738518e+00	1.024190e+00	5.627867e-01
1.743206e+00	8.678400e-01	5.610167e-01
1.747894e+00	6.662350e-01	5.584289e-01
1.752583e+00	1.119505e+00	5.626837e-01
1.757271e+00	7.561850e-01	5.573321e-01
1.761959e+00	1.028475e+00	5.605025e-01
1.766647e+00	1.493600e-01	5.501153e-01
1.771335e+00	8.779250e-01	5.567810e-01
1.776024e+00	2.507850e-01	5.497745e-01
1.780712e+00	6.821050e-01	5.547070e-01
1.785400e+00	6.886750e-01	5.523884e-01
1.790088e+00	1.452540e+00	5.589443e-01
1.794777e+00	1.062500e+00	5.561925e-01
1.799465e+00	-3.144000e-02	5.432027e-01
1.804153e+00	8.604350e-01	5.514144e-01
1.808841e+00	2.241150e-01	5.442642e-01
1.813530e+00	4.869550e-01	5.460954e-01
1.818218e+00	1.067740e+00	5.513888e-01
1.822906e+00	-3.711650e-01	5.367768e-01
1.827594e+00	1.565400e-01	5.413422e-01
1.832282e+00	6.545400e-01	5.442865e-01
1.836971e+00	4.256500e-01	5.429324e-01
1.841659e+00	4.018050e-01	5.415356e-01
1.846347e+00	-3.740350e-01	5.331969e-01
1.851035e+00	7.054000e-02	5.359356e-01
1.855724e+00	7.998050e-01	5.437456e-01
1.860412e+00	3.724150e-01	5.390916e-01
1.865100e+00	-6.016000e-02	5.335958e-01
1.869788e+00	1.077275e+00	5.444103e-01
1.874476e+00	6.765350e-01	5.409184e-01
1.879165e+00	3.295500e-01	5.356490e-01
1.883853e+00	1.093240e+00	5.424084e-01
1.888541e+00	9.905100e-01	5.404381e-01
1.893229e+00	7.117650e-01	5.379998e-01
1.897918e+00	6.395100e-01	5.367583e-01
1.902606e+00	7.224250e-01	5.366986e-01
1.907294e+00	7.035000e-01	5.359791e-01
1.911982e+00	-1.952500e-02	5.272951e-01
1.916671e+00	2.646850e-01	5.298274e-01
1.921359e+00	1.491450e-01	5.280891e-01
1.926047e+00	1.284150e-01	5.280388e-01
1.930735e+00	1.703500e-02	5.254496e-01
1.935423e+00	-7.294500e-02	5.235293e-01
1.940112e+00	-2.180550e-01	5.204845e-01
1.944800e+00	1.323300e-01	5.241473e-01
1.949488e+00	6.817800e-01	5.284347e-01
1.954176e+00	4.068900e-01	5.251626e-01
1.958865e+00	1.151795e+00	5.297416e-01
1.963553e+00	-5.594000e-02	5.180350e-01
1.968241e+00	-2.078700e-01	5.151412e-01
1.972929e+00	-2.633300e-01	5.145397e-01
1.977618e+00	-2.155850e-01	5.142542e-01
1.982306e+00	2.743700e-01	5.183255e-01
1.986994e+00	4.720200e-01	5.202452e-01
1.991682e+00	-1.353550e-01	5.145367e-01
1.996370e+00	-1.138950e-01	5.135973e-01
2.001059e+00	2.087750e-01	5.191488e-01
2.005747e+00	1.883500e-02	5.161228e-01
2.010435e+00	3.552050e-01	5.187761e-01
2.015123e+00	-2.833350e-01	5.120544e-01
2.019812e+00	2.034650e-01	5.165615e-01
2.024500e+00	2.293500e-01	5.162829e-01
2.029188e+00	5.727200e-01	5.188947e-01
2.033876e+00	6.452400e-01	5.187172e-01
2.038565e+00	3.751100e-01	5.144789e-01
2.043253e+00	-4.187450e-01	5.071328e-01
2.047941e+00	2.494050e-01	5.143341e-01
2.052629e+00	6.068500e-01	5.201571e-01
2.057317e+00	2.495450e-01	5.309268e-01
2.062006e+00	1.598500e-01	5.389389e-01
2.066694e+00	2.005000e-02	5.444785e-01
2.071382e+00	4.943850e-01	5.545064e-01
2.076070e+00	1.054100e-01	5.563428e-01
2.080759e+00	4.622000e-01	5.651332e-01
2.085447e+00	-5.146900e-01	5.574832e-01
2.090135e+00	8.478000e-02	5.666753e-01
2.094823e+00	4.860150e-01	5.726118e-01
2.099511e+00	3.748400e-01	5.734916e-01
2.104200e+00	-3.903300e-01	5.659364e-01
2.108888e+00	-3.114700e-01	5.677275e-01
2.113576e+00	7.588000e-02	5.735522e-01
2.118264e+00	5.223500e-01	5.727372e-01
2.122953e+00	3.151700e-01	5.548443e-01
2.127641e+00	4.381000e-01	5.452435e-01
2.132329e+00	1.321850e-01	5.369528e-01
2.137017e+00	2.600500e-02	5.298902e-01
2.141706e+00	-3.582950e-01	5.210861e-01
2.146394e+00	1.046450e-01	5.221853e-01
2.151082e+00	1.866500e-02	5.181649e-01
2.155770e+00	6.466600e-01	5.222291e-01
2.160458e+00	-2.065000e-03	5.152655e-01
2.165147e+00	-3.712600e-01	5.104915e-01
2.169835e+00	1.160700e-01	5.137538e-01
2.174523e+00	8.495100e-01	5.200708e-01
2.179211e+00	3.959550e-01	5.148886e-01
2.183900e+00	2.827250e-01	5.129487e-01
2.188588e+00	8.816000e-02	5.099327e-01
2.193276e+00	4.545300e-01	5.126820e-01
2.197964e+00	4.129050e-01	5.109262e-01
2.202653e+00	1.342715e+00	5.197977e-01
2.207341e+00	9.906650e-01	5.157091e-01
2.212029e+00	-2.380000e-02	5.047490e-01
2.216717e+00	6.272800e-01	5.101898e-01
2.221405e+00	1.153070e+00	5.152627e-01
2.226094e+00	3.223500e-01	5.059256e-01
2.230782e+00	1.276775e+00	5.139049e-01
2.235470e+00	2.522000e-02	5.013996e-01
2.240158e+00	-2.203000e-01	4.987527e-01
2.244847e+00	5.866000e-02	5.006788e-01
2.249535e+00	1.512000e-02	4.991665e-01
2.254223e+00	2.921650e-01	5.009031e-01
2.258911e+00	5.033050e-01	5.020057e-01
2.263600e+00	-1.664200e-01	4.958265e-01
2.268288e+00	3.112900e-01	5.001277e-01
2.272976e+00	-5.981550e-01	4.904460e-01
2.277664e+00	-2.313500e-02	4.954712e-01
2.282352e+00	4.797500e-01	4.988847e-01
2.287041e+00	8.622400e-01	5.028554e-01
2.291729e+00	6.123500e-02	4.941299e-01
2.296417e+00	-4.765500e-01	4.879470e-01
2.301105e+00	-6.152100e-01	4.862420e-01
2.305794e+00	1.862650e-01	4.930827e-01
2.310482e+00	4.970150e-01	4.952788e-01
2.315170e+00	1.669950e-01	4.924483e-01
2.319858e+00	1.993900e-01	4.916184e-01
2.324546e+00	8.443000e-02	4.902435e-01
2.329235e+00	8.729350e-01	4.960958e-01
2.333923e+00	2.394000e-01	4.906367e-01
2.338611e+00	2.692000e-02	4.880332e-01
2.343299e+00	-3.073850e-01	4.846854e-01
2.347988e+00	-1.038900e-01	4.842394e-01
2.352676e+00	-9.749950e-01	4.760795e-01
2.357364e+00	7.774650e-01	4.925468e-01
2.362052e+00	-3.288500e-02	4.843833e-01
2.366741e+00	-3.641900e-01	4.819003e-01
2.371429e+00	8.619500e-02	4.849124e-01
2.376117e+00	9.931000e-02	4.845086e-01
2.380805e+00	5.893500e-02	4.836437e-01
2.385493e+00	3.403500e-01	4.855806e-01
2.390182e+00	2.185750e-01	4.842732e-01
2.394870e+00	-2.085800e-01	4.799175e-01
2.399558e+00	-3.537750e-01	4.774960e-01
2.404246e+00	-5.067000e-02	4.793306e-01
2.408935e+00	1.691500e-02	4.798817e-01
2.413623e+00	-9.255500e-02	4.789314e-01
2.418311e+00	8.302850e-01	4.864479e-01
2.422999e+00	1.016940e+00	4.878544e-01
2.427688e+00	-1.910900e-01	4.756507e-01
2.432376e+00	3.218400e-01	4.804625e-01
2.437064e+00	-1.619950e-01	4.761234e-01
2.441752e+00	7.656600e-01	4.830201e-01
2.446440e+00	5.308000e-02	4.758331e-01
2.451129e+00	2.796300e-01	4.774648e-01
2.455817e+00	-5.498000e-02	4.741886e-01
2.460505e+00	6.478600e-01	4.799593e-01
2.465193e+00	9.984300e-01	4.830575e-01
2.469882e+00	-6.045000e-03	4.726045e-01
2.474570e+00	-2.434250e-01	4.702388e-01
2.479258e+00	2.576100e-01	4.746722e-01
2.483946e+00	1.314550e-01	4.730936e-01
2.488634e+00	-7.140000e-03	4.711233e-01
2.493323e+00	4.117950e-01	4.746934e-01
2.498011e+00	1.215000e-01	4.722588e-01
2.502699e+00	4.825850e-01	4.742292e-01
2.507387e+00	3.997200e-01	4.737051e-01
2.512076e+00	3.764300e-01	4.730252e-01
2.516764e+00	8.965700e-01	4.769662e-01
2.521452e+00	1.560900e-01	4.696219e-01
2.526140e+00	7.329800e-01	4.743464e-01
2.530829e+00	-2.609350e-01	4.647470e-01
2.535517e+00	8.838050e-01	4.743440e-01
2.540205e+00	9.229500e-01	4.733149e-01
2.544893e+00	3.578550e-01	4.681164e-01
2.549581e+00	7.195300e-01	4.699812e-01
2.554270e+00	2.121600e-01	4.648030e-01
2.558958e+00	5.219000e-02	4.632874e-01
2.563646e+00	1.689700e-01	4.636913e-01
2.568334e+00	-6.370000e-03	4.618666e-01
2.573023e+00	5.060000e-02	4.619023e-01
2.577711e+00	4.293800e-01	4.640898e-01
2.582399e+00	-1.480050e-01	4.586636e-01
2.587087e+00	2.136000e-02	4.600863e-01
2.591776e+00	-2.345550e-01	4.581498e-01
2.596464e+00	-3.190300e-01	4.573738e-01
2.601152e+00	2.443000e-02	4.598174e-01
2.605840e+00	1.237350e-01	4.614210e-01
2.610528e+00	-4.261000e-02	4.588768e-01
2.615217e+00	-1.265500e-01	4.581644e-01
2.619905e+00	-5.317250e-01	4.543025e-01
2.624593e+00	6.382600e-01	4.634846e-01
2.629281e+00	6.142000e-01	4.638521e-01
2.633970e+00	7.665000e-01	4.638773e-01
2.638658e+00	3.777400e-01	4.603090e-01
2.643346e+00	-3.490100e-01	4.536964e-01
2.648034e+00	-5.191400e-01	4.518988e-01
2.652723e+00	-2.942250e-01	4.538339e-01
2.657411e+00	1.612150e-01	4.569051e-01
2.662099e+00	6.886850e-01	4.612125e-01
2.666787e+00	-1.026050e-01	4.531008e-01
2.671475e+00	-2.394300e-01	4.521409e-01
2.676164e+00	3.844000e-02	4.543127e-01
2.680852e+00	-4.371600e-01	4.501746e-01
2.685540e+00	-1.094500e-01	4.524146e-01
2.690228e+00	2.050550e-01	4.550241e-01
2.694917e+00	4.049450e-01	4.561603e-01
2.699605e+00	2.800000e-02	4.523512e-01
2.704293e+00	4.025200e-01	4.553253e-01
2.708981e+00	1.022535e+00	4.598237e-01
2.713669e+00	6.476850e-01	4.567258e-01
2.718358e+00	-9.746500e-02	4.492743e-01
2.723046e+00	-1.735650e-01	4.484453e-01
2.727734e+00	-6.178500e-02	4.490648e-01
2.732422e+00	-2.563500e-01	4.465995e-01
2.737111e+00	-2.775050e-01	4.457681e-01
2.741799e+00	4.063450e-01	4.523530e-01
2.746487e+00	1.905850e-01	4.495776e-01
2.751175e+00	-5.364500e-02	4.470915e-01
2.755864e+00	1.201255e+00	4.571579e-01
2.760552e+00	6.830450e-01	4.525691e-01
2.765240e+00	4.879900e-01	4.506495e-01
2.769928e+00	1.544400e-01	4.478107e-01
2.774616e+00	-1.983450e-01	4.442119e-01
2.779305e+00	-2.399050e-01	4.431951e-01
2.783993e+00	1.837050e-01	4.463650e-01
2.788681e+00	8.888350e-01	4.518447e-01
2.793369e+00	5.005650e-01	4.486815e-01
2.798058e+00	1.716950e-01	4.455044e-01
2.802746e+00	1.286000e-01	4.449009e-01
2.807434e+00	4.881650e-01	4.473692e-01
2.812122e+00	7.407150e-01	4.494997e-01
2.816811e+00	3.228150e-01	4.453399e-01
2.821499e+00	4.074700e-01	4.458785e-01
2.826187e+00	5.215500e-02	4.422395e-01
2.830875e+00	3.918900e-01	4.443244e-01
2.835563e+00	1.573300e-01	4.423696e-01
2.840252e+00	5.278850e-01	4.447003e-01
2.844940e+00	-1.154100e-01	4.393570e-01
2.849628e+00	3.888250e-01	4.433116e-01
2.854316e+00	4.556200e-01	4.440129e-01
2.859005e+00	5.369700e-01	4.522023e-01
2.863693e+00	2.652550e-01	4.599956e-01
2.868381e+00	1.196400e-01	4.645164e-01
2.873069e+00	3.812250e-01	4.720486e-01
2.877758e+00	1.509950e-01	4.739082e-01
2.882446e+00	-5.090850e-01	4.696757e-01
2.887134e+00	-3.695650e-01	4.722017e-01
2.891822e+00	-3.176000e-01	4.747403e-01
2.896510e+00	-3.548500e-02	4.793225e-01
2.901199e+00	1.450050e-01	4.821316e-01
2.905887e+00	2.719500e-02	4.820872e-01
2.910575e+00	2.510050e-01	4.847536e-01
2.915263e+00	2.547900e-01	4.860624e-01
2.919952e+00	1.376000e-01	4.853684e-01
2.924640e+00	-3.679200e-01	4.679618e-01
2.929328e+00	-4.831850e-01	4.585916e-01
2.934016e+00	4.197500e-02	4.570274e-01
2.938704e+00	1.608100e-01	4.551407e-01
2.943393e+00	8.289900e-01	4.578310e-01
2.948081e+00	1.102550e-01	4.489575e-01
2.952769e+00	-2.589900e-01	4.448404e-01
2.957457e+00	-1.011300e-01	4.452972e-01
2.962146e+00	-1.103300e-01	4.434065e-01
2.966834e+00	1.879850e-01	4.451718e-01
2.971522e+00	1.959000e-02	4.430917e-01
2.976210e+00	-8.922500e-02	4.430761e-01
2.980899e+00	2.354300e-01	4.451336e-01
2.985587e+00	-1.863850e-01	4.395827e-01
2.990275e+00	3.401350e-01	4.429336e-01
2.994963e+00	9.150800e-01	4.478511e-01
2.999651e+00	4.900450e-01	4.435305e-01
3.004340e+00	3.371200e-01	4.423834e-01
3.009028e+00	4.759300e-01	4.427491e-01
3.013716e+00	2.000550e-01	4.395292e-01
3.018404e+00	-2.110050e-01	4.354309e-01
3.023093e+00	-1.056500e-02	4.365147e-01
3.027781e+00	3.360700e-01	4.385704e-01
3.032469e+00	4.948500e-01	4.402737e-01
3.037157e+00	1.650000e-04	4.350681e-01
3.041846e+00	2.400900e-01	4.372114e-01
3.046534e+00	1.658950e-01	4.354912e-01
3.051222e+00	3.320000e-03	4.337423e-01
3.055910e+00	-9.022000e-02	4.321040e-01
3.060598e+00	2.314400e-01	4.354822e-01
3.065287e+00	1.416350e-01	4.334944e-01
3.069975e+00	7.563000e-02	4.323337e-01
3.074663e+00	4.177450e-01	4.351083e-01
3.079351e+00	5.300400e-01	4.354468e-01
3.084040e+00	1.020485e+00	4.389485e-01
3.088728e+00	6.411800e-01	4.353716e-01
3.093416e+00	7.238000e-02	4.303765e-01
3.098104e+00	-4.032100e-01	4.255942e-01
3.102793e+00	-1.416000e-02	4.290234e-01
3.107481e+00	4.944500e-02	4.293337e-01
3.112169e+00	-5.222800e-01	4.235307e-01
3.116857e+00	-6.701050e-01	4.219755e-01
3.121545e+00	4.351550e-01	4.305636e-01
3.126234e+00	2.292450e-01	4.294113e-01
3.130922e+00	-1.982000e-01	4.250685e-01
3.135610e+00	1.512500e-02	4.263830e-01
3.140298e+00	6.491600e-01	4.310510e-01
3.144987e+00	1.771450e-01	4.271592e-01
3.149675e+00	-2.582500e-02	4.247518e-01
3.154363e+00	4.715100e-01	4.280787e-01
3.159051e+00	2.756950e-01	4.264904e-01
3.163739e+00	1.367150e-01	4.248785e-01
3.168428e+00	1.932350e-01	4.251676e-01
3.173116e+00	-2.296650e-01	4.210562e-01
3.177804e+00	6.158750e-01	4.277799e-01
3.182492e+00	4.206950e-01	4.263639e-01
3.187181e+00	3.231100e-01	4.248209e-01
3.191869e+00	6.455550e-01	4.267889e-01
3.196557e+00	3.796900e-01	4.241327e-01
3.201245e+00	2.195750e-01	4.231271e-01
3.205934e+00	4.325950e-01	4.243570e-01
3.210622e+00	-1.252500e-01	4.194780e-01
3.215310e+00	8.935000e-03	4.203257e-01
3.219998e+00	1.376500e-02	4.194574e-01
3.224686e+00	-4.644750e-01	4.149248e-01
3.229375e+00	-4.213500e-02	4.170193e-01
3.234063e+00	4.778500e-01	4.210056e-01
3.238751e+00	-1.539950e-01	4.158512e-01
3.243439e+00	4.179150e-01	4.197239e-01
3.248128e+00	3.505900e-01	4.188084e-01
3.252816e+00	2.421900e-01	4.183504e-01
3.257504e+00	3.011000e-01	4.176649e-01
3.262192e+00	4.398500e-02	4.156393e-01
3.266881e+00	-6.400000e-03	4.142015e-01
3.271569e+00	-1.956650e-01	4.123909e-01
3.276257e+00	5.433350e-01	4.187708e-01
3.280945e+00	1.257400e-01	4.153432e-01
3.285633e+00	-3.085250e-01	4.121739e-01
3.290322e+00	3.004650e-01	4.172203e-01
3.295010e+00	4.765050e-01	4.182198e-01
3.299698e+00	7.563850e-01	4.199708e-01
3.304386e+00	2.803050e-01	4.157419e-01
3.309075e+00	4.618150e-01	4.170366e-01
3.313763e+00	5.038100e-01	4.166959e-01
3.318451e+00	1.124305e+00	4.220572e-01
3.323139e+00	5.587800e-01	4.168903e-01
3.327828e+00	1.958350e-01	4.139039e-01
3.332516e+00	1.432500e-02	4.120217e-01
3.337204e+00	-2.424000e-01	4.092060e-01
3.341892e+00	6.148900e-01	4.165613e-01
3.346580e+00	6.260000e-03	4.104699e-01
3.351269e+00	-2.376500e-01	4.082935e-01
3.355957e+00	5.748500e-02	4.125325e-01
3.360645e+00	9.501000e-02	4.218962e-01
3.365333e+00	7.582600e-01	4.342384e-01
3.370022e+00	3.929050e-01	4.356198e-01
3.374710e+00	9.373450e-01	4.419717e-01
3.379398e+00	8.191200e-01	4.423122e-01
3.384086e+00	-6.191350e-01	4.312027e-01
3.388774e+00	-6.047500e-02	4.365122e-01
3.393463e+00	1.630350e-01	4.389114e-01
3.398151e+00	-1.584300e-01	4.355809e-01
3.402839e+00	-2.285000e-03	4.377562e-01
3.407527e+00	5.106850e-01	4.434126e-01
3.412216e+00	-7.657950e-01	4.337157e-01
3.416904e+00	3.086500e-02	4.406958e-01
3.421592e+00	5.040800e-01	4.454538e-01
3.426280e+00	7.326500e-01	4.484477e-01
3.430969e+00	-2.939600e-01	4.402999e-01
3.435657e+00	-6.538100e-01	4.375579e-01
3.440345e+00	2.954350e-01	4.467348e-01
3.445033e+00	1.010410e+00	4.545271e-01
3.449721e+00	2.010800e-01	4.468706e-01
3.454410e+00	-6.189450e-01	4.401740e-01
3.459098e+00	-1.686000e-01	4.451558e-01
3.463786e+00	2.452300e-01	4.490823e-01
3.468474e+00	3.694250e-01	4.510202e-01
3.473163e+00	1.767500e-02	4.486175e-01
3.477851e+00	5.796600e-01	4.535576e-01
3.482539e+00	4.510900e-01	4.533790e-01
3.487227e+00	2.144350e-01	4.511347e-01
3.491916e+00	-2.315200e-01	4.488741e-01
3.496604e+00	6.063400e-01	4.566324e-01
3.501292e+00	4.234650e-01	4.547295e-01
3.505980e+00	1.783250e-01	4.530521e-01
3.510668e+00	2.419900e-01	4.546180e-01
3.515357e+00	2.832500e-02	4.531054e-01
3.520045e+00	-2.857950e-01	4.502533e-01
3.524733e+00	-8.077000e-02	4.526295e-01
3.529421e+00	-1.117850e-01	4.525523e-01
3.534110e+00	4.224500e-01	4.575462e-01
3.538798e+00	-3.445150e-01	4.513879e-01
3.543486e+00	-6.132500e-02	4.544040e-01
3.548174e+00	-3.354500e-02	4.558312e-01
3.552863e+00	4.920800e-01	4.610627e-01
3.557551e+00	5.510700e-01	4.623203e-01
3.562239e+00	1.499850e-01	4.583809e-01
3.566927e+00	5.180450e-01	4.616532e-01
3.571615e+00	1.596500e-01	4.585680e-01
3.576304e+00	2.902300e-01	4.604882e-01
3.580992e+00	-5.172000e-02	4.575930e-01
3.585680e+00	1.107300e-01	4.580716e-01
3.590368e+00	3.419400e-01	4.600157e-01
3.595057e+00	-1.838900e-01	4.554133e-01
3.599745e+00	3.400900e-01	4.592549e-01
3.604433e+00	-9.270000e-02	4.554055e-01
3.609121e+00	-3.678000e-01	4.531893e-01
3.613809e+00	2.010400e-01	4.581269e-01
3.618498e+00	4.985500e-02	4.565818e-01
3.623186e+00	3.596600e-01	4.595012e-01
3.627874e+00	4.283500e-02	4.572860e-01
3.632562e+00	8.870500e-02	4.582565e-01
3.637251e+00	-1.208800e-01	4.572626e-01
3.641939e+00	-2.972500e-02	4.579689e-01
3.646627e+00	2.625050e-01	4.603086e-01
3.651315e+00	3.147900e-01	4.611626e-01
3.656004e+00	2.384150e-01	4.621521e-01
3.660692e+00	-5.134550e-01	4.640800e-01
3.665380e+00	-3.427100e-01	4.809783e-01
3.670068e+00	5.474650e-01	4.973121e-01
3.674756e+00	-8.000000e-04	4.992635e-01
3.679445e+00	2.813750e-01	5.080821e-01
3.684133e+00	-2.855450e-01	5.055757e-01
3.688821e+00	-5.713300e-01	5.059081e-01
3.693509e+00	3.972650e-01	5.185351e-01
3.698198e+00	-3.254000e-02	5.164582e-01
3.702886e+00	3.214000e-01	5.235415e-01
3.707574e+00	2.273550e-01	5.252356e-01
3.712262e+00	5.250400e-01	5.315495e-01
3.716951e+00	6.459350e-01	5.352998e-01
3.721639e+00	-4.181500e-01	5.262254e-01
3.726327e+00	-3.744600e-01	5.283656e-01
3.731015e+00	-8.664000e-02	5.334462e-01
3.735703e+00	4.375800e-01	5.420846e-01
3.740392e+00	1.314710e+00	5.537493e-01
3.745080e+00	1.001865e+00	5.531068e-01
3.749768e+00	-1.630900e-01	5.424747e-01
3.754456e+00	-1.010000e-02	5.466334e-01
3.759145e+00	-2.768350e-01	5.459501e-01
3.763833e+00	7.924500e-02	5.518061e-01
3.768521e+00	-1.373000e-01	5.507884e-01
3.773209e+00	5.490200e-01	5.614425e-01
3.777897e+00	1.771300e-01	5.593046e-01
3.782586e+00	-3.239900e-01	5.564690e-01
3.787274e+00	5.055400e-01	5.681129e-01
3.791962e+00	1.843000e-02	5.632107e-01
3.796650e+00	-2.003750e-01	5.636935e-01
3.801339e+00	5.040100e-01	5.741319e-01
3.806027e+00	6.639150e-01	5.786971e-01
3.810715e+00	3.981300e-01	5.769966e-01
3.815403e+00	2.383600e-01	5.780897e-01
3.820092e+00	-9.136500e-02	5.770630e-01
3.824780e+00	3.522250e-01	5.822766e-01
3.829468e+00	2.824800e-01	5.850418e-01
3.834156e+00	6.589450e-01	5.902168e-01
3.838844e+00	8.690150e-01	5.952782e-01
3.843533e+00	5.691950e-01	5.942152e-01
3.848221e+00	1.244600e-01	5.912831e-01
3.852909e+00	8.283000e-01	6.008832e-01
3.857597e+00	1.733100e-01	5.958793e-01
3.862286e+00	1.819150e-01	5.989059e-01
3.866974e+00	-2.033300e-01	5.961761e-01
3.871662e+00	-2.292000e-02	5.988609e-01
3.876350e+00	2.638150e-01	6.044238e-01
3.881039e+00	5.246800e-01	6.102681e-01
3.885727e+00	1.474150e-01	6.079032e-01
3.890415e+00	1.892300e-01	6.100715e-01
3.895103e+00	-3.735000e-03	6.103785e-01
3.899791e+00	1.145975e+00	6.258078e-01
3.904480e+00	7.776900e-01	6.250705e-01
3.909168e+00	-1.478500e-02	6.165974e-01
3.913856e+00	4.371550e-01	6.254920e-01
3.918544e+00	7.416150e-01	6.318157e-01
3.923233e+00	2.850000e-01	6.280622e-01
3.927921e+00	-3.551600e-01	6.211082e-01
3.932609e+00	-3.463800e-01	6.236669e-01
3.937297e+00	-5.238200e-01	6.224381e-01
3.941986e+00	1.650000e-02	6.285984e-01
3.946674e+00	-1.426300e-01	6.269461e-01
3.951362e+00	-7.557000e-02	6.293847e-01
3.956050e+00	5.170500e-02	6.291603e-01
3.960738e+00	4.421650e-01	6.343086e-01
3.965427e+00	2.052050e-01	6.327213e-01
3.970115e+00	-2.068500e-01	6.283978e-01
3.974803e+00	6.673500e-02	6.351247e-01
3.979491e+00	4.385000e-02	6.364810e-01
3.984180e+00	-2.838000e-02	6.369537e-01
3.988868e+00	1.069100e-01	6.431331e-01
3.993556e+00	2.305300e-01	6.457632e-01
3.998244e+00	-1.049200e-01	6.419423e-01
4.002932e+00	4.919600e-01	6.524978e-01
4.007621e+00	5.871400e-01	6.569640e-01
4.012309e+00	-1.902650e-01	6.472135e-01
4.016997e+00	2.946300e-01	6.553453e-01
4.021685e+00	-4.232000e-02	6.533166e-01
4.026374e+00	3.943400e-01	6.628159e-01
4.031062e+00	-1.112300e-01	6.574084e-01
4.035750e+00	-2.786500e-01	6.592989e-01
4.040438e+00	2.975000e-03	6.653766e-01
4.045127e+00	5.582000e-01	6.735499e-01
4.049815e+00	-2.996550e-01	6.653027e-01
4.054503e+00	-4.327350e-01	6.656316e-01
4.059191e+00	7.690150e-01	6.826399e-01
4.063879e+00	-3.393900e-01	6.704575e-01
4.068568e+00	4.204650e-01	6.836416e-01
4.073256e+00	2.828000e-01	6.843448e-01
4.077944e+00	8.382250e-01	6.925337e-01
4.082632e+00	2.846800e-01	6.870096e-01
4.087321e+00	5.795800e-01	6.950409e-01
4.092009e+00	-1.566250e-01	6.881929e-01
4.096697e+00	-2.567100e-01	6.898365e-01
4.101385e+00	-5.079750e-01	6.859498e-01
4.106074e+00	7.791500e-02	6.983296e-01
4.110762e+00	-4.556600e-01	6.922936e-01
4.115450e+00	-5.748000e-02	7.010671e-01
4.120138e+00	1.000895e+00	7.198685e-01
4.124826e+00	3.552650e-01	7.130594e-01
4.129515e+00	-5.806300e-01	7.037897e-01
4.134203e+00	-9.894600e-01	6.979950e-01
4.138891e+00	-3.050900e-01	7.112953e-01
4.143579e+00	1.305750e-01	7.196310e-01
4.148268e+00	2.741700e-01	7.256344e-01
4.152956e+00	-5.583550e-01	7.158829e-01
4.157644e+00	8.337500e-02	7.250615e-01
4.162332e+00	9.961450e-01	7.430051e-01
4.167021e+00	9.137800e-01	7.449793e-01
4.171709e+00	7.284750e-01	7.433558e-01
4.176397e+00	1.068830e+00	7.520379e-01
4.181085e+00	1.501915e+00	7.602151e-01
4.185773e+00	1.203580e+00	7.585504e-01
4.190462e+00	5.634450e-01	7.537546e-01
4.195150e+00	1.899400e-01	7.521502e-01
4.199838e+00	1.378295e+00	7.709339e-01
4.204526e+00	1.539510e+00	7.753220e-01
4.209215e+00	7.450200e-01	7.680944e-01
4.213903e+00	-3.684000e-01	7.537368e-01
4.218591e+00	3.803500e-02	7.625763e-01
4.223279e+00	-2.233750e-01	7.631628e-01
4.227967e+00	1.375350e-01	7.702082e-01
4.232656e+00	-1.561400e-01	7.699149e-01
4.237344e+00	-1.396250e-01	7.724110e-01
4.242032e+00	7.290200e-01	7.882323e-01
4.246720e+00	8.299650e-01	7.925002e-01
4.251409e+00	1.019245e+00	8.000541e-01
4.256097e+00	-2.325650e-01	7.871038e-01
4.260785e+00	-6.546800e-01	7.813639e-01
4.265473e+00	-3.977950e-01	7.873810e-01
4.270162e+00	-1.255650e-01	7.956359e-01
4.274850e+00	-3.290000e-01	7.993676e-01
4.279538e+00	6.244100e-01	8.189920e-01
4.284226e+00	-1.019000e-01	8.070055e-01
4.288914e+00	-1.568550e-01	8.095260e-01
4.293603e+00	5.572350e-01	8.220755e-01
4.298291e+00	-8.801000e-01	8.021759e-01
4.302979e+00	-1.539750e-01	8.164750e-01
4.307667e+00	1.594000e-02	8.245720e-01
4.312356e+00	5.121450e-01	8.344505e-01
4.317044e+00	1.636250e-01	8.342283e-01
4.321732e+00	2.066500e-01	8.362655e-01
4.326420e+00	1.130285e+00	8.579734e-01
4.331109e+00	-2.124700e-01	8.401619e-01
4.335797e+00	1.717100e-01	8.471114e-01
4.340485e+00	8.412500e-01	8.652403e-01
4.345173e+00	3.128200e-01	8.585519e-01
4.349861e+00	3.622200e-01	8.654032e-01
4.354550e+00	9.862000e-02	8.649736e-01
4.359238e+00	3.835750e-01	8.716472e-01
4.363926e+00	3.154650e-01	8.752515e-01
4.368614e+00	-2.693650e-01	8.707576e-01
4.373303e+00	-2.956550e-01	8.730729e-01
4.377991e+00	-3.002850e-01	8.777531e-01
4.382679e+00	-2.408250e-01	8.806335e-01
4.387367e+00	3.959700e-01	8.956798e-01
4.392056e+00	4.087950e-01	9.018574e-01
4.396744e+00	1.699800e-01	9.025520e-01
4.401432e+00	4.745600e-01	9.126031e-01
4.406120e+00	1.916650e-01	9.092086e-01
4.410808e+00	1.364500e-01	9.106843e-01
4.415497e+00	1.276865e+00	9.310394e-01
4.420185e+00	-4.317600e-01	8.989928e-01
4.424873e+00	-2.450300e-01	9.026148e-01
4.429561e+00	4.740300e-01	9.186179e-01
4.434250e+00	8.382650e-01	9.270059e-01
4.438938e+00	1.213355e+00	9.329738e-01
4.443626e+00	-3.508450e-01	9.064508e-01
4.448314e+00	-3.909000e-01	9.074367e-01
4.453002e+00	1.045755e+00	9.380457e-01
4.457691e+00	3.111850e-01	9.302713e-01
4.462379e+00	-3.336500e-02	9.293974e-01
4.467067e+00	8.526750e-01	9.480255e-01
4.471755e+00	1.471135e+00	9.657525e-01
4.476444e+00	8.995550e-01	9.605632e-01
4.481132e+00	6.325650e-01	9.617939e-01
4.485820e+00	1.376300e-01	9.577782e-01
4.490508e+00	4.042300e-01	9.662086e-01
4.495197e+00	1.544445e+00	9.910401e-01
4.499885e+00	9.699550e-01	9.880985e-01
4.504573e+00	1.070155e+00	9.938561e-01
4.509261e+00	1.044700e-01	9.813217e-01
4.513949e+00	9.389850e-01	1.004164e+00
4.518638e+00	1.580650e-01	9.942154e-01
4.523326e+00	2.502700e-01	1.000252e+00
4.528014e+00	2.106470e+00	1.039379e+00
4.532702e+00	4.185500e-02	1.011299e+00
4.537391e+00	1.334550e-01	1.017625e+00
4.542079e+00	-4.931050e-01	1.011583e+00
4.546767e+00	6.752650e-01	1.038192e+00
4.551455e+00	8.025150e-01	1.050801e+00
4.556144e+00	6.019350e-01	1.053484e+00
4.560832e+00	7.640950e-01	1.060598e+00
4.565520e+00	-5.239350e-01	1.041811e+00
4.570208e+00	-1.470250e+00	1.029072e+00
4.574896e+00	2.575500e-02	1.065440e+00
4.579585e+00	1.133395e+00	1.098509e+00
4.584273e+00	1.966900e-01	1.087811e+00
4.588961e+00	7.506850e-01	1.108243e+00
4.593649e+00	3.056950e-01	1.101592e+00
4.598338e+00	1.791035e+00	1.140977e+00
4.603026e+00	-4.125450e-01	1.102239e+00
4.607714e+00	-7.065700e-01	1.106226e+00
4.612402e+00	-5.966950e-01	1.113144e+00
4.617091e+00	-7.526700e-01	1.115505e+00
4.621779e+00	1.417060e+00	1.172059e+00
4.626467e+00	4.733100e-01	1.162480e+00
4.631155e+00	-4.759850e-01	1.149348e+00
4.635843e+00	5.513700e-01	1.176110e+00
4.640532e+00	-6.988450e-01	1.159508e+00
4.645220e+00	-9.780550e-01	1.164887e+00
4.649908e+00	-1.229205e+00	1.169369e+00
4.654596e+00	-1.585875e+00	1.167930e+00
4.659285e+00	-1.087765e+00	1.189840e+00
4.663973e+00	-4.777000e-02	1.223944e+00
4.668661e+00	1.243630e+00	1.265987e+00
4.673349e+00	2.275900e-01	1.251723e+00
4.678037e+00	6.472750e-01	1.274529e+00
4.682726e+00	8.373500e-01	1.286977e+00
4.687414e+00	6.000500e-02	1.280009e+00
4.692102e+00	-1.586450e-01	1.283962e+00
4.696790e+00	1.545325e+00	1.342855e+00
4.701479e+00	4.250450e-01	1.327308e+00
4.706167e+00	-1.264990e+00	1.293616e+00
4.710855e+00	-1.133560e+00	1.304335e+00
4.715543e+00	-7.600750e-01	1.329698e+00
4.720232e+00	-7.458200e-01	1.346559e+00
4.724920e+00	-5.208100e-01	1.364194e+00
4.729608e+00	1.267600e+00	1.429186e+00
4.734296e+00	-1.453050e-01	1.402027e+00
4.738984e+00	2.381150e-01	1.428833e+00
4.743673e+00	1.948300e-01	1.445408e+00
4.748361e+00	-5.589000e-01	1.436277e+00
4.753049e+00	4.429850e-01	1.477195e+00
4.757737e+00	-2.644600e-01	1.485260e+00
4.762426e+00	9.392850e-01	1.536381e+00
4.767114e+00	1.354320e+00	1.569225e+00
4.771802e+00	1.031045e+00	1.576816e+00
4.776490e+00	7.571500e-01	1.579562e+00
4.781179e+00	-1.427475e+00	1.542963e+00
4.785867e+00	-2.284250e-01	1.602808e+00
4.790555e+00	-9.261200e-01	1.601697e+00
4.795243e+00	2.844210e+00	1.743382e+00
4.799931e+00	1.922910e+00	1.745037e+00
4.804620e+00	4.052200e-01	1.712907e+00
4.809308e+00	-5.039100e-01	1.715782e+00
4.813996e+00	-2.013910e+00	1.691145e+00
4.818684e+00	1.779400e-01	1.795395e+00
4.823373e+00	5.410200e-01	1.833186e+00
4.828061e+00	2.861200e-01	1.855098e+00
4.832749e+00	3.231100e-01	1.899422e+00
4.837437e+00	-4.172650e-01	1.915909e+00
4.842125e+00	-1.669425e+00	1.901879e+00
4.846814e+00	-4.738650e-01	1.984655e+00
4.851502e+00	-5.572800e-01	2.028324e+00
4.856190e+00	-3.358200e-01	2.069924e+00
4.860878e+00	2.499590e+00	2.235262e+00
4.865567e+00	1.904325e+00	2.274544e+00
4.870255e+00	6.188850e-01	2.266849e+00
4.874943e+00	-2.525930e+00	2.185646e+00
4.879631e+00	1.104300e+00	2.421361e+00
4.884320e+00	1.481415e+00	2.518475e+00
4.889008e+00	1.108315e+00	2.578551e+00
4.893696e+00	2.809875e+00	2.759274e+00
4.898384e+00	1.762800e+00	2.819431e+00
4.903072e+00	1.252390e+00	2.905459e+00
4.907761e+00	-1.548355e+00	2.876685e+00
4.912449e+00	-2.303400e-01	4.135236e+00
4.917137e+00	3.815315e+00	1.277268e+01
