# Sample description: GI
# Parent(s): ../20151214/GI_no_protection/1d/GI_np_030_00007.dat
# No protection
3.200246e-02	2.786620e+01	2.015256e+01
3.669069e-02	8.125820e+01	1.628709e+01
4.137892e-02	2.099726e+02	1.520454e+01
4.606715e-02	2.900551e+02	1.247333e+01
5.075538e-02	2.733019e+02	9.883315e+00
5.544361e-02	2.520366e+02	8.189524e+00
6.013183e-02	2.429050e+02	7.210956e+00
6.482006e-02	2.450154e+02	6.574299e+00
6.950829e-02	2.432688e+02	6.035835e+00
7.419652e-02	2.431355e+02	5.607562e+00
7.888475e-02	2.338729e+02	5.228316e+00
8.357298e-02	2.268685e+02	4.919247e+00
8.826121e-02	2.290416e+02	4.723831e+00
9.294944e-02	2.268791e+02	4.515180e+00
9.763767e-02	2.216595e+02	4.306126e+00
1.023259e-01	2.156945e+02	4.121678e+00
1.070141e-01	2.167707e+02	4.009297e+00
1.117024e-01	2.181062e+02	3.906870e+00
1.163906e-01	2.162127e+02	3.782367e+00
1.210788e-01	2.114431e+02	3.659750e+00
1.257670e-01	2.133941e+02	3.589877e+00
1.304553e-01	2.136535e+02	3.517509e+00
1.351435e-01	2.113107e+02	3.424503e+00
1.398317e-01	2.073140e+02	3.329816e+00
1.445200e-01	2.072470e+02	3.265098e+00
1.492082e-01	2.046813e+02	3.190489e+00
1.538964e-01	2.012554e+02	3.107618e+00
1.585846e-01	2.032572e+02	3.065468e+00
1.632729e-01	2.055283e+02	3.031234e+00
1.679611e-01	2.005372e+02	2.953993e+00
1.726493e-01	1.968346e+02	2.884038e+00
1.773376e-01	1.987280e+02	2.849208e+00
1.820258e-01	1.971949e+02	2.800707e+00
1.867140e-01	1.998943e+02	2.780443e+00
1.914022e-01	1.985703e+02	2.735648e+00
1.960905e-01	1.962733e+02	2.682006e+00
2.007787e-01	1.951619e+02	2.645362e+00
2.054669e-01	1.894947e+02	2.580830e+00
2.101552e-01	1.894842e+02	2.550632e+00
2.148434e-01	1.889246e+02	2.514318e+00
2.195316e-01	1.890670e+02	2.485914e+00
2.242199e-01	1.867403e+02	2.445449e+00
2.289081e-01	1.804558e+02	2.384282e+00
2.335963e-01	1.795216e+02	2.352439e+00
2.382845e-01	1.817874e+02	2.339250e+00
2.429728e-01	1.807184e+02	2.309849e+00
2.476610e-01	1.772655e+02	2.268723e+00
2.523492e-01	1.799117e+02	2.260247e+00
2.570375e-01	1.783476e+02	2.227879e+00
2.617257e-01	1.766716e+02	2.198483e+00
2.664139e-01	1.715531e+02	2.151211e+00
2.711021e-01	1.693343e+02	2.120309e+00
2.757904e-01	1.713847e+02	2.110882e+00
2.804786e-01	1.703414e+02	2.088551e+00
2.851668e-01	1.678571e+02	2.058145e+00
2.898551e-01	1.647789e+02	2.023922e+00
2.945433e-01	1.614079e+02	1.989815e+00
2.992315e-01	1.623240e+02	2.023207e+00
3.039197e-01	1.601661e+02	2.026835e+00
3.086080e-01	1.588868e+02	2.026485e+00
3.132962e-01	1.523427e+02	1.990247e+00
3.179844e-01	1.512238e+02	1.983477e+00
3.226727e-01	1.518464e+02	1.987192e+00
3.273609e-01	1.503186e+02	1.975938e+00
3.320491e-01	1.497043e+02	1.968415e+00
3.367374e-01	1.468939e+02	1.948257e+00
3.414256e-01	1.458053e+02	1.937786e+00
3.461138e-01	1.465960e+02	1.938544e+00
3.508020e-01	1.445866e+02	1.922029e+00
3.554903e-01	1.395080e+02	1.886103e+00
3.601785e-01	1.375899e+02	1.871635e+00
3.648667e-01	1.357882e+02	1.875006e+00
3.695550e-01	1.329153e+02	1.900101e+00
3.742432e-01	1.303788e+02	1.906776e+00
3.789314e-01	1.301321e+02	1.922715e+00
3.836196e-01	1.309885e+02	1.939539e+00
3.883079e-01	1.286816e+02	1.936555e+00
3.929961e-01	1.258133e+02	1.936172e+00
3.976843e-01	1.242225e+02	1.951241e+00
4.023726e-01	1.212666e+02	1.951827e+00
4.070608e-01	1.157083e+02	1.922615e+00
4.117490e-01	1.174434e+02	1.938194e+00
4.164372e-01	1.118666e+02	1.902599e+00
4.211255e-01	1.096309e+02	1.891235e+00
4.258137e-01	1.094658e+02	1.891494e+00
4.305019e-01	1.128282e+02	1.913533e+00
4.351902e-01	1.101161e+02	1.890739e+00
4.398784e-01	1.086721e+02	1.878169e+00
4.445666e-01	1.030545e+02	1.861490e+00
4.492548e-01	1.035672e+02	1.927750e+00
4.539431e-01	1.014832e+02	1.947846e+00
4.586313e-01	1.021213e+02	1.981044e+00
4.633195e-01	9.742212e+01	1.971420e+00
4.680078e-01	9.520242e+01	1.975338e+00
4.726960e-01	9.529812e+01	1.998713e+00
4.773842e-01	9.480121e+01	2.013805e+00
4.820725e-01	9.063398e+01	1.998896e+00
4.867607e-01	8.787226e+01	1.994826e+00
4.914489e-01	8.818930e+01	2.012540e+00
4.961371e-01	8.613321e+01	2.013288e+00
5.008254e-01	8.301214e+01	2.000283e+00
5.055136e-01	8.362787e+01	2.023609e+00
5.102018e-01	8.315439e+01	1.973982e+00
5.148901e-01	7.974332e+01	1.874208e+00
5.195783e-01	7.982540e+01	1.844041e+00
5.242665e-01	7.836123e+01	1.808987e+00
5.289547e-01	7.365480e+01	1.751482e+00
5.336430e-01	7.239677e+01	1.724686e+00
5.383312e-01	7.096393e+01	1.697562e+00
5.430194e-01	6.894930e+01	1.671786e+00
5.477077e-01	6.701362e+01	1.645027e+00
5.523959e-01	6.689156e+01	1.634077e+00
5.570841e-01	6.586268e+01	1.617016e+00
5.617723e-01	6.625094e+01	1.613798e+00
5.664606e-01	6.521618e+01	1.597338e+00
5.711488e-01	6.353399e+01	1.576416e+00
5.758370e-01	6.002003e+01	1.536476e+00
5.805253e-01	5.741206e+01	1.504629e+00
5.852135e-01	5.503775e+01	1.471046e+00
5.899017e-01	5.641549e+01	1.474598e+00
5.945900e-01	5.369353e+01	1.439966e+00
5.992782e-01	5.445461e+01	1.436005e+00
6.039664e-01	5.305994e+01	1.416063e+00
6.086546e-01	4.945445e+01	1.374924e+00
6.133429e-01	4.890464e+01	1.360499e+00
6.180311e-01	4.920374e+01	1.356780e+00
6.227193e-01	4.914095e+01	1.347022e+00
6.274076e-01	4.623761e+01	1.316327e+00
6.320958e-01	4.634983e+01	1.312763e+00
6.367840e-01	4.621399e+01	1.308176e+00
6.414722e-01	4.237298e+01	1.269404e+00
6.461605e-01	4.264110e+01	1.269031e+00
6.508487e-01	3.972959e+01	1.240567e+00
6.555369e-01	4.010070e+01	1.238592e+00
6.602252e-01	3.873419e+01	1.224123e+00
6.649134e-01	3.788202e+01	1.213375e+00
6.696016e-01	3.627532e+01	1.194653e+00
6.742898e-01	3.534476e+01	1.182150e+00
6.789781e-01	3.254105e+01	1.154371e+00
6.836663e-01	3.271959e+01	1.153569e+00
6.883545e-01	3.224267e+01	1.145667e+00
6.930428e-01	3.108637e+01	1.131822e+00
6.977310e-01	2.977252e+01	1.115931e+00
7.024192e-01	3.003252e+01	1.115986e+00
7.071074e-01	3.013888e+01	1.114922e+00
7.117957e-01	2.921878e+01	1.103729e+00
7.164839e-01	2.624728e+01	1.070769e+00
7.211721e-01	2.544788e+01	1.060545e+00
7.258604e-01	2.564981e+01	1.059712e+00
7.305486e-01	2.498724e+01	1.051427e+00
7.352368e-01	2.240577e+01	1.022346e+00
7.399251e-01	2.428498e+01	1.038867e+00
7.446133e-01	2.281794e+01	1.021926e+00
7.493015e-01	2.053964e+01	9.977199e-01
7.539897e-01	2.026105e+01	9.900525e-01
7.586780e-01	1.934603e+01	9.789315e-01
7.633662e-01	1.844394e+01	9.681785e-01
7.680544e-01	1.925102e+01	9.744171e-01
7.727427e-01	1.647782e+01	9.411435e-01
7.774309e-01	1.799283e+01	9.569343e-01
7.821191e-01	1.713543e+01	9.458913e-01
7.868073e-01	1.680172e+01	9.388554e-01
7.914956e-01	1.596761e+01	9.287080e-01
7.961838e-01	1.549435e+01	9.212694e-01
8.008720e-01	1.463642e+01	9.106684e-01
8.055603e-01	1.360582e+01	8.975663e-01
8.102485e-01	1.263266e+01	8.861862e-01
8.149367e-01	1.268384e+01	8.831483e-01
8.196249e-01	1.184811e+01	8.710761e-01
8.243132e-01	1.067176e+01	8.557139e-01
8.290014e-01	1.066330e+01	8.545240e-01
8.336896e-01	1.061151e+01	8.529221e-01
8.383779e-01	1.134933e+01	8.588295e-01
8.430661e-01	1.038232e+01	8.468485e-01
8.477543e-01	1.039129e+01	8.470238e-01
8.524425e-01	9.453975e+00	8.336624e-01
8.571308e-01	8.920025e+00	8.269586e-01
8.618190e-01	8.248840e+00	8.148603e-01
8.665072e-01	8.742860e+00	8.183549e-01
8.711955e-01	8.053690e+00	8.086089e-01
8.758837e-01	7.357535e+00	7.997007e-01
8.805719e-01	8.558780e+00	8.127741e-01
8.852602e-01	7.903080e+00	8.047448e-01
8.899484e-01	7.056170e+00	7.918578e-01
8.946366e-01	5.066465e+00	7.664213e-01
8.993248e-01	4.655875e+00	7.600408e-01
9.040131e-01	5.243875e+00	7.664963e-01
9.087013e-01	4.427245e+00	7.549509e-01
9.133895e-01	4.822880e+00	7.572509e-01
9.180778e-01	4.543045e+00	7.506391e-01
9.227660e-01	5.506280e+00	7.608431e-01
9.274542e-01	4.396670e+00	7.479815e-01
9.321424e-01	5.864540e+00	7.625218e-01
9.368307e-01	4.042675e+00	7.407849e-01
9.415189e-01	3.417565e+00	7.316721e-01
9.462071e-01	2.761150e+00	7.233980e-01
9.508954e-01	3.832555e+00	7.328408e-01
9.555836e-01	3.471445e+00	7.277796e-01
9.602718e-01	2.921830e+00	7.220289e-01
9.649600e-01	2.006765e+00	7.077209e-01
9.696483e-01	2.274145e+00	7.092184e-01
9.743365e-01	2.985685e+00	7.182273e-01
9.790247e-01	2.408615e+00	7.082662e-01
9.837130e-01	2.060555e+00	7.033017e-01
9.884012e-01	2.200615e+00	7.031821e-01
9.930894e-01	1.992770e+00	6.996831e-01
9.977777e-01	1.856125e+00	6.963467e-01
1.002466e+00	7.166050e-01	6.822175e-01
1.007154e+00	9.322600e-01	6.819512e-01
1.011842e+00	1.269065e+00	6.848641e-01
1.016531e+00	9.963900e-01	6.821159e-01
1.021219e+00	1.861060e+00	6.910527e-01
1.025907e+00	1.598165e+00	6.864684e-01
1.030595e+00	1.166860e+00	6.800922e-01
1.035283e+00	1.393140e+00	6.816747e-01
1.039972e+00	7.977400e-01	6.739724e-01
1.044660e+00	5.192350e-01	6.703543e-01
1.049348e+00	-2.036800e-01	6.586627e-01
1.054036e+00	5.925750e-01	6.673161e-01
1.058725e+00	1.130275e+00	6.719954e-01
1.063413e+00	1.199230e+00	6.729072e-01
1.068101e+00	1.202700e+00	6.720859e-01
1.072789e+00	1.028265e+00	6.683070e-01
1.077478e+00	3.600550e-01	6.589048e-01
1.082166e+00	3.192550e-01	6.573946e-01
1.086854e+00	1.697600e-01	6.548401e-01
1.091542e+00	8.960150e-01	6.611616e-01
1.096230e+00	3.458350e-01	6.531699e-01
1.100919e+00	1.483125e+00	6.667977e-01
1.105607e+00	1.491565e+00	6.664744e-01
1.110295e+00	6.887800e-01	6.553279e-01
1.114983e+00	7.520800e-01	6.547888e-01
1.119672e+00	1.044625e+00	6.576450e-01
1.124360e+00	9.861450e-01	6.562474e-01
1.129048e+00	1.630850e+00	6.620914e-01
1.133736e+00	1.056010e+00	6.533924e-01
1.138425e+00	1.836350e-01	6.430481e-01
1.143113e+00	7.928150e-01	6.481096e-01
1.147801e+00	1.641350e-01	6.409537e-01
1.152489e+00	8.488550e-01	6.471781e-01
1.157177e+00	8.750550e-01	6.457200e-01
1.161866e+00	4.311000e-02	6.358369e-01
1.166554e+00	7.433300e-01	6.425120e-01
1.171242e+00	-2.096450e-01	6.310554e-01
1.175930e+00	6.086000e-01	6.393062e-01
1.180619e+00	1.149800e+00	6.447811e-01
1.185307e+00	8.669800e-01	6.406366e-01
1.189995e+00	9.420700e-01	6.411343e-01
1.194683e+00	1.139830e+00	6.420238e-01
1.199372e+00	1.377110e+00	6.442134e-01
1.204060e+00	8.128050e-01	6.368602e-01
1.208748e+00	7.048350e-01	6.361437e-01
1.213436e+00	7.125800e-01	6.337756e-01
1.218124e+00	-2.831250e-01	6.201193e-01
1.222813e+00	4.686100e-01	6.291750e-01
1.227501e+00	1.733615e+00	6.430330e-01
1.232189e+00	3.743150e-01	6.266103e-01
1.236877e+00	1.081065e+00	6.325136e-01
1.241566e+00	1.014750e-01	6.197695e-01
1.246254e+00	1.424350e-01	6.217308e-01
1.250942e+00	5.108000e-02	6.342040e-01
1.255630e+00	8.442800e-01	6.615572e-01
1.260318e+00	1.070110e+00	6.747101e-01
1.265007e+00	8.067600e-01	6.791835e-01
1.269695e+00	1.345820e+00	6.938037e-01
1.274383e+00	6.837650e-01	6.926381e-01
1.279071e+00	6.879950e-01	7.008986e-01
1.283760e+00	3.431850e-01	7.011842e-01
1.288448e+00	1.483885e+00	7.217691e-01
1.293136e+00	1.615665e+00	7.284764e-01
1.297824e+00	8.510600e-01	7.239172e-01
1.302513e+00	-6.079000e-02	7.167901e-01
1.307201e+00	4.228800e-01	7.254751e-01
1.311889e+00	1.563695e+00	7.395133e-01
1.316577e+00	7.053850e-01	7.045660e-01
1.321265e+00	1.161030e+00	6.921427e-01
1.325954e+00	1.129705e+00	6.795331e-01
1.330642e+00	1.878840e+00	6.796322e-01
1.335330e+00	1.621725e+00	6.675432e-01
1.340018e+00	2.257765e+00	6.697290e-01
1.344707e+00	1.666965e+00	6.581609e-01
1.349395e+00	1.868590e+00	6.548329e-01
1.354083e+00	1.295540e+00	6.425902e-01
1.358771e+00	1.130830e+00	6.364969e-01
1.363460e+00	1.301730e+00	6.358602e-01
1.368148e+00	6.633200e-01	6.262232e-01
1.372836e+00	1.503000e+00	6.326863e-01
1.377524e+00	1.349100e+00	6.300594e-01
1.382212e+00	6.668750e-01	6.213151e-01
1.386901e+00	1.643790e+00	6.311496e-01
1.391589e+00	1.692450e+00	6.300688e-01
1.396277e+00	9.141650e-01	6.204177e-01
1.400965e+00	1.097265e+00	6.214996e-01
1.405654e+00	8.341100e-01	6.175278e-01
1.410342e+00	2.987450e-01	6.098678e-01
1.415030e+00	8.177550e-01	6.148169e-01
1.419718e+00	1.187190e+00	6.186374e-01
1.424406e+00	1.410225e+00	6.185893e-01
1.429095e+00	7.314150e-01	6.092440e-01
1.433783e+00	1.539365e+00	6.180806e-01
1.438471e+00	3.700800e-01	6.041868e-01
1.443159e+00	8.987500e-01	6.084144e-01
1.447848e+00	1.279215e+00	6.113787e-01
1.452536e+00	1.310020e+00	6.113095e-01
1.457224e+00	6.094500e-01	6.019238e-01
1.461912e+00	1.320675e+00	6.099689e-01
1.466601e+00	1.098860e+00	6.051404e-01
1.471289e+00	7.717700e-01	6.007793e-01
1.475977e+00	6.197550e-01	5.989585e-01
1.480665e+00	1.225510e+00	6.045158e-01
1.485353e+00	8.646050e-01	6.105367e-01
1.490042e+00	2.895650e-01	6.222157e-01
1.494730e+00	1.177745e+00	6.431561e-01
1.499418e+00	8.642950e-01	6.461074e-01
1.504106e+00	1.088850e+00	6.566742e-01
1.508795e+00	2.111670e+00	6.755777e-01
1.513483e+00	1.082620e+00	6.496752e-01
1.518171e+00	1.470675e+00	6.391641e-01
1.522859e+00	1.540180e+00	6.283283e-01
1.527548e+00	1.019945e+00	6.168369e-01
1.532236e+00	3.196300e-01	6.034022e-01
1.536924e+00	4.373850e-01	6.000933e-01
1.541612e+00	1.355750e+00	6.063591e-01
1.546300e+00	1.401385e+00	6.061110e-01
1.550989e+00	1.568720e+00	6.060624e-01
1.555677e+00	1.257305e+00	5.995924e-01
1.560365e+00	7.109450e-01	5.891114e-01
1.565053e+00	6.190700e-01	5.865634e-01
1.569742e+00	8.521250e-01	5.860775e-01
1.574430e+00	1.419835e+00	5.907688e-01
1.579118e+00	7.787400e-01	5.843714e-01
1.583806e+00	1.276505e+00	5.904938e-01
1.588495e+00	1.105305e+00	5.898193e-01
1.593183e+00	9.289200e-01	5.882202e-01
1.597871e+00	3.614900e-01	5.807181e-01
1.602559e+00	5.579500e-01	5.824143e-01
1.607247e+00	1.295025e+00	5.895609e-01
1.611936e+00	8.114250e-01	5.834118e-01
1.616624e+00	1.138890e+00	5.846546e-01
1.621312e+00	1.108485e+00	5.843899e-01
1.626000e+00	2.702000e-01	5.740303e-01
1.630689e+00	8.819750e-01	5.811410e-01
1.635377e+00	2.900300e-01	5.723720e-01
1.640065e+00	-2.318350e-01	5.654262e-01
1.644753e+00	7.985500e-02	5.694175e-01
1.649441e+00	5.241000e-02	5.686048e-01
1.654130e+00	1.403545e+00	5.817414e-01
1.658818e+00	2.168350e-01	5.687874e-01
1.663506e+00	5.987150e-01	5.714000e-01
1.668194e+00	-4.589500e-02	5.632429e-01
1.672883e+00	9.577900e-01	5.737440e-01
1.677571e+00	1.007245e+00	5.727441e-01
1.682259e+00	-1.280000e-01	5.611294e-01
1.686947e+00	1.997050e-01	5.618603e-01
1.691636e+00	1.288330e+00	5.733620e-01
1.696324e+00	5.684450e-01	5.651388e-01
1.701012e+00	1.595595e+00	5.738933e-01
1.705700e+00	4.991050e-01	5.633565e-01
1.710388e+00	7.977900e-01	5.654249e-01
1.715077e+00	5.843950e-01	5.619773e-01
1.719765e+00	-2.419000e-01	5.523173e-01
1.724453e+00	-3.310250e-01	5.514558e-01
1.729141e+00	4.960800e-01	5.595025e-01
1.733830e+00	-2.260000e-03	5.517241e-01
1.738518e+00	1.658200e-01	5.534018e-01
1.743206e+00	-3.602200e-01	5.476600e-01
1.747894e+00	3.280250e-01	5.545617e-01
1.752583e+00	9.461500e-02	5.515888e-01
1.757271e+00	7.886450e-01	5.573830e-01
1.761959e+00	2.304350e-01	5.518333e-01
1.766647e+00	-4.680000e-02	5.477479e-01
1.771335e+00	-7.376500e-02	5.464709e-01
1.776024e+00	9.761150e-01	5.570812e-01
1.780712e+00	7.679350e-01	5.553121e-01
1.785400e+00	5.005050e-01	5.501324e-01
1.790088e+00	1.894500e-01	5.454949e-01
1.794777e+00	-9.377900e-01	5.348683e-01
1.799465e+00	1.742000e-02	5.434346e-01
1.804153e+00	3.696950e-01	5.460190e-01
1.808841e+00	1.415750e-01	5.431159e-01
1.813530e+00	2.939850e-01	5.437996e-01
1.818218e+00	2.258000e-02	5.402473e-01
1.822906e+00	7.687950e-01	5.483838e-01
1.827594e+00	4.295000e-02	5.398745e-01
1.832282e+00	1.438800e-01	5.386973e-01
1.836971e+00	-2.466400e-01	5.356491e-01
1.841659e+00	-4.191750e-01	5.326877e-01
1.846347e+00	7.284500e-02	5.375864e-01
1.851035e+00	8.053000e-02	5.357607e-01
1.855724e+00	2.005450e-01	5.372944e-01
1.860412e+00	4.213750e-01	5.393151e-01
1.865100e+00	5.447500e-01	5.395628e-01
1.869788e+00	-2.358950e-01	5.306309e-01
1.874476e+00	-2.414050e-01	5.311984e-01
1.879165e+00	2.588900e-01	5.346440e-01
1.883853e+00	2.595300e-01	5.336213e-01
1.888541e+00	-2.966100e-01	5.269520e-01
1.893229e+00	-2.149050e-01	5.282157e-01
1.897918e+00	9.085000e-02	5.308722e-01
1.902606e+00	2.935650e-01	5.320545e-01
1.907294e+00	-2.603400e-01	5.258462e-01
1.911982e+00	-3.224850e-01	5.239010e-01
1.916671e+00	-6.914950e-01	5.197094e-01
1.921359e+00	-3.589650e-01	5.226005e-01
1.926047e+00	3.841050e-01	5.303634e-01
1.930735e+00	-4.127150e-01	5.207690e-01
1.935423e+00	-5.039500e-02	5.234876e-01
1.940112e+00	1.421450e-01	5.238977e-01
1.944800e+00	5.286000e-01	5.278800e-01
1.949488e+00	-4.723000e-02	5.208093e-01
1.954176e+00	5.730000e-02	5.213710e-01
1.958865e+00	2.916750e-01	5.208812e-01
1.963553e+00	2.231400e-01	5.205732e-01
1.968241e+00	6.814300e-01	5.237992e-01
1.972929e+00	-1.678600e-01	5.152364e-01
1.977618e+00	1.794850e-01	5.179614e-01
1.982306e+00	-3.359200e-01	5.119106e-01
1.986994e+00	-5.057000e-01	5.101338e-01
1.991682e+00	-1.227750e-01	5.143958e-01
1.996370e+00	4.569850e-01	5.190673e-01
2.001059e+00	-5.752650e-01	5.109750e-01
2.005747e+00	3.823050e-01	5.194964e-01
2.010435e+00	1.124850e-01	5.160800e-01
2.015123e+00	-7.072500e-02	5.139271e-01
2.019812e+00	-8.404650e-01	5.057731e-01
2.024500e+00	-5.921300e-01	5.077645e-01
2.029188e+00	3.272400e-01	5.161919e-01
2.033876e+00	-7.369500e-01	5.046221e-01
2.038565e+00	-4.691000e-02	5.100036e-01
2.043253e+00	-1.299450e-01	5.097654e-01
2.047941e+00	5.574650e-01	5.171055e-01
2.052629e+00	1.282400e-01	5.151597e-01
2.057317e+00	-4.446350e-01	5.235200e-01
2.062006e+00	-1.754600e-01	5.351533e-01
2.066694e+00	3.381100e-01	5.475530e-01
2.071382e+00	3.772500e-02	5.493456e-01
2.076070e+00	4.459200e-01	5.597170e-01
2.080759e+00	5.593600e-01	5.658891e-01
2.085447e+00	-6.520400e-01	5.556618e-01
2.090135e+00	-2.669000e-01	5.624857e-01
2.094823e+00	-1.134850e-01	5.656899e-01
2.099511e+00	-1.258600e-01	5.676436e-01
2.104200e+00	-3.011700e-01	5.666427e-01
2.108888e+00	2.498800e-01	5.737126e-01
2.113576e+00	9.540900e-01	5.829935e-01
2.118264e+00	8.589200e-01	5.761240e-01
2.122953e+00	5.988700e-01	5.575636e-01
2.127641e+00	4.686800e-01	5.452795e-01
2.132329e+00	-6.284350e-01	5.287286e-01
2.137017e+00	-5.101050e-01	5.240587e-01
2.141706e+00	-1.487750e-01	5.229708e-01
2.146394e+00	-7.504850e-01	5.131705e-01
2.151082e+00	-8.010550e-01	5.095447e-01
2.155770e+00	-3.101000e-02	5.151479e-01
2.160458e+00	-1.405050e-01	5.136012e-01
2.165147e+00	-4.506100e-01	5.094220e-01
2.169835e+00	7.566600e-01	5.198600e-01
2.174523e+00	5.870200e-01	5.172067e-01
2.179211e+00	2.240550e-01	5.129127e-01
2.183900e+00	-1.675250e-01	5.081950e-01
2.188588e+00	4.999300e-01	5.137456e-01
2.193276e+00	-2.671200e-01	5.052516e-01
2.197964e+00	2.163350e-01	5.087180e-01
2.202653e+00	4.685950e-01	5.110103e-01
2.207341e+00	-1.103450e-01	5.046372e-01
2.212029e+00	4.823800e-01	5.094678e-01
2.216717e+00	9.500900e-01	5.130648e-01
2.221405e+00	3.891000e-01	5.075811e-01
2.226094e+00	1.004000e-01	5.034860e-01
2.230782e+00	2.672950e-01	5.038476e-01
2.235470e+00	1.798400e-01	5.026547e-01
2.240158e+00	9.513300e-01	5.098979e-01
2.244847e+00	1.379500e-01	5.011935e-01
2.249535e+00	5.139000e-01	5.037634e-01
2.254223e+00	7.393750e-01	5.049731e-01
2.258911e+00	4.251850e-01	5.009874e-01
2.263600e+00	-1.753800e-01	4.954808e-01
2.268288e+00	4.373800e-01	5.010852e-01
2.272976e+00	3.881850e-01	4.997971e-01
2.277664e+00	4.281750e-01	4.995785e-01
2.282352e+00	9.813000e-02	4.949375e-01
2.287041e+00	3.673800e-01	4.978567e-01
2.291729e+00	2.398450e-01	4.955966e-01
2.296417e+00	-9.620000e-02	4.913961e-01
2.301105e+00	-6.990200e-01	4.851681e-01
2.305794e+00	-6.697500e-02	4.903821e-01
2.310482e+00	-2.689850e-01	4.876443e-01
2.315170e+00	-8.674150e-01	4.821641e-01
2.319858e+00	-7.003700e-01	4.826549e-01
2.324546e+00	4.612100e-01	4.935912e-01
2.329235e+00	1.924450e-01	4.893586e-01
2.333923e+00	-1.680000e-02	4.879297e-01
2.338611e+00	4.711700e-01	4.920156e-01
2.343299e+00	3.182150e-01	4.904169e-01
2.347988e+00	2.351100e-01	4.872333e-01
2.352676e+00	7.932850e-01	4.927775e-01
2.357364e+00	2.271550e-01	4.870852e-01
2.362052e+00	-3.068850e-01	4.815081e-01
2.366741e+00	1.603800e-01	4.866462e-01
2.371429e+00	-3.838550e-01	4.801763e-01
2.376117e+00	-5.081600e-01	4.784597e-01
2.380805e+00	2.297750e-01	4.850094e-01
2.385493e+00	6.513700e-01	4.882503e-01
2.390182e+00	2.133850e-01	4.839724e-01
2.394870e+00	1.102000e-01	4.826853e-01
2.399558e+00	2.028850e-01	4.825220e-01
2.404246e+00	-2.706200e-01	4.769935e-01
2.408935e+00	-6.885500e-02	4.788217e-01
2.413623e+00	-8.794650e-01	4.711961e-01
2.418311e+00	-1.133550e-01	4.773614e-01
2.422999e+00	5.193000e-02	4.786066e-01
2.427688e+00	6.484700e-01	4.832688e-01
2.432376e+00	4.577400e-01	4.814795e-01
2.437064e+00	7.441500e-02	4.780930e-01
2.441752e+00	-4.664900e-01	4.712283e-01
2.446440e+00	-1.224500e-01	4.739380e-01
2.451129e+00	-6.858000e-02	4.739597e-01
2.455817e+00	-1.710000e-03	4.744406e-01
2.460505e+00	6.708500e-01	4.799220e-01
2.465193e+00	5.228400e-01	4.784300e-01
2.469882e+00	7.115950e-01	4.790166e-01
2.474570e+00	3.163500e-02	4.725654e-01
2.479258e+00	4.621000e-01	4.763172e-01
2.483946e+00	3.501450e-01	4.748733e-01
2.488634e+00	4.363000e-02	4.713502e-01
2.493323e+00	-1.822050e-01	4.689401e-01
2.498011e+00	-2.405800e-01	4.686524e-01
2.502699e+00	3.353450e-01	4.726270e-01
2.507387e+00	2.335000e-01	4.719299e-01
2.512076e+00	-4.014900e-01	4.655838e-01
2.516764e+00	-3.185500e-01	4.655430e-01
2.521452e+00	6.332400e-01	4.737535e-01
2.526140e+00	1.010400e-01	4.683120e-01
2.530829e+00	-2.057750e-01	4.650165e-01
2.535517e+00	-6.730550e-01	4.597735e-01
2.540205e+00	6.428000e-02	4.652364e-01
2.544893e+00	-2.283150e-01	4.625039e-01
2.549581e+00	3.751000e-01	4.666131e-01
2.554270e+00	-2.980100e-01	4.598841e-01
2.558958e+00	-1.867600e-01	4.608583e-01
2.563646e+00	1.076200e-01	4.628907e-01
2.568334e+00	2.522000e-01	4.639808e-01
2.573023e+00	2.698800e-01	4.636560e-01
2.577711e+00	5.952000e-01	4.653473e-01
2.582399e+00	7.014550e-01	4.661305e-01
2.587087e+00	3.089000e-02	4.599339e-01
2.591776e+00	1.787250e-01	4.616765e-01
2.596464e+00	6.875800e-01	4.662751e-01
2.601152e+00	2.751500e-01	4.618600e-01
2.605840e+00	8.012500e-02	4.607850e-01
2.610528e+00	-5.205100e-01	4.542636e-01
2.615217e+00	-3.911200e-01	4.555095e-01
2.619905e+00	6.665750e-01	4.649295e-01
2.624593e+00	-2.754000e-02	4.572309e-01
2.629281e+00	-3.155300e-01	4.552134e-01
2.633970e+00	-1.335400e-01	4.555236e-01
2.638658e+00	8.178000e-02	4.574007e-01
2.643346e+00	-9.784000e-02	4.557412e-01
2.648034e+00	5.834100e-01	4.616161e-01
2.652723e+00	8.411450e-01	4.637836e-01
2.657411e+00	-2.617250e-01	4.528470e-01
2.662099e+00	5.207500e-02	4.552745e-01
2.666787e+00	-1.460500e-02	4.536594e-01
2.671475e+00	3.960800e-01	4.576150e-01
2.676164e+00	2.923300e-01	4.563519e-01
2.680852e+00	-2.856000e-02	4.536255e-01
2.685540e+00	2.984200e-01	4.558312e-01
2.690228e+00	6.681650e-01	4.589006e-01
2.694917e+00	-3.672550e-01	4.490048e-01
2.699605e+00	2.585900e-01	4.541751e-01
2.704293e+00	6.256000e-02	4.520625e-01
2.708981e+00	-3.925850e-01	4.470017e-01
2.713669e+00	-1.445750e-01	4.494480e-01
2.718358e+00	4.286650e-01	4.537242e-01
2.723046e+00	4.719450e-01	4.539513e-01
2.727734e+00	5.899450e-01	4.546073e-01
2.732422e+00	3.886400e-01	4.521074e-01
2.737111e+00	5.018050e-01	4.524645e-01
2.741799e+00	-5.737850e-01	4.433958e-01
2.746487e+00	-4.552850e-01	4.435903e-01
2.751175e+00	3.933950e-01	4.508145e-01
2.755864e+00	2.372500e-02	4.465836e-01
2.760552e+00	5.444500e-02	4.467986e-01
2.765240e+00	-4.765000e-01	4.418733e-01
2.769928e+00	-1.505300e-01	4.448814e-01
2.774616e+00	-2.519250e-01	4.435049e-01
2.779305e+00	7.607500e-02	4.457612e-01
2.783993e+00	-1.613550e-01	4.430861e-01
2.788681e+00	4.376850e-01	4.476763e-01
2.793369e+00	-2.283050e-01	4.420373e-01
2.798058e+00	2.118500e-02	4.439497e-01
2.802746e+00	-1.297400e-01	4.423954e-01
2.807434e+00	6.305750e-01	4.483768e-01
2.812122e+00	-2.424450e-01	4.406723e-01
2.816811e+00	-2.869150e-01	4.397554e-01
2.821499e+00	-2.382200e-01	4.399940e-01
2.826187e+00	-2.388850e-01	4.394541e-01
2.830875e+00	3.787300e-01	4.439788e-01
2.835563e+00	3.355500e-01	4.436920e-01
2.840252e+00	-2.736500e-02	4.396321e-01
2.844940e+00	-6.751000e-02	4.395476e-01
2.849628e+00	4.196150e-01	4.433477e-01
2.854316e+00	2.623500e-01	4.421091e-01
2.859005e+00	4.647900e-01	4.513336e-01
2.863693e+00	-1.528350e-01	4.559762e-01
2.868381e+00	-1.388400e-01	4.619027e-01
2.873069e+00	-4.393250e-01	4.641895e-01
2.877758e+00	-1.876350e-01	4.704923e-01
2.882446e+00	-5.031250e-01	4.694882e-01
2.887134e+00	-3.947250e-01	4.717159e-01
2.891822e+00	-4.406000e-01	4.733176e-01
2.896510e+00	-1.464500e-02	4.792712e-01
2.901199e+00	5.060950e-01	4.852976e-01
2.905887e+00	-2.698550e-01	4.789928e-01
2.910575e+00	7.393500e-02	4.828102e-01
2.915263e+00	-1.531000e-01	4.818994e-01
2.919952e+00	-2.576900e-01	4.813129e-01
2.924640e+00	8.762000e-02	4.719852e-01
2.929328e+00	-3.737050e-01	4.593663e-01
2.934016e+00	6.921350e-01	4.626586e-01
2.938704e+00	9.528000e-02	4.543165e-01
2.943393e+00	-2.127400e-01	4.483548e-01
2.948081e+00	-2.368850e-01	4.456297e-01
2.952769e+00	-2.304600e-01	4.448633e-01
2.957457e+00	-2.962100e-01	4.433309e-01
2.962146e+00	-8.821000e-02	4.433721e-01
2.966834e+00	2.425250e-01	4.454206e-01
2.971522e+00	-2.600400e-01	4.403883e-01
2.976210e+00	-4.417650e-01	4.397354e-01
2.980899e+00	-7.380000e-03	4.427791e-01
2.985587e+00	-1.222315e+00	4.301357e-01
2.990275e+00	-4.170350e-01	4.360560e-01
2.994963e+00	-1.871800e-01	4.380397e-01
2.999651e+00	-5.595550e-01	4.341197e-01
3.004340e+00	-4.208000e-01	4.355443e-01
3.009028e+00	1.654800e-01	4.398326e-01
3.013716e+00	-6.125500e-02	4.370292e-01
3.018404e+00	-2.718550e-01	4.346727e-01
3.023093e+00	-2.880350e-01	4.338706e-01
3.027781e+00	1.164800e-01	4.364440e-01
3.032469e+00	-3.798100e-01	4.324794e-01
3.037157e+00	-2.517250e-01	4.326548e-01
3.041846e+00	-4.063300e-01	4.313917e-01
3.046534e+00	3.904750e-01	4.371941e-01
3.051222e+00	3.562100e-01	4.365524e-01
3.055910e+00	1.332700e-01	4.338079e-01
3.060598e+00	-1.932100e-01	4.316066e-01
3.065287e+00	-2.187250e-01	4.301656e-01
3.069975e+00	-5.817500e-01	4.264265e-01
3.074663e+00	2.476450e-01	4.334305e-01
3.079351e+00	7.206300e-01	4.368357e-01
3.084040e+00	5.998450e-01	4.351695e-01
3.088728e+00	5.293500e-01	4.341977e-01
3.093416e+00	3.492200e-01	4.325132e-01
3.098104e+00	3.267000e-01	4.316244e-01
3.102793e+00	-1.014400e-01	4.280541e-01
3.107481e+00	3.516150e-01	4.316771e-01
3.112169e+00	-2.483800e-01	4.256649e-01
3.116857e+00	5.695250e-01	4.323270e-01
3.121545e+00	1.584850e-01	4.279968e-01
3.126234e+00	4.233500e-02	4.276048e-01
3.130922e+00	7.289700e-01	4.326817e-01
3.135610e+00	3.542350e-01	4.290292e-01
3.140298e+00	-6.552000e-02	4.247912e-01
3.144987e+00	9.295000e-03	4.255165e-01
3.149675e+00	9.321500e-02	4.255382e-01
3.154363e+00	3.067000e-01	4.264702e-01
3.159051e+00	1.724250e-01	4.253994e-01
3.163739e+00	3.263550e-01	4.262523e-01
3.168428e+00	-2.924950e-01	4.208421e-01
3.173116e+00	-7.035850e-01	4.167992e-01
3.177804e+00	3.084650e-01	4.249894e-01
3.182492e+00	1.303850e-01	4.237136e-01
3.187181e+00	1.904000e-01	4.234891e-01
3.191869e+00	4.665550e-01	4.250772e-01
3.196557e+00	3.832500e-01	4.239416e-01
3.201245e+00	4.314650e-01	4.246726e-01
3.205934e+00	9.799500e-02	4.213456e-01
3.210622e+00	-3.820000e-01	4.170979e-01
3.215310e+00	-7.892750e-01	4.133760e-01
3.219998e+00	-1.530750e-01	4.178416e-01
3.224686e+00	-1.434350e-01	4.174054e-01
3.229375e+00	3.651050e-01	4.201903e-01
3.234063e+00	5.118900e-01	4.210674e-01
3.238751e+00	2.584050e-01	4.190606e-01
3.243439e+00	1.100250e-01	4.169572e-01
3.248128e+00	-1.160000e-03	4.156754e-01
3.252816e+00	1.795500e-01	4.176153e-01
3.257504e+00	1.227800e-01	4.159734e-01
3.262192e+00	-1.072250e-01	4.141689e-01
3.266881e+00	-2.426500e-01	4.120209e-01
3.271569e+00	9.724750e-01	4.217866e-01
3.276257e+00	4.162500e-02	4.144265e-01
3.280945e+00	-2.103100e-01	4.123438e-01
3.285633e+00	1.918450e-01	4.161035e-01
3.290322e+00	9.111500e-02	4.152785e-01
3.295010e+00	2.189150e-01	4.158876e-01
3.299698e+00	-1.893150e-01	4.119809e-01
3.304386e+00	-9.107500e-02	4.124647e-01
3.309075e+00	7.765650e-01	4.193850e-01
3.313763e+00	-3.858800e-01	4.091465e-01
3.318451e+00	-3.126950e-01	4.101038e-01
3.323139e+00	6.180000e-03	4.121499e-01
3.327828e+00	2.225250e-01	4.139070e-01
3.332516e+00	8.291500e-02	4.123703e-01
3.337204e+00	5.955100e-01	4.158527e-01
3.341892e+00	3.092200e-01	4.138607e-01
3.346580e+00	-2.840000e-03	4.101815e-01
3.351269e+00	3.188500e-01	4.126410e-01
3.355957e+00	-8.534500e-02	4.111487e-01
3.360645e+00	2.877400e-01	4.232905e-01
3.365333e+00	2.394700e-01	4.296270e-01
3.370022e+00	2.857150e-01	4.344737e-01
3.374710e+00	3.672850e-01	4.368526e-01
3.379398e+00	-2.912500e-01	4.324432e-01
3.384086e+00	-3.773350e-01	4.331164e-01
3.388774e+00	-5.395000e-03	4.367681e-01
3.393463e+00	-1.216350e-01	4.361953e-01
3.398151e+00	-4.098400e-01	4.331370e-01
3.402839e+00	-1.108550e-01	4.365727e-01
3.407527e+00	9.638500e-02	4.395548e-01
3.412216e+00	7.628500e-02	4.409605e-01
3.416904e+00	2.325950e-01	4.422462e-01
3.421592e+00	3.148600e-01	4.435579e-01
3.426280e+00	-2.583300e-01	4.394591e-01
3.430969e+00	2.934500e-01	4.452923e-01
3.435657e+00	5.256000e-01	4.478517e-01
3.440345e+00	4.227750e-01	4.476299e-01
3.445033e+00	5.118900e-01	4.499123e-01
3.449721e+00	2.226900e-01	4.468307e-01
3.454410e+00	-4.198850e-01	4.417479e-01
3.459098e+00	1.121000e-02	4.465389e-01
3.463786e+00	4.902800e-01	4.510343e-01
3.468474e+00	4.943550e-01	4.518992e-01
3.473163e+00	7.644500e-02	4.489123e-01
3.477851e+00	-8.498000e-02	4.473554e-01
3.482539e+00	-2.471500e-01	4.468510e-01
3.487227e+00	-6.809500e-02	4.483486e-01
3.491916e+00	-1.588700e-01	4.492990e-01
3.496604e+00	4.521500e-01	4.550151e-01
3.501292e+00	-7.215000e-03	4.506040e-01
3.505980e+00	-3.113150e-01	4.483666e-01
3.510668e+00	-2.100800e-01	4.502807e-01
3.515357e+00	-1.396350e-01	4.513427e-01
3.520045e+00	1.596650e-01	4.540781e-01
3.524733e+00	-2.629000e-01	4.507299e-01
3.529421e+00	-6.312850e-01	4.475448e-01
3.534110e+00	1.483000e-01	4.548186e-01
3.538798e+00	2.692450e-01	4.567610e-01
3.543486e+00	-1.998150e-01	4.528989e-01
3.548174e+00	-9.660500e-02	4.550175e-01
3.552863e+00	4.816400e-01	4.607282e-01
3.557551e+00	-1.146800e-01	4.560244e-01
3.562239e+00	-3.318650e-01	4.537220e-01
3.566927e+00	7.264500e-02	4.573512e-01
3.571615e+00	8.001000e-02	4.575999e-01
3.576304e+00	1.426200e-01	4.588992e-01
3.580992e+00	-5.071200e-01	4.531472e-01
3.585680e+00	3.661300e-01	4.601710e-01
3.590368e+00	7.474700e-01	4.634604e-01
3.595057e+00	2.878400e-01	4.594942e-01
3.599745e+00	4.954400e-01	4.604279e-01
3.604433e+00	-3.779600e-01	4.525453e-01
3.609121e+00	-5.471500e-01	4.512944e-01
3.613809e+00	2.442900e-01	4.582835e-01
3.618498e+00	1.040050e-01	4.568409e-01
3.623186e+00	2.452100e-01	4.582157e-01
3.627874e+00	-9.164500e-02	4.558109e-01
3.632562e+00	6.692500e-02	4.578182e-01
3.637251e+00	2.035700e-01	4.600033e-01
3.641939e+00	4.233850e-01	4.618833e-01
3.646627e+00	5.698150e-01	4.628792e-01
3.651315e+00	6.895000e-02	4.586644e-01
3.656004e+00	1.234550e-01	4.608571e-01
3.660692e+00	-6.204050e-01	4.628311e-01
3.665380e+00	3.182300e-01	4.871227e-01
3.670068e+00	4.263500e-02	4.921077e-01
3.674756e+00	5.788000e-01	5.047766e-01
3.679445e+00	1.270595e+00	5.176939e-01
3.684133e+00	1.456250e-01	5.097214e-01
3.688821e+00	-3.269500e-01	5.081777e-01
3.693509e+00	2.113550e-01	5.163549e-01
3.698198e+00	5.600000e-02	5.171105e-01
3.702886e+00	-5.935600e-01	5.136810e-01
3.707574e+00	-1.287650e-01	5.212262e-01
3.712262e+00	1.016000e-01	5.268361e-01
3.716951e+00	-4.975850e-01	5.229232e-01
3.721639e+00	1.386500e-01	5.318991e-01
3.726327e+00	2.180400e-01	5.344486e-01
3.731015e+00	-1.447200e-01	5.325416e-01
3.735703e+00	1.732600e-01	5.389640e-01
3.740392e+00	4.992000e-01	5.447657e-01
3.745080e+00	4.384500e-02	5.424915e-01
3.749768e+00	-9.267900e-01	5.337401e-01
3.754456e+00	-2.576800e-01	5.436217e-01
3.759145e+00	1.337850e-01	5.502020e-01
3.763833e+00	1.896450e-01	5.527389e-01
3.768521e+00	-2.773000e-02	5.517247e-01
3.773209e+00	1.252800e-01	5.564499e-01
3.777897e+00	-3.025400e-01	5.536266e-01
3.782586e+00	-4.335000e-02	5.593473e-01
3.787274e+00	-4.089700e-01	5.575048e-01
3.791962e+00	1.238800e-01	5.641140e-01
3.796650e+00	2.306850e-01	5.683076e-01
3.801339e+00	-2.046100e-01	5.657614e-01
3.806027e+00	2.362350e-01	5.735403e-01
3.810715e+00	-4.862200e-01	5.665040e-01
3.815403e+00	-1.019980e+00	5.631500e-01
3.820092e+00	1.719500e-02	5.780197e-01
3.824780e+00	7.988850e-01	5.871197e-01
3.829468e+00	4.863700e-01	5.870982e-01
3.834156e+00	-3.631500e-02	5.818006e-01
3.838844e+00	-3.716150e-01	5.804382e-01
3.843533e+00	1.151350e-01	5.885821e-01
3.848221e+00	2.546800e-01	5.925119e-01
3.852909e+00	2.178400e-01	5.933795e-01
3.857597e+00	4.291500e-01	5.986039e-01
3.862286e+00	-2.620350e-01	5.932803e-01
3.866974e+00	-1.317000e-01	5.967288e-01
3.871662e+00	-2.289300e-01	5.960533e-01
3.876350e+00	2.080950e-01	6.034363e-01
3.881039e+00	-4.362900e-01	5.982780e-01
3.885727e+00	9.274350e-01	6.170007e-01
3.890415e+00	6.642200e-01	6.155226e-01
3.895103e+00	-1.171250e-01	6.086663e-01
3.899791e+00	3.597950e-01	6.159251e-01
3.904480e+00	-2.009000e-01	6.127261e-01
3.909168e+00	-5.709850e-01	6.093316e-01
3.913856e+00	5.216050e-01	6.262068e-01
3.918544e+00	-3.862850e-01	6.174732e-01
3.923233e+00	-5.382500e-01	6.174012e-01
3.927921e+00	7.191800e-01	6.342549e-01
3.932609e+00	-1.635400e-01	6.256616e-01
3.937297e+00	1.951900e-01	6.312351e-01
3.941986e+00	4.057200e-01	6.331891e-01
3.946674e+00	1.291700e-01	6.300742e-01
3.951362e+00	1.052200e-01	6.313454e-01
3.956050e+00	1.657500e-02	6.283886e-01
3.960738e+00	4.949950e-01	6.346402e-01
3.965427e+00	5.219150e-01	6.363683e-01
3.970115e+00	2.727700e-01	6.341611e-01
3.974803e+00	1.449135e+00	6.521218e-01
3.979491e+00	7.469100e-01	6.450514e-01
3.984180e+00	-8.061200e-01	6.265676e-01
3.988868e+00	-3.056000e-02	6.410381e-01
3.993556e+00	-1.789700e-01	6.401554e-01
3.998244e+00	6.767000e-02	6.438456e-01
4.002932e+00	8.332300e-01	6.565333e-01
4.007621e+00	5.867500e-01	6.566170e-01
4.012309e+00	7.002450e-01	6.584759e-01
4.016997e+00	5.957000e-01	6.589268e-01
4.021685e+00	4.463600e-01	6.593949e-01
4.026374e+00	-5.821100e-01	6.495565e-01
4.031062e+00	1.713000e-01	6.608115e-01
4.035750e+00	-4.125300e-01	6.571667e-01
4.040438e+00	1.790950e-01	6.673714e-01
4.045127e+00	4.417500e-01	6.716551e-01
4.049815e+00	-1.338650e-01	6.671910e-01
4.054503e+00	-2.899150e-01	6.672230e-01
4.059191e+00	6.716150e-01	6.809841e-01
4.063879e+00	6.877500e-01	6.840127e-01
4.068568e+00	6.382550e-01	6.862209e-01
4.073256e+00	2.898900e-01	6.840851e-01
4.077944e+00	7.134050e-01	6.904838e-01
4.082632e+00	1.253400e+00	6.998189e-01
4.087321e+00	8.101200e-01	6.978211e-01
4.092009e+00	6.052650e-01	6.983385e-01
4.096697e+00	1.379600e-01	6.949641e-01
4.101385e+00	-4.204050e-01	6.868295e-01
4.106074e+00	-7.701250e-01	6.860060e-01
4.110762e+00	-3.976300e-01	6.927571e-01
4.115450e+00	-2.033800e-01	6.986381e-01
4.120138e+00	-1.409345e+00	6.852868e-01
4.124826e+00	-6.271500e-02	7.067750e-01
4.129515e+00	3.257100e-01	7.163367e-01
4.134203e+00	5.983300e-01	7.204423e-01
4.138891e+00	2.975500e-01	7.195704e-01
4.143579e+00	3.783150e-01	7.228076e-01
4.148268e+00	-1.729900e-01	7.188087e-01
4.152956e+00	5.632250e-01	7.317648e-01
4.157644e+00	9.479650e-01	7.371779e-01
4.162332e+00	2.895650e-01	7.324221e-01
4.167021e+00	1.765900e-01	7.338996e-01
4.171709e+00	2.897500e-02	7.327310e-01
4.176397e+00	-6.273300e-01	7.266773e-01
4.181085e+00	6.659500e-02	7.388205e-01
4.185773e+00	5.287700e-01	7.482582e-01
4.190462e+00	6.489050e-01	7.546240e-01
4.195150e+00	5.604500e-01	7.572800e-01
4.199838e+00	1.045315e+00	7.656308e-01
4.204526e+00	1.258080e+00	7.707722e-01
4.209215e+00	5.606200e-01	7.649336e-01
4.213903e+00	3.641000e-02	7.595323e-01
4.218591e+00	-2.750250e-01	7.573783e-01
4.223279e+00	3.034500e-02	7.666622e-01
4.227967e+00	9.603450e-01	7.823546e-01
4.232656e+00	6.547100e-01	7.819824e-01
4.237344e+00	1.037395e+00	7.901284e-01
4.242032e+00	1.210720e+00	7.951975e-01
4.246720e+00	4.909350e-01	7.868426e-01
4.251409e+00	1.881555e+00	8.128108e-01
4.256097e+00	5.060450e-01	7.982635e-01
4.260785e+00	2.831800e-01	7.958430e-01
4.265473e+00	5.076750e-01	8.013832e-01
4.270162e+00	7.433500e-02	7.984250e-01
4.274850e+00	-4.476000e-02	8.035463e-01
4.279538e+00	-4.467700e-01	8.012823e-01
4.284226e+00	3.317800e-01	8.135796e-01
4.288914e+00	-7.038250e-01	8.001678e-01
4.293603e+00	1.575595e+00	8.379200e-01
4.298291e+00	3.371300e-01	8.218157e-01
4.302979e+00	-1.189375e+00	7.987575e-01
4.307667e+00	-9.274900e-01	8.084215e-01
4.312356e+00	1.294050e-01	8.276946e-01
4.317044e+00	-6.252950e-01	8.205964e-01
4.321732e+00	1.647100e-01	8.351295e-01
4.326420e+00	-3.514250e-01	8.328310e-01
4.331109e+00	-4.806000e-01	8.351757e-01
4.335797e+00	6.697100e-01	8.550611e-01
4.340485e+00	7.414200e-01	8.631155e-01
4.345173e+00	9.155800e-01	8.683026e-01
4.349861e+00	8.888900e-01	8.738746e-01
4.354550e+00	2.438200e-01	8.670168e-01
4.359238e+00	-3.393750e-01	8.586549e-01
4.363926e+00	1.681145e+00	8.981203e-01
4.368614e+00	4.044750e-01	8.820567e-01
4.373303e+00	-2.595250e-01	8.732571e-01
4.377991e+00	6.971150e-01	8.948252e-01
4.382679e+00	8.315350e-01	8.991243e-01
4.387367e+00	3.356300e-01	8.941431e-01
4.392056e+00	-5.544950e-01	8.840942e-01
4.396744e+00	1.189800e-01	9.011671e-01
4.401432e+00	5.125000e-01	9.128089e-01
4.406120e+00	3.069550e-01	9.108225e-01
4.410808e+00	6.322200e-01	9.191495e-01
4.415497e+00	1.280815e+00	9.306249e-01
4.420185e+00	1.448390e+00	9.324816e-01
4.424873e+00	3.270000e-01	9.125850e-01
4.429561e+00	8.737900e-01	9.253317e-01
4.434250e+00	8.143750e-01	9.260953e-01
4.438938e+00	1.290275e+00	9.338591e-01
4.443626e+00	5.004750e-01	9.214910e-01
4.448314e+00	1.068000e-01	9.160989e-01
4.453002e+00	9.386500e-02	9.202494e-01
4.457691e+00	1.008705e+00	9.424999e-01
4.462379e+00	1.098785e+00	9.496876e-01
4.467067e+00	1.018865e+00	9.505811e-01
4.471755e+00	2.591050e-01	9.429032e-01
4.476444e+00	7.468250e-01	9.572312e-01
4.481132e+00	2.083450e-01	9.533335e-01
4.485820e+00	8.681000e-02	9.563153e-01
4.490508e+00	-7.238900e-01	9.440272e-01
4.495197e+00	6.375500e-02	9.623995e-01
4.499885e+00	-3.454150e-01	9.622891e-01
4.504573e+00	-9.526750e-01	9.539607e-01
4.509261e+00	3.447700e-01	9.854953e-01
4.513949e+00	-4.927650e-01	9.756012e-01
4.518638e+00	2.233050e-01	9.949841e-01
4.523326e+00	-6.462000e-02	9.934675e-01
4.528014e+00	-1.784000e-02	9.969855e-01
4.532702e+00	6.660250e-01	1.023225e+00
4.537391e+00	8.652350e-01	1.031757e+00
4.542079e+00	-3.444550e-01	1.014107e+00
4.546767e+00	2.268050e-01	1.028526e+00
4.551455e+00	-2.648350e-01	1.028406e+00
4.556144e+00	-1.732605e+00	1.004052e+00
4.560832e+00	-1.499785e+00	1.012415e+00
4.565520e+00	-8.835350e-01	1.033618e+00
4.570208e+00	2.450800e-01	1.065171e+00
4.574896e+00	-1.541450e-01	1.061054e+00
4.579585e+00	6.409250e-01	1.087600e+00
4.584273e+00	-3.600400e-01	1.075279e+00
4.588961e+00	6.493650e-01	1.105511e+00
4.593649e+00	3.731350e-01	1.102479e+00
4.598338e+00	1.003695e+00	1.123558e+00
4.603026e+00	2.503550e-01	1.116324e+00
4.607714e+00	2.382000e-01	1.126695e+00
4.612402e+00	4.102150e-01	1.135153e+00
4.617091e+00	-9.832700e-01	1.109623e+00
4.621779e+00	-4.845400e-01	1.128550e+00
4.626467e+00	1.299990e+00	1.180457e+00
4.631155e+00	-3.970750e-01	1.150584e+00
4.635843e+00	3.362700e-01	1.170526e+00
4.640532e+00	-2.626500e-02	1.174772e+00
4.645220e+00	1.310575e+00	1.217997e+00
4.649908e+00	1.127505e+00	1.224685e+00
4.654596e+00	1.247305e+00	1.235353e+00
4.659285e+00	-8.094550e-01	1.196060e+00
4.663973e+00	1.646600e-01	1.228470e+00
4.668661e+00	2.356900e-01	1.240962e+00
4.673349e+00	-2.111700e-01	1.240222e+00
4.678037e+00	-8.291500e-02	1.255778e+00
4.682726e+00	9.647900e-01	1.289462e+00
4.687414e+00	2.190750e-01	1.283369e+00
4.692102e+00	6.344550e-01	1.303550e+00
4.696790e+00	6.893450e-01	1.320530e+00
4.701479e+00	-6.048750e-01	1.299750e+00
4.706167e+00	-2.461100e+00	1.260241e+00
4.710855e+00	9.667900e-01	1.359793e+00
4.715543e+00	1.517615e+00	1.389812e+00
4.720232e+00	-1.339100e-01	1.362583e+00
4.724920e+00	-2.316070e+00	1.312823e+00
4.729608e+00	3.330000e-02	1.394725e+00
4.734296e+00	-7.209250e-01	1.385025e+00
4.738984e+00	-1.382805e+00	1.381674e+00
4.743673e+00	9.070200e-01	1.464783e+00
4.748361e+00	-4.322200e-01	1.439237e+00
4.753049e+00	-1.945565e+00	1.405089e+00
4.757737e+00	-2.077100e-01	1.486170e+00
4.762426e+00	1.091005e+00	1.540030e+00
4.767114e+00	3.387500e-01	1.538192e+00
4.771802e+00	7.306500e-02	1.546910e+00
4.776490e+00	1.945470e+00	1.614925e+00
4.781179e+00	9.289550e-01	1.616617e+00
4.785867e+00	1.193035e+00	1.646849e+00
4.790555e+00	1.204400e-01	1.634974e+00
4.795243e+00	-1.093300e+00	1.615280e+00
4.799931e+00	-1.187850e+00	1.641550e+00
4.804620e+00	3.882600e-01	1.711445e+00
4.809308e+00	1.403080e+00	1.779682e+00
4.813996e+00	-6.583000e-01	1.738707e+00
4.818684e+00	-5.684900e-01	1.767939e+00
4.823373e+00	2.393000e+00	1.897321e+00
4.828061e+00	2.031890e+00	1.916988e+00
4.832749e+00	7.940600e-01	1.915813e+00
4.837437e+00	-3.162955e+00	1.807088e+00
4.842125e+00	8.201150e-01	1.998011e+00
4.846814e+00	2.395415e+00	2.095015e+00
4.851502e+00	-9.231300e-01	2.012316e+00
4.856190e+00	-2.708030e+00	1.967345e+00
4.860878e+00	-3.658220e+00	1.969130e+00
4.865567e+00	1.818655e+00	2.269781e+00
4.870255e+00	2.216705e+00	2.335001e+00
4.874943e+00	9.780000e-03	2.303684e+00
4.879631e+00	-2.123600e-01	2.358658e+00
4.884320e+00	2.463975e+00	2.562910e+00
4.889008e+00	2.141545e+00	2.627306e+00
4.893696e+00	1.521625e+00	2.694045e+00
4.898384e+00	1.288810e+00	2.793472e+00
4.903072e+00	-3.623740e+00	2.627569e+00
4.907761e+00	3.146225e+00	3.148080e+00
4.912449e+00	6.720460e+00	4.661405e+00
4.917137e+00	-3.945895e+00	1.112492e+01
