# Sample description: GI
# Parent(s): ../20151214/GI_no_protection/1d/GI_np_030_00030.dat
# No protection
3.200246e-02	2.845660e+01	2.019657e+01
3.669069e-02	6.072060e+01	1.599774e+01
4.137892e-02	1.903508e+02	1.504401e+01
4.606715e-02	2.385623e+02	1.210659e+01
5.075538e-02	2.503434e+02	9.716321e+00
5.544361e-02	2.391056e+02	8.094220e+00
6.013183e-02	2.089070e+02	6.939121e+00
6.482006e-02	2.065076e+02	6.260925e+00
6.950829e-02	2.060231e+02	5.731259e+00
7.419652e-02	2.048540e+02	5.295962e+00
7.888475e-02	2.010216e+02	4.961137e+00
8.357298e-02	1.974046e+02	4.679934e+00
8.826121e-02	1.860828e+02	4.374980e+00
9.294944e-02	1.851143e+02	4.180802e+00
9.763767e-02	1.790146e+02	3.966609e+00
1.023259e-01	1.830308e+02	3.865458e+00
1.070141e-01	1.831587e+02	3.750074e+00
1.117024e-01	1.824222e+02	3.636320e+00
1.163906e-01	1.760709e+02	3.481117e+00
1.210788e-01	1.741945e+02	3.382762e+00
1.257670e-01	1.751005e+02	3.310246e+00
1.304553e-01	1.788333e+02	3.268149e+00
1.351435e-01	1.781201e+02	3.190469e+00
1.398317e-01	1.754430e+02	3.106802e+00
1.445200e-01	1.717973e+02	3.019141e+00
1.492082e-01	1.731504e+02	2.974731e+00
1.538964e-01	1.718118e+02	2.908439e+00
1.585846e-01	1.709271e+02	2.849884e+00
1.632729e-01	1.689232e+02	2.790144e+00
1.679611e-01	1.719475e+02	2.768109e+00
1.726493e-01	1.697257e+02	2.709078e+00
1.773376e-01	1.673250e+02	2.648907e+00
1.820258e-01	1.656890e+02	2.601380e+00
1.867140e-01	1.631464e+02	2.550500e+00
1.914022e-01	1.638975e+02	2.521231e+00
1.960905e-01	1.609646e+02	2.465118e+00
2.007787e-01	1.587615e+02	2.423060e+00
2.054669e-01	1.601488e+02	2.402950e+00
2.101552e-01	1.609765e+02	2.379895e+00
2.148434e-01	1.603836e+02	2.345297e+00
2.195316e-01	1.564897e+02	2.293828e+00
2.242199e-01	1.564406e+02	2.268101e+00
2.289081e-01	1.543837e+02	2.231786e+00
2.335963e-01	1.512425e+02	2.187909e+00
2.382845e-01	1.503828e+02	2.158538e+00
2.429728e-01	1.479784e+02	2.122232e+00
2.476610e-01	1.478428e+02	2.101026e+00
2.523492e-01	1.487422e+02	2.085037e+00
2.570375e-01	1.456974e+02	2.044970e+00
2.617257e-01	1.474788e+02	2.036503e+00
2.664139e-01	1.452743e+02	2.005317e+00
2.711021e-01	1.420970e+02	1.969204e+00
2.757904e-01	1.417626e+02	1.948394e+00
2.804786e-01	1.408238e+02	1.927468e+00
2.851668e-01	1.371476e+02	1.890384e+00
2.898551e-01	1.359895e+02	1.867124e+00
2.945433e-01	1.326886e+02	1.833152e+00
2.992315e-01	1.307628e+02	1.848167e+00
3.039197e-01	1.312528e+02	1.864870e+00
3.086080e-01	1.293988e+02	1.860093e+00
3.132962e-01	1.254331e+02	1.835903e+00
3.179844e-01	1.245182e+02	1.829849e+00
3.226727e-01	1.270772e+02	1.845518e+00
3.273609e-01	1.216915e+02	1.810377e+00
3.320491e-01	1.174938e+02	1.780818e+00
3.367374e-01	1.180783e+02	1.780497e+00
3.414256e-01	1.175922e+02	1.773444e+00
3.461138e-01	1.169338e+02	1.766111e+00
3.508020e-01	1.135011e+02	1.740032e+00
3.554903e-01	1.125020e+02	1.727159e+00
3.601785e-01	1.113869e+02	1.716970e+00
3.648667e-01	1.112478e+02	1.728732e+00
3.695550e-01	1.093245e+02	1.755140e+00
3.742432e-01	1.064988e+02	1.757022e+00
3.789314e-01	1.047632e+02	1.761432e+00
3.836196e-01	1.036080e+02	1.764075e+00
3.883079e-01	1.040862e+02	1.777780e+00
3.929961e-01	1.010604e+02	1.773202e+00
3.976843e-01	9.919390e+01	1.783052e+00
4.023726e-01	9.728167e+01	1.787693e+00
4.070608e-01	9.618462e+01	1.786997e+00
4.117490e-01	9.377813e+01	1.773018e+00
4.164372e-01	9.265536e+01	1.766687e+00
4.211255e-01	8.976186e+01	1.748923e+00
4.258137e-01	8.993219e+01	1.751473e+00
4.305019e-01	9.118438e+01	1.759872e+00
4.351902e-01	8.843104e+01	1.735397e+00
4.398784e-01	8.703351e+01	1.722428e+00
4.445666e-01	8.499898e+01	1.728278e+00
4.492548e-01	8.375446e+01	1.776136e+00
4.539431e-01	8.057514e+01	1.782741e+00
4.586313e-01	7.964037e+01	1.800511e+00
4.633195e-01	7.817292e+01	1.812916e+00
4.680078e-01	7.588611e+01	1.812634e+00
4.726960e-01	7.592153e+01	1.833935e+00
4.773842e-01	7.168204e+01	1.812724e+00
4.820725e-01	7.469078e+01	1.859019e+00
4.867607e-01	7.113948e+01	1.844392e+00
4.914489e-01	7.200359e+01	1.866012e+00
4.961371e-01	6.784159e+01	1.843855e+00
5.008254e-01	6.757789e+01	1.855035e+00
5.055136e-01	6.326824e+01	1.828257e+00
5.102018e-01	6.443780e+01	1.799041e+00
5.148901e-01	6.328008e+01	1.724027e+00
5.195783e-01	6.056892e+01	1.669991e+00
5.242665e-01	6.144133e+01	1.657691e+00
5.289547e-01	6.132679e+01	1.641204e+00
5.336430e-01	5.949855e+01	1.609244e+00
5.383312e-01	5.970569e+01	1.597181e+00
5.430194e-01	5.663325e+01	1.561111e+00
5.477077e-01	5.528133e+01	1.539196e+00
5.523959e-01	5.152220e+01	1.494241e+00
5.570841e-01	5.248507e+01	1.496150e+00
5.617723e-01	5.232161e+01	1.488545e+00
5.664606e-01	5.292140e+01	1.487213e+00
5.711488e-01	5.248352e+01	1.477299e+00
5.758370e-01	4.823398e+01	1.428722e+00
5.805253e-01	4.824873e+01	1.420929e+00
5.852135e-01	4.737384e+01	1.400752e+00
5.899017e-01	4.507852e+01	1.370724e+00
5.945900e-01	4.440540e+01	1.354834e+00
5.992782e-01	4.422510e+01	1.342841e+00
6.039664e-01	4.243606e+01	1.318862e+00
6.086546e-01	4.167440e+01	1.303273e+00
6.133429e-01	4.151999e+01	1.292767e+00
6.180311e-01	3.917651e+01	1.264520e+00
6.227193e-01	3.853843e+01	1.249578e+00
6.274076e-01	3.774048e+01	1.237714e+00
6.320958e-01	3.689548e+01	1.225147e+00
6.367840e-01	3.637966e+01	1.217077e+00
6.414722e-01	3.481967e+01	1.198219e+00
6.461605e-01	3.346445e+01	1.182225e+00
6.508487e-01	3.314467e+01	1.177875e+00
6.555369e-01	3.158414e+01	1.157026e+00
6.602252e-01	3.182795e+01	1.158004e+00
6.649134e-01	2.954740e+01	1.132536e+00
6.696016e-01	2.920621e+01	1.125706e+00
6.742898e-01	2.770580e+01	1.106986e+00
6.789781e-01	2.806098e+01	1.110250e+00
6.836663e-01	2.895325e+01	1.116828e+00
6.883545e-01	2.731035e+01	1.096934e+00
6.930428e-01	2.411341e+01	1.061487e+00
6.977310e-01	2.532150e+01	1.071324e+00
7.024192e-01	2.445052e+01	1.059825e+00
7.071074e-01	2.449698e+01	1.058302e+00
7.117957e-01	2.268646e+01	1.037385e+00
7.164839e-01	2.183386e+01	1.025389e+00
7.211721e-01	2.250460e+01	1.030508e+00
7.258604e-01	2.208309e+01	1.023197e+00
7.305486e-01	2.066990e+01	1.006719e+00
7.352368e-01	1.993196e+01	9.966123e-01
7.399251e-01	1.909830e+01	9.846234e-01
7.446133e-01	2.003105e+01	9.930084e-01
7.493015e-01	1.743110e+01	9.645853e-01
7.539897e-01	1.668538e+01	9.516704e-01
7.586780e-01	1.805157e+01	9.654602e-01
7.633662e-01	1.613047e+01	9.433544e-01
7.680544e-01	1.699271e+01	9.504575e-01
7.727427e-01	1.604920e+01	9.369060e-01
7.774309e-01	1.454722e+01	9.194810e-01
7.821191e-01	1.519980e+01	9.250820e-01
7.868073e-01	1.568820e+01	9.271064e-01
7.914956e-01	1.282902e+01	8.940054e-01
7.961838e-01	1.278482e+01	8.913441e-01
8.008720e-01	1.370474e+01	9.007274e-01
8.055603e-01	1.449614e+01	9.080058e-01
8.102485e-01	1.368888e+01	8.985734e-01
8.149367e-01	1.315243e+01	8.889162e-01
8.196249e-01	1.223944e+01	8.760107e-01
8.243132e-01	1.164814e+01	8.674406e-01
8.290014e-01	1.218637e+01	8.724561e-01
8.336896e-01	1.152576e+01	8.638812e-01
8.383779e-01	9.795795e+00	8.413345e-01
8.430661e-01	9.647575e+00	8.387654e-01
8.477543e-01	9.396780e+00	8.359474e-01
8.524425e-01	9.229335e+00	8.314859e-01
8.571308e-01	8.122805e+00	8.180121e-01
8.618190e-01	7.988410e+00	8.122075e-01
8.665072e-01	9.052610e+00	8.224195e-01
8.711955e-01	7.190050e+00	7.987527e-01
8.758837e-01	7.381545e+00	8.004137e-01
8.805719e-01	8.050230e+00	8.072457e-01
8.852602e-01	7.427110e+00	7.995573e-01
8.899484e-01	6.738830e+00	7.884912e-01
8.946366e-01	6.553805e+00	7.848326e-01
8.993248e-01	6.046895e+00	7.773850e-01
9.040131e-01	6.224995e+00	7.787489e-01
9.087013e-01	4.640095e+00	7.579697e-01
9.133895e-01	5.198410e+00	7.622303e-01
9.180778e-01	5.480825e+00	7.624748e-01
9.227660e-01	5.285250e+00	7.585753e-01
9.274542e-01	5.064650e+00	7.565177e-01
9.321424e-01	4.952040e+00	7.519278e-01
9.368307e-01	4.585775e+00	7.478131e-01
9.415189e-01	5.489535e+00	7.572835e-01
9.462071e-01	4.248630e+00	7.421243e-01
9.508954e-01	4.221505e+00	7.379922e-01
9.555836e-01	3.803775e+00	7.322487e-01
9.602718e-01	3.180790e+00	7.256109e-01
9.649600e-01	3.212865e+00	7.231139e-01
9.696483e-01	4.029795e+00	7.312428e-01
9.743365e-01	3.709495e+00	7.274610e-01
9.790247e-01	4.168175e+00	7.302052e-01
9.837130e-01	4.199865e+00	7.298991e-01
9.884012e-01	3.722495e+00	7.222559e-01
9.930894e-01	3.194310e+00	7.148740e-01
9.977777e-01	2.659915e+00	7.066766e-01
1.002466e+00	3.431905e+00	7.162316e-01
1.007154e+00	4.690680e+00	7.283506e-01
1.011842e+00	3.327915e+00	7.106312e-01
1.016531e+00	2.817540e+00	7.049941e-01
1.021219e+00	3.005410e+00	7.054294e-01
1.025907e+00	3.013415e+00	7.041828e-01
1.030595e+00	3.373400e+00	7.074775e-01
1.035283e+00	1.486940e+00	6.832008e-01
1.039972e+00	2.195230e+00	6.915975e-01
1.044660e+00	2.729375e+00	6.978875e-01
1.049348e+00	2.668430e+00	6.945969e-01
1.054036e+00	2.097915e+00	6.862467e-01
1.058725e+00	2.834295e+00	6.931396e-01
1.063413e+00	3.089940e+00	6.961898e-01
1.068101e+00	2.297400e+00	6.857886e-01
1.072789e+00	2.174455e+00	6.826543e-01
1.077478e+00	2.987405e+00	6.912412e-01
1.082166e+00	1.720925e+00	6.749827e-01
1.086854e+00	1.013880e+00	6.656335e-01
1.091542e+00	1.905685e+00	6.738337e-01
1.096230e+00	1.944005e+00	6.730673e-01
1.100919e+00	1.197015e+00	6.636743e-01
1.105607e+00	9.724950e-01	6.605186e-01
1.110295e+00	1.144430e+00	6.612437e-01
1.114983e+00	2.414520e+00	6.751765e-01
1.119672e+00	2.232125e+00	6.722693e-01
1.124360e+00	2.855855e+00	6.789080e-01
1.129048e+00	2.584780e+00	6.737871e-01
1.133736e+00	1.959230e+00	6.645862e-01
1.138425e+00	2.069815e+00	6.661232e-01
1.143113e+00	2.600255e+00	6.700263e-01
1.147801e+00	1.561955e+00	6.581793e-01
1.152489e+00	1.731705e+00	6.580982e-01
1.157177e+00	2.249295e+00	6.624333e-01
1.161866e+00	1.828760e+00	6.576345e-01
1.166554e+00	1.513940e+00	6.520802e-01
1.171242e+00	2.448225e+00	6.631154e-01
1.175930e+00	1.035330e+00	6.447643e-01
1.180619e+00	2.363730e+00	6.594162e-01
1.185307e+00	1.376020e+00	6.470303e-01
1.189995e+00	2.122890e+00	6.553841e-01
1.194683e+00	1.640960e+00	6.482741e-01
1.199372e+00	2.681760e+00	6.597348e-01
1.204060e+00	1.391235e+00	6.440351e-01
1.208748e+00	8.790850e-01	6.385486e-01
1.213436e+00	2.032400e+00	6.495832e-01
1.218124e+00	1.206125e+00	6.381930e-01
1.222813e+00	2.924380e+00	6.580316e-01
1.227501e+00	1.536805e+00	6.410900e-01
1.232189e+00	1.024075e+00	6.346021e-01
1.236877e+00	1.792505e+00	6.411258e-01
1.241566e+00	2.165775e+00	6.442358e-01
1.246254e+00	1.869425e+00	6.422034e-01
1.250942e+00	1.714870e+00	6.544182e-01
1.255630e+00	5.895900e-01	6.587774e-01
1.260318e+00	7.239800e-01	6.707516e-01
1.265007e+00	8.974100e-01	6.806942e-01
1.269695e+00	5.310200e-01	6.837463e-01
1.274383e+00	6.180450e-01	6.921535e-01
1.279071e+00	1.061255e+00	7.061369e-01
1.283760e+00	1.516505e+00	7.169982e-01
1.288448e+00	2.620055e+00	7.369335e-01
1.293136e+00	2.792935e+00	7.442737e-01
1.297824e+00	6.427300e-01	7.214830e-01
1.302513e+00	1.681500e+00	7.408393e-01
1.307201e+00	2.554460e+00	7.545437e-01
1.311889e+00	1.165715e+00	7.345211e-01
1.316577e+00	2.222825e+00	7.245288e-01
1.321265e+00	2.143120e+00	7.048445e-01
1.325954e+00	1.574255e+00	6.854265e-01
1.330642e+00	2.012220e+00	6.816165e-01
1.335330e+00	1.729385e+00	6.692036e-01
1.340018e+00	5.689750e-01	6.497438e-01
1.344707e+00	4.112950e-01	6.434345e-01
1.349395e+00	9.575900e-01	6.443853e-01
1.354083e+00	2.244010e+00	6.540260e-01
1.358771e+00	2.135010e+00	6.485303e-01
1.363460e+00	9.050700e-01	6.315668e-01
1.368148e+00	1.816940e+00	6.399666e-01
1.372836e+00	2.347440e+00	6.427157e-01
1.377524e+00	9.934100e-01	6.262699e-01
1.382212e+00	5.343250e-01	6.200967e-01
1.386901e+00	7.978900e-01	6.217275e-01
1.391589e+00	7.249200e-01	6.192609e-01
1.396277e+00	6.115450e-01	6.172447e-01
1.400965e+00	9.266550e-01	6.198688e-01
1.405654e+00	1.756200e+00	6.283845e-01
1.410342e+00	6.467350e-01	6.142219e-01
1.415030e+00	8.551350e-01	6.155734e-01
1.419718e+00	1.962400e+00	6.277136e-01
1.424406e+00	1.504995e+00	6.199917e-01
1.429095e+00	8.504350e-01	6.109315e-01
1.433783e+00	2.656885e+00	6.308570e-01
1.438471e+00	2.439870e+00	6.278069e-01
1.443159e+00	1.199790e+00	6.121487e-01
1.447848e+00	1.353705e+00	6.125434e-01
1.452536e+00	4.040000e-02	5.972133e-01
1.457224e+00	1.121100e+00	6.080313e-01
1.461912e+00	7.474950e-01	6.038512e-01
1.466601e+00	2.003350e+00	6.155422e-01
1.471289e+00	1.190660e+00	6.058061e-01
1.475977e+00	1.927875e+00	6.138655e-01
1.480665e+00	1.427370e+00	6.070828e-01
1.485353e+00	1.082565e+00	6.133304e-01
1.490042e+00	1.788135e+00	6.400271e-01
1.494730e+00	1.041835e+00	6.418864e-01
1.499418e+00	1.087945e+00	6.491527e-01
1.504106e+00	1.551980e+00	6.626430e-01
1.508795e+00	1.391640e+00	6.671717e-01
1.513483e+00	9.029000e-01	6.478707e-01
1.518171e+00	1.674795e+00	6.418699e-01
1.522859e+00	2.761980e+00	6.425444e-01
1.527548e+00	1.445285e+00	6.220176e-01
1.532236e+00	1.137760e+00	6.130469e-01
1.536924e+00	1.407855e+00	6.113422e-01
1.541612e+00	1.210920e+00	6.050685e-01
1.546300e+00	1.164655e+00	6.038056e-01
1.550989e+00	1.282630e+00	6.032302e-01
1.555677e+00	1.692935e+00	6.046880e-01
1.560365e+00	1.908450e-01	5.836249e-01
1.565053e+00	3.253200e-01	5.836229e-01
1.569742e+00	5.757650e-01	5.833523e-01
1.574430e+00	8.454550e-01	5.848297e-01
1.579118e+00	6.374700e-01	5.831317e-01
1.583806e+00	1.276305e+00	5.908063e-01
1.588495e+00	1.223065e+00	5.914178e-01
1.593183e+00	1.369400e-01	5.797927e-01
1.597871e+00	8.940800e-01	5.869006e-01
1.602559e+00	1.255670e+00	5.903623e-01
1.607247e+00	6.536650e-01	5.828750e-01
1.611936e+00	2.044865e+00	5.970431e-01
1.616624e+00	1.810070e+00	5.922163e-01
1.621312e+00	9.407050e-01	5.828795e-01
1.626000e+00	1.194990e+00	5.844246e-01
1.630689e+00	5.917050e-01	5.782972e-01
1.635377e+00	5.934800e-01	5.759959e-01
1.640065e+00	5.131750e-01	5.739163e-01
1.644753e+00	5.032450e-01	5.743441e-01
1.649441e+00	9.685000e-02	5.693942e-01
1.654130e+00	7.069050e-01	5.745729e-01
1.658818e+00	2.869850e-01	5.698532e-01
1.663506e+00	6.599750e-01	5.723657e-01
1.668194e+00	4.156550e-01	5.685653e-01
1.672883e+00	2.009500e-01	5.658993e-01
1.677571e+00	1.199695e+00	5.751018e-01
1.682259e+00	1.039290e+00	5.739862e-01
1.686947e+00	4.173500e-02	5.604452e-01
1.691636e+00	2.387700e-01	5.624490e-01
1.696324e+00	6.916650e-01	5.667582e-01
1.701012e+00	3.535550e-01	5.609799e-01
1.705700e+00	-6.940500e-02	5.575450e-01
1.710388e+00	6.881900e-01	5.645611e-01
1.715077e+00	2.910950e-01	5.591426e-01
1.719765e+00	4.600600e-01	5.601527e-01
1.724453e+00	7.918350e-01	5.637556e-01
1.729141e+00	1.243420e+00	5.676858e-01
1.733830e+00	1.339060e+00	5.662429e-01
1.738518e+00	1.384830e+00	5.665722e-01
1.743206e+00	3.675900e-01	5.557360e-01
1.747894e+00	-9.635000e-03	5.512615e-01
1.752583e+00	3.741550e-01	5.548515e-01
1.757271e+00	6.664250e-01	5.563947e-01
1.761959e+00	-8.040500e-02	5.488280e-01
1.766647e+00	-2.776000e-01	5.455796e-01
1.771335e+00	6.925950e-01	5.548497e-01
1.776024e+00	1.253775e+00	5.602592e-01
1.780712e+00	-3.006850e-01	5.443692e-01
1.785400e+00	7.346350e-01	5.528752e-01
1.790088e+00	3.337200e-01	5.473055e-01
1.794777e+00	-6.547000e-02	5.444314e-01
1.799465e+00	-4.758000e-02	5.430391e-01
1.804153e+00	1.893650e-01	5.444199e-01
1.808841e+00	9.900950e-01	5.522384e-01
1.813530e+00	-5.136650e-01	5.355837e-01
1.818218e+00	-6.640000e-02	5.396006e-01
1.822906e+00	4.772150e-01	5.456589e-01
1.827594e+00	3.976500e-01	5.438592e-01
1.832282e+00	8.233100e-01	5.460362e-01
1.836971e+00	6.662300e-01	5.454236e-01
1.841659e+00	4.116150e-01	5.416439e-01
1.846347e+00	5.268550e-01	5.425755e-01
1.851035e+00	1.039070e+00	5.459319e-01
1.855724e+00	9.499950e-01	5.452881e-01
1.860412e+00	-8.443500e-02	5.343687e-01
1.865100e+00	-2.926800e-01	5.311812e-01
1.869788e+00	-2.922500e-02	5.330616e-01
1.874476e+00	-5.961500e-02	5.333648e-01
1.879165e+00	7.876500e-01	5.403434e-01
1.883853e+00	-4.505500e-01	5.265498e-01
1.888541e+00	4.713400e-01	5.351549e-01
1.893229e+00	1.052950e-01	5.318023e-01
1.897918e+00	4.060800e-01	5.343854e-01
1.902606e+00	-4.683500e-02	5.288460e-01
1.907294e+00	-2.113100e-01	5.266323e-01
1.911982e+00	-2.234550e-01	5.252025e-01
1.916671e+00	-5.055000e-03	5.270745e-01
1.921359e+00	3.684250e-01	5.303311e-01
1.926047e+00	5.556850e-01	5.323841e-01
1.930735e+00	1.174500e-02	5.254021e-01
1.935423e+00	1.935500e-02	5.244795e-01
1.940112e+00	3.303050e-01	5.260921e-01
1.944800e+00	3.760500e-01	5.266221e-01
1.949488e+00	-6.969500e-01	5.144438e-01
1.954176e+00	-5.167900e-01	5.158159e-01
1.958865e+00	5.195950e-01	5.234486e-01
1.963553e+00	-5.676000e-02	5.180332e-01
1.968241e+00	-1.499300e-01	5.157341e-01
1.972929e+00	7.373800e-01	5.245717e-01
1.977618e+00	4.307850e-01	5.207514e-01
1.982306e+00	-1.803400e-01	5.137579e-01
1.986994e+00	-7.074300e-01	5.083506e-01
1.991682e+00	-4.297850e-01	5.115644e-01
1.996370e+00	2.226650e-01	5.169955e-01
2.001059e+00	-4.747500e-02	5.165841e-01
2.005747e+00	7.221250e-01	5.231574e-01
2.010435e+00	2.064650e-01	5.172963e-01
2.015123e+00	-4.217550e-01	5.106627e-01
2.019812e+00	3.649450e-01	5.181767e-01
2.024500e+00	-2.922400e-01	5.110638e-01
2.029188e+00	1.890100e-01	5.150912e-01
2.033876e+00	1.115600e-01	5.134269e-01
2.038565e+00	-2.461900e-01	5.082754e-01
2.043253e+00	1.528750e-01	5.128593e-01
2.047941e+00	-2.565350e-01	5.093070e-01
2.052629e+00	-8.201000e-02	5.133428e-01
2.057317e+00	3.586150e-01	5.320457e-01
2.062006e+00	3.670900e-01	5.411019e-01
2.066694e+00	-1.661900e-01	5.425083e-01
2.071382e+00	6.632750e-01	5.563055e-01
2.076070e+00	3.105600e-01	5.585610e-01
2.080759e+00	6.499500e-01	5.671685e-01
2.085447e+00	8.146100e-01	5.721079e-01
2.090135e+00	-2.526200e-01	5.629442e-01
2.094823e+00	-4.251050e-01	5.625155e-01
2.099511e+00	1.220580e+00	5.827577e-01
2.104200e+00	-5.066700e-01	5.646341e-01
2.108888e+00	-2.968400e-01	5.678991e-01
2.113576e+00	9.593500e-01	5.833623e-01
2.118264e+00	6.104900e-01	5.737120e-01
2.122953e+00	-3.596400e-01	5.476264e-01
2.127641e+00	6.426400e-01	5.473871e-01
2.132329e+00	5.289150e-01	5.410594e-01
2.137017e+00	1.751150e-01	5.314324e-01
2.141706e+00	6.902250e-01	5.317988e-01
2.146394e+00	9.131450e-01	5.303295e-01
2.151082e+00	8.996950e-01	5.270037e-01
2.155770e+00	4.624500e-01	5.203924e-01
2.160458e+00	4.172650e-01	5.194799e-01
2.165147e+00	-3.892500e-01	5.103155e-01
2.169835e+00	9.357600e-01	5.219062e-01
2.174523e+00	1.125860e+00	5.227951e-01
2.179211e+00	1.253125e+00	5.233329e-01
2.183900e+00	1.112935e+00	5.211314e-01
2.188588e+00	-1.437600e-01	5.076264e-01
2.193276e+00	1.402500e-01	5.095792e-01
2.197964e+00	4.536150e-01	5.113341e-01
2.202653e+00	4.026250e-01	5.106337e-01
2.207341e+00	-2.379050e-01	5.036388e-01
2.212029e+00	-1.528400e-01	5.034768e-01
2.216717e+00	-7.914000e-02	5.032516e-01
2.221405e+00	1.703200e-01	5.057074e-01
2.226094e+00	3.440400e-01	5.061443e-01
2.230782e+00	-4.965350e-01	4.965763e-01
2.235470e+00	-2.877300e-01	4.983218e-01
2.240158e+00	5.961800e-01	5.067379e-01
2.244847e+00	5.662800e-01	5.056300e-01
2.249535e+00	7.152000e-01	5.059801e-01
2.254223e+00	4.322850e-01	5.022709e-01
2.258911e+00	5.023650e-01	5.020027e-01
2.263600e+00	7.801000e-01	5.050102e-01
2.268288e+00	5.271900e-01	5.022183e-01
2.272976e+00	6.832250e-01	5.029028e-01
2.277664e+00	-1.876550e-01	4.938757e-01
2.282352e+00	4.888600e-01	4.989786e-01
2.287041e+00	4.350700e-01	4.987730e-01
2.291729e+00	-4.425550e-01	4.892382e-01
2.296417e+00	1.389500e-01	4.939347e-01
2.301105e+00	-3.227000e-02	4.919221e-01
2.305794e+00	6.886650e-01	4.979048e-01
2.310482e+00	4.987050e-01	4.953011e-01
2.315170e+00	-2.128950e-01	4.887936e-01
2.319858e+00	3.635600e-01	4.931973e-01
2.324546e+00	8.228700e-01	4.972898e-01
2.329235e+00	4.746350e-01	4.923180e-01
2.333923e+00	4.703000e-01	4.928433e-01
2.338611e+00	8.545300e-01	4.959066e-01
2.343299e+00	7.524050e-01	4.947909e-01
2.347988e+00	-1.273100e-01	4.840202e-01
2.352676e+00	3.190050e-01	4.885505e-01
2.357364e+00	2.134350e-01	4.872143e-01
2.362052e+00	1.087185e+00	4.949730e-01
2.366741e+00	7.367600e-01	4.923402e-01
2.371429e+00	4.899500e-02	4.845649e-01
2.376117e+00	-1.832400e-01	4.818256e-01
2.380805e+00	1.552350e-01	4.845625e-01
2.385493e+00	8.397800e-01	4.902733e-01
2.390182e+00	9.435650e-01	4.910722e-01
2.394870e+00	7.637800e-01	4.890741e-01
2.399558e+00	1.137245e+00	4.915099e-01
2.404246e+00	8.280200e-01	4.875919e-01
2.408935e+00	3.087350e-01	4.826358e-01
2.413623e+00	-4.076550e-01	4.759523e-01
2.418311e+00	5.756650e-01	4.840849e-01
2.422999e+00	5.377600e-01	4.834130e-01
2.427688e+00	-9.560000e-02	4.765582e-01
2.432376e+00	-4.358100e-01	4.733387e-01
2.437064e+00	-2.550950e-01	4.752527e-01
2.441752e+00	-2.181700e-01	4.738292e-01
2.446440e+00	-7.134100e-01	4.685985e-01
2.451129e+00	4.933000e-01	4.794593e-01
2.455817e+00	-4.460500e-01	4.705135e-01
2.460505e+00	-1.049280e+00	4.640048e-01
2.465193e+00	-6.481100e-01	4.677298e-01
2.469882e+00	1.714150e-01	4.742664e-01
2.474570e+00	5.605500e-02	4.730450e-01
2.479258e+00	-5.621000e-02	4.717581e-01
2.483946e+00	1.765000e-03	4.718933e-01
2.488634e+00	2.880000e-02	4.714635e-01
2.493323e+00	-9.947500e-02	4.699613e-01
2.498011e+00	-3.910900e-01	4.674973e-01
2.502699e+00	5.638450e-01	4.749817e-01
2.507387e+00	2.901200e-01	4.727030e-01
2.512076e+00	-4.250000e-03	4.695219e-01
2.516764e+00	2.307300e-01	4.708781e-01
2.521452e+00	-1.194200e-01	4.670809e-01
2.526140e+00	1.761100e-01	4.692532e-01
2.530829e+00	2.824450e-01	4.697674e-01
2.535517e+00	7.612850e-01	4.732378e-01
2.540205e+00	6.561800e-01	4.709002e-01
2.544893e+00	2.275150e-01	4.669331e-01
2.549581e+00	6.474700e-01	4.693349e-01
2.554270e+00	-1.041000e-02	4.627730e-01
2.558958e+00	3.721600e-01	4.662088e-01
2.563646e+00	5.925000e-02	4.626956e-01
2.568334e+00	-5.262700e-01	4.570989e-01
2.573023e+00	3.834700e-01	4.649333e-01
2.577711e+00	6.093300e-01	4.657231e-01
2.582399e+00	2.273050e-01	4.620914e-01
2.587087e+00	5.094000e-02	4.603616e-01
2.591776e+00	3.990850e-01	4.639187e-01
2.596464e+00	1.824500e-01	4.619576e-01
2.601152e+00	-1.635200e-01	4.581042e-01
2.605840e+00	1.696650e-01	4.618436e-01
2.610528e+00	3.463300e-01	4.624139e-01
2.615217e+00	6.853300e-01	4.655111e-01
2.619905e+00	-7.413350e-01	4.523800e-01
2.624593e+00	6.639400e-01	4.637208e-01
2.629281e+00	3.162100e-01	4.611817e-01
2.633970e+00	-1.358100e-01	4.557459e-01
2.638658e+00	3.629400e-01	4.601815e-01
2.643346e+00	1.281000e-02	4.569859e-01
2.648034e+00	1.576000e-02	4.567625e-01
2.652723e+00	2.425350e-01	4.586858e-01
2.657411e+00	2.542150e-01	4.577471e-01
2.662099e+00	5.359500e-02	4.555308e-01
2.666787e+00	4.088750e-01	4.577071e-01
2.671475e+00	-1.240500e-01	4.531891e-01
2.676164e+00	2.065700e-01	4.558274e-01
2.680852e+00	5.979700e-01	4.594635e-01
2.685540e+00	4.753000e-02	4.538299e-01
2.690228e+00	1.899450e-01	4.548950e-01
2.694917e+00	1.325850e-01	4.537366e-01
2.699605e+00	-1.538200e-01	4.507255e-01
2.704293e+00	3.707300e-01	4.550486e-01
2.708981e+00	-1.916550e-01	4.490490e-01
2.713669e+00	3.834150e-01	4.543940e-01
2.718358e+00	2.538650e-01	4.524147e-01
2.723046e+00	4.070050e-01	4.536188e-01
2.727734e+00	8.413500e-02	4.503708e-01
2.732422e+00	1.380700e-01	4.501259e-01
2.737111e+00	-7.299500e-02	4.476032e-01
2.741799e+00	-2.201650e-01	4.468001e-01
2.746487e+00	3.398550e-01	4.509031e-01
2.751175e+00	5.371850e-01	4.523205e-01
2.755864e+00	8.626450e-01	4.542138e-01
2.760552e+00	2.480500e-02	4.467739e-01
2.765240e+00	5.933500e-01	4.515789e-01
2.769928e+00	5.283200e-01	4.511016e-01
2.774616e+00	-1.435850e-01	4.447032e-01
2.779305e+00	5.917350e-01	4.505279e-01
2.783993e+00	5.982050e-01	4.500051e-01
2.788681e+00	3.423150e-01	4.470787e-01
2.793369e+00	3.913950e-01	4.477322e-01
2.798058e+00	2.952850e-01	4.465938e-01
2.802746e+00	8.280000e-02	4.445040e-01
2.807434e+00	6.504500e-02	4.436669e-01
2.812122e+00	2.019450e-01	4.448142e-01
2.816811e+00	-3.871150e-01	4.391034e-01
2.821499e+00	-3.048400e-01	4.396409e-01
2.826187e+00	1.494450e-01	4.430962e-01
2.830875e+00	2.035000e-01	4.426870e-01
2.835563e+00	5.563400e-01	4.458455e-01
2.840252e+00	1.028615e+00	4.490251e-01
2.844940e+00	-2.264700e-01	4.383883e-01
2.849628e+00	3.936650e-01	4.433589e-01
2.854316e+00	-3.369600e-01	4.371143e-01
2.859005e+00	-2.394400e-01	4.453429e-01
2.863693e+00	-7.954500e-02	4.568843e-01
2.868381e+00	-2.105300e-01	4.614886e-01
2.873069e+00	-3.066450e-01	4.656770e-01
2.877758e+00	1.873650e-01	4.742535e-01
2.882446e+00	8.521500e-02	4.753143e-01
2.887134e+00	6.054350e-01	4.814258e-01
2.891822e+00	4.076000e-01	4.816230e-01
2.896510e+00	4.337500e-02	4.800780e-01
2.901199e+00	1.821650e-01	4.824906e-01
2.905887e+00	6.752500e-02	4.824783e-01
2.910575e+00	6.249250e-01	4.883135e-01
2.915263e+00	5.976200e-01	4.893325e-01
2.919952e+00	6.352000e-02	4.846635e-01
2.924640e+00	5.213400e-01	4.762659e-01
2.929328e+00	-3.216550e-01	4.600923e-01
2.934016e+00	2.764750e-01	4.591597e-01
2.938704e+00	5.675100e-01	4.587775e-01
2.943393e+00	-1.961000e-01	4.487428e-01
2.948081e+00	3.488350e-01	4.510782e-01
2.952769e+00	4.211800e-01	4.508753e-01
2.957457e+00	1.070700e-01	4.471478e-01
2.962146e+00	-2.325800e-01	4.423252e-01
2.966834e+00	6.609750e-01	4.493282e-01
2.971522e+00	7.196500e-01	4.492317e-01
2.976210e+00	1.624950e-01	4.452905e-01
2.980899e+00	2.238200e-01	4.450376e-01
2.985587e+00	3.223750e-01	4.440476e-01
2.990275e+00	1.124050e-01	4.409494e-01
2.994963e+00	-3.205900e-01	4.370989e-01
2.999651e+00	3.943450e-01	4.427063e-01
3.004340e+00	1.638100e-01	4.408856e-01
3.009028e+00	-1.279500e-01	4.375117e-01
3.013716e+00	-1.066750e-01	4.368658e-01
3.018404e+00	4.114500e-02	4.376332e-01
3.023093e+00	4.402550e-01	4.404209e-01
3.027781e+00	1.664100e-01	4.371092e-01
3.032469e+00	1.676400e-01	4.374628e-01
3.037157e+00	3.569750e-01	4.381541e-01
3.041846e+00	1.866200e-01	4.367566e-01
3.046534e+00	3.616150e-01	4.371795e-01
3.051222e+00	2.542400e-01	4.359097e-01
3.055910e+00	1.772000e-02	4.330424e-01
3.060598e+00	4.743800e-01	4.375627e-01
3.065287e+00	2.066500e-02	4.324599e-01
3.069975e+00	4.603000e-01	4.356316e-01
3.074663e+00	-3.356950e-01	4.286440e-01
3.079351e+00	5.678100e-01	4.357730e-01
3.084040e+00	1.197150e-01	4.313109e-01
3.088728e+00	-5.134000e-02	4.294740e-01
3.093416e+00	4.804800e-01	4.338591e-01
3.098104e+00	3.436100e-01	4.319982e-01
3.102793e+00	8.528900e-01	4.363753e-01
3.107481e+00	4.842750e-01	4.330299e-01
3.112169e+00	1.815000e-02	4.281716e-01
3.116857e+00	-1.028950e-01	4.268529e-01
3.121545e+00	-5.416150e-01	4.222351e-01
3.126234e+00	6.129500e-02	4.279937e-01
3.130922e+00	2.590200e-01	4.289572e-01
3.135610e+00	-1.002350e-01	4.254076e-01
3.140298e+00	4.232900e-01	4.291570e-01
3.144987e+00	3.226750e-01	4.283930e-01
3.149675e+00	3.903550e-01	4.282708e-01
3.154363e+00	4.149900e-01	4.276091e-01
3.159051e+00	3.738250e-01	4.273204e-01
3.163739e+00	-1.725850e-01	4.222683e-01
3.168428e+00	3.749550e-01	4.266991e-01
3.173116e+00	-1.205150e-01	4.219865e-01
3.177804e+00	1.678050e-01	4.240352e-01
3.182492e+00	-2.967950e-01	4.203385e-01
3.187181e+00	-4.232600e-01	4.185373e-01
3.191869e+00	5.251250e-01	4.257920e-01
3.196557e+00	1.077300e-01	4.218614e-01
3.201245e+00	5.040500e-02	4.217167e-01
3.205934e+00	7.777500e-02	4.214008e-01
3.210622e+00	2.189500e-01	4.223656e-01
3.215310e+00	-4.511500e-02	4.198783e-01
3.219998e+00	2.811350e-01	4.216937e-01
3.224686e+00	1.722550e-01	4.202640e-01
3.229375e+00	-1.751500e-02	4.172302e-01
3.234063e+00	8.402000e-02	4.177459e-01
3.238751e+00	4.957050e-01	4.212438e-01
3.243439e+00	3.286350e-01	4.189914e-01
3.248128e+00	7.132600e-01	4.217997e-01
3.252816e+00	4.902300e-01	4.203992e-01
3.257504e+00	7.242700e-01	4.211499e-01
3.262192e+00	8.526350e-01	4.222921e-01
3.266881e+00	6.768100e-01	4.198409e-01
3.271569e+00	1.723150e-01	4.154490e-01
3.276257e+00	-7.745000e-03	4.142389e-01
3.280945e+00	-5.719000e-02	4.138348e-01
3.285633e+00	7.314550e-01	4.207510e-01
3.290322e+00	2.730150e-01	4.169997e-01
3.295010e+00	-2.667050e-01	4.120914e-01
3.299698e+00	2.564350e-01	4.158834e-01
3.304386e+00	2.810350e-01	4.157530e-01
3.309075e+00	-5.266500e-02	4.128117e-01
3.313763e+00	-2.653400e-01	4.103662e-01
3.318451e+00	5.817050e-01	4.176682e-01
3.323139e+00	6.164000e-02	4.128259e-01
3.327828e+00	5.159150e-01	4.165226e-01
3.332516e+00	3.764950e-01	4.149927e-01
3.337204e+00	-1.915900e-01	4.096305e-01
3.341892e+00	-1.719500e-01	4.101386e-01
3.346580e+00	3.863900e-01	4.135855e-01
3.351269e+00	2.909400e-01	4.126335e-01
3.355957e+00	9.256500e-02	4.128244e-01
3.360645e+00	3.048500e-01	4.236591e-01
3.365333e+00	3.376300e-01	4.306896e-01
3.370022e+00	-1.266650e-01	4.311478e-01
3.374710e+00	-5.855750e-01	4.287843e-01
3.379398e+00	-5.515600e-01	4.303813e-01
3.384086e+00	3.788950e-01	4.399708e-01
3.388774e+00	7.246050e-01	4.433579e-01
3.393463e+00	1.955650e-01	4.392003e-01
3.398151e+00	-3.549000e-02	4.366671e-01
3.402839e+00	3.245750e-01	4.406278e-01
3.407527e+00	-1.401550e-01	4.377034e-01
3.412216e+00	-1.461150e-01	4.392338e-01
3.416904e+00	3.091450e-01	4.431557e-01
3.421592e+00	3.997200e-01	4.445417e-01
3.426280e+00	5.375900e-01	4.467426e-01
3.430969e+00	6.509600e-01	4.486797e-01
3.435657e+00	4.293600e-01	4.472407e-01
3.440345e+00	2.669150e-01	4.464874e-01
3.445033e+00	4.787900e-01	4.498597e-01
3.449721e+00	7.518800e-01	4.517647e-01
3.454410e+00	8.302150e-01	4.531472e-01
3.459098e+00	6.169800e-01	4.521779e-01
3.463786e+00	2.285200e-01	4.489384e-01
3.468474e+00	-1.633450e-01	4.462425e-01
3.473163e+00	3.092050e-01	4.512385e-01
3.477851e+00	3.725400e-01	4.517112e-01
3.482539e+00	8.809200e-01	4.572169e-01
3.487227e+00	2.474450e-01	4.514374e-01
3.491916e+00	2.925200e-01	4.536110e-01
3.496604e+00	4.205500e-01	4.549742e-01
3.501292e+00	1.734350e-01	4.524804e-01
3.505980e+00	2.505050e-01	4.537103e-01
3.510668e+00	-2.978000e-01	4.497203e-01
3.515357e+00	-1.464750e-01	4.515209e-01
3.520045e+00	1.601350e-01	4.543244e-01
3.524733e+00	1.337100e-01	4.545881e-01
3.529421e+00	3.741650e-01	4.569789e-01
3.534110e+00	4.189200e-01	4.575198e-01
3.538798e+00	8.103500e-02	4.552912e-01
3.543486e+00	-1.285350e-01	4.537940e-01
3.548174e+00	-2.565650e-01	4.537936e-01
3.552863e+00	5.221000e-01	4.613401e-01
3.557551e+00	1.740000e-01	4.589045e-01
3.562239e+00	-2.463650e-01	4.547517e-01
3.566927e+00	3.540150e-01	4.601663e-01
3.571615e+00	6.873900e-01	4.633815e-01
3.576304e+00	2.706600e-01	4.603151e-01
3.580992e+00	1.927000e-01	4.598422e-01
3.585680e+00	3.562300e-01	4.603260e-01
3.590368e+00	-1.766300e-01	4.552645e-01
3.595057e+00	4.500000e-04	4.571120e-01
3.599745e+00	6.844000e-02	4.567794e-01
3.604433e+00	6.609400e-01	4.622737e-01
3.609121e+00	1.871200e-01	4.582929e-01
3.613809e+00	-7.847000e-02	4.555703e-01
3.618498e+00	3.632250e-01	4.594558e-01
3.623186e+00	5.818700e-01	4.615326e-01
3.627874e+00	4.409450e-01	4.609367e-01
3.632562e+00	-8.497550e-01	4.495623e-01
3.637251e+00	-3.729900e-01	4.549392e-01
3.641939e+00	-1.155000e-03	4.582377e-01
3.646627e+00	4.943850e-01	4.624373e-01
3.651315e+00	2.960700e-01	4.609967e-01
3.656004e+00	3.933850e-01	4.635763e-01
3.660692e+00	5.588950e-01	4.740731e-01
3.665380e+00	8.099900e-01	4.920886e-01
3.670068e+00	5.228550e-01	4.970781e-01
3.674756e+00	1.225410e+00	5.114126e-01
3.679445e+00	6.169550e-01	5.114620e-01
3.684133e+00	2.714050e-01	5.112725e-01
3.688821e+00	7.664100e-01	5.196350e-01
3.693509e+00	-1.990500e-02	5.142423e-01
3.698198e+00	3.373400e-01	5.203034e-01
3.702886e+00	6.765000e-02	5.209052e-01
3.707574e+00	-7.187500e-02	5.221030e-01
3.712262e+00	2.556500e-01	5.287362e-01
3.716951e+00	-2.785000e-03	5.284735e-01
3.721639e+00	1.410100e-01	5.322077e-01
3.726327e+00	-5.014800e-01	5.269985e-01
3.731015e+00	4.501700e-01	5.392174e-01
3.735703e+00	1.297000e-02	5.375216e-01
3.740392e+00	3.571900e-01	5.435268e-01
3.745080e+00	1.453625e+00	5.579199e-01
3.749768e+00	2.116900e-01	5.465837e-01
3.754456e+00	3.160300e-01	5.502137e-01
3.759145e+00	-3.401150e-01	5.452542e-01
3.763833e+00	1.351850e-01	5.524316e-01
3.768521e+00	-1.444100e-01	5.507158e-01
3.773209e+00	7.078000e-02	5.561387e-01
3.777897e+00	-2.962000e-02	5.569947e-01
3.782586e+00	-9.030000e-03	5.600317e-01
3.787274e+00	3.201000e-02	5.628010e-01
3.791962e+00	7.927400e-01	5.719491e-01
3.796650e+00	-2.517150e-01	5.631128e-01
3.801339e+00	-3.852000e-02	5.679662e-01
3.806027e+00	-7.405550e-01	5.625931e-01
3.810715e+00	2.501100e-01	5.753095e-01
3.815403e+00	6.976100e-01	5.833508e-01
3.820092e+00	-6.701750e-01	5.703178e-01
3.824780e+00	7.792500e-02	5.790991e-01
3.829468e+00	-2.737000e-01	5.785564e-01
3.834156e+00	-3.655450e-01	5.782289e-01
3.838844e+00	-2.565550e-01	5.821111e-01
3.843533e+00	4.937500e-02	5.881203e-01
3.848221e+00	6.473700e-01	5.974394e-01
3.852909e+00	3.624900e-01	5.954085e-01
3.857597e+00	3.448200e-01	5.979240e-01
3.862286e+00	2.553550e-01	5.997883e-01
3.866974e+00	7.484000e-01	6.075548e-01
3.871662e+00	5.927600e-01	6.062716e-01
3.876350e+00	3.986150e-01	6.060569e-01
3.881039e+00	-2.643000e-01	6.007037e-01
3.885727e+00	-1.131695e+00	5.921409e-01
3.890415e+00	1.775900e-01	6.099369e-01
3.895103e+00	6.256550e-01	6.180735e-01
3.899791e+00	1.206150e-01	6.133148e-01
3.904480e+00	-1.043000e-01	6.142500e-01
3.909168e+00	4.306950e-01	6.221146e-01
3.913856e+00	5.222850e-01	6.265490e-01
3.918544e+00	1.149445e+00	6.368175e-01
3.923233e+00	3.217000e-01	6.285270e-01
3.927921e+00	7.515800e-01	6.349950e-01
3.932609e+00	8.462900e-01	6.386585e-01
3.937297e+00	-1.322100e-01	6.274327e-01
3.941986e+00	4.590000e-03	6.284550e-01
3.946674e+00	-3.093600e-01	6.248242e-01
3.951362e+00	6.456000e-02	6.311676e-01
3.956050e+00	2.862050e-01	6.321273e-01
3.960738e+00	1.008305e+00	6.413764e-01
3.965427e+00	3.243450e-01	6.342286e-01
3.970115e+00	1.532500e-01	6.329861e-01
3.974803e+00	6.864500e-02	6.351568e-01
3.979491e+00	7.498300e-01	6.454319e-01
3.984180e+00	6.838300e-01	6.460368e-01
3.988868e+00	6.473400e-01	6.500188e-01
3.993556e+00	2.100600e-01	6.455084e-01
3.998244e+00	1.225320e+00	6.590065e-01
4.002932e+00	8.866200e-01	6.575656e-01
4.007621e+00	-3.318000e-01	6.450400e-01
4.012309e+00	2.080650e-01	6.524383e-01
4.016997e+00	3.363400e-01	6.558986e-01
4.021685e+00	-5.181500e-01	6.470106e-01
4.026374e+00	-9.012000e-02	6.564450e-01
4.031062e+00	7.014400e-01	6.681388e-01
4.035750e+00	2.938200e-01	6.669077e-01
4.040438e+00	9.090500e-02	6.665553e-01
4.045127e+00	7.058000e-02	6.670650e-01
4.049815e+00	2.095500e-02	6.696276e-01
4.054503e+00	1.184850e-01	6.730913e-01
4.059191e+00	1.273500e-02	6.724783e-01
4.063879e+00	1.680000e-02	6.753224e-01
4.068568e+00	-1.946850e-01	6.752864e-01
4.073256e+00	-1.370100e-01	6.786232e-01
4.077944e+00	4.029550e-01	6.866296e-01
4.082632e+00	1.218630e+00	6.997236e-01
4.087321e+00	-2.947700e-01	6.829955e-01
4.092009e+00	-5.351850e-01	6.829193e-01
4.096697e+00	8.139900e-01	7.046375e-01
4.101385e+00	8.220250e-01	7.045146e-01
4.106074e+00	1.110525e+00	7.126385e-01
4.110762e+00	1.696500e-01	7.011336e-01
4.115450e+00	-3.996400e-01	6.962224e-01
4.120138e+00	-6.222850e-01	6.970130e-01
4.124826e+00	-9.342950e-01	6.946528e-01
4.129515e+00	-1.131550e+00	6.958274e-01
4.134203e+00	-4.376400e-01	7.060191e-01
4.138891e+00	2.099400e-01	7.187027e-01
4.143579e+00	2.816550e-01	7.218087e-01
4.148268e+00	-4.918000e-02	7.209838e-01
4.152956e+00	-6.341500e-02	7.231137e-01
4.157644e+00	-1.542500e-02	7.236284e-01
4.162332e+00	-1.994350e-01	7.256681e-01
4.167021e+00	6.718400e-01	7.414947e-01
4.171709e+00	4.515000e-03	7.327607e-01
4.176397e+00	4.837000e-01	7.435239e-01
4.181085e+00	-8.357500e-02	7.369813e-01
4.185773e+00	8.855000e-02	7.421259e-01
4.190462e+00	7.619150e-01	7.566925e-01
4.195150e+00	-5.415900e-01	7.411318e-01
4.199838e+00	-3.698500e-02	7.498754e-01
4.204526e+00	5.196900e-01	7.601916e-01
4.209215e+00	-3.038200e-01	7.522560e-01
4.213903e+00	-1.817200e-01	7.566073e-01
4.218591e+00	4.633750e-01	7.690642e-01
4.223279e+00	-9.914650e-01	7.512468e-01
4.227967e+00	1.212850e-01	7.699677e-01
4.232656e+00	3.934400e-01	7.784015e-01
4.237344e+00	1.196485e+00	7.929683e-01
4.242032e+00	1.671450e+00	8.026159e-01
4.246720e+00	1.422785e+00	8.016039e-01
4.251409e+00	4.653500e-02	7.849310e-01
4.256097e+00	1.340850e-01	7.928808e-01
4.260785e+00	2.395100e-01	7.955800e-01
4.265473e+00	1.780350e-01	7.965911e-01
4.270162e+00	8.129250e-01	8.105819e-01
4.274850e+00	9.735900e-01	8.202328e-01
4.279538e+00	6.499600e-01	8.194101e-01
4.284226e+00	2.506200e-01	8.127082e-01
4.288914e+00	-1.934500e-02	8.117684e-01
4.293603e+00	1.195375e+00	8.323253e-01
4.298291e+00	1.172600e-01	8.186651e-01
4.302979e+00	7.351500e-02	8.202380e-01
4.307667e+00	1.029110e+00	8.411474e-01
4.312356e+00	-4.516550e-01	8.184395e-01
4.317044e+00	-4.825050e-01	8.234392e-01
4.321732e+00	6.531400e-01	8.437048e-01
4.326420e+00	2.006150e-01	8.425653e-01
4.331109e+00	3.260200e-01	8.492391e-01
4.335797e+00	-1.321500e-01	8.419585e-01
4.340485e+00	-8.539000e-02	8.495716e-01
4.345173e+00	9.358700e-01	8.691068e-01
4.349861e+00	1.024930e+00	8.766316e-01
4.354550e+00	1.110300e+00	8.822173e-01
4.359238e+00	6.476550e-01	8.761958e-01
4.363926e+00	4.966750e-01	8.783948e-01
4.368614e+00	-2.188550e-01	8.716553e-01
4.373303e+00	6.189500e-02	8.793860e-01
4.377991e+00	-6.153500e-02	8.819936e-01
4.382679e+00	-8.519500e-02	8.834211e-01
4.387367e+00	2.442760e+00	9.313000e-01
4.392056e+00	1.725645e+00	9.249991e-01
4.396744e+00	-1.418500e-01	8.969489e-01
4.401432e+00	3.214400e-01	9.098594e-01
4.406120e+00	4.964450e-01	9.147298e-01
4.410808e+00	-3.573400e-01	9.016995e-01
4.415497e+00	8.787250e-01	9.239544e-01
4.420185e+00	1.175250e+00	9.281201e-01
4.424873e+00	7.038700e-01	9.198883e-01
4.429561e+00	5.539800e-01	9.200730e-01
4.434250e+00	9.079350e-01	9.282658e-01
4.438938e+00	-2.884050e-01	9.057916e-01
4.443626e+00	-3.754500e-02	9.122040e-01
4.448314e+00	-1.946200e-01	9.110633e-01
4.453002e+00	1.380455e+00	9.440708e-01
4.457691e+00	9.210950e-01	9.414144e-01
4.462379e+00	8.432950e-01	9.455435e-01
4.467067e+00	-1.225650e-01	9.299341e-01
4.471755e+00	-5.375350e-01	9.284168e-01
4.476444e+00	-4.387750e-01	9.354539e-01
4.481132e+00	-2.983950e-01	9.442398e-01
4.485820e+00	-2.949700e-01	9.495453e-01
4.490508e+00	6.252400e-01	9.704133e-01
4.495197e+00	3.656750e-01	9.687168e-01
4.499885e+00	4.476050e-01	9.781387e-01
4.504573e+00	-1.984950e-01	9.693457e-01
4.509261e+00	4.774400e-01	9.885988e-01
4.513949e+00	1.160105e+00	1.008440e+00
4.518638e+00	6.232350e-01	1.003366e+00
4.523326e+00	1.646140e+00	1.027589e+00
4.528014e+00	5.177300e-01	1.008238e+00
4.532702e+00	-1.552650e-01	1.007346e+00
4.537391e+00	3.575050e-01	1.022150e+00
4.542079e+00	-3.469500e-02	1.020975e+00
4.546767e+00	-6.471050e-01	1.011045e+00
4.551455e+00	-1.479375e+00	1.003498e+00
4.556144e+00	-4.449450e-01	1.031851e+00
4.560832e+00	8.140500e-02	1.046468e+00
4.565520e+00	-4.554750e-01	1.043275e+00
4.570208e+00	8.280000e-02	1.062325e+00
4.574896e+00	6.034550e-01	1.077676e+00
4.579585e+00	-5.399500e-02	1.073414e+00
4.584273e+00	2.785700e-01	1.089574e+00
4.588961e+00	8.399750e-01	1.110154e+00
4.593649e+00	8.347550e-01	1.113018e+00
4.598338e+00	2.051650e-01	1.106821e+00
4.603026e+00	1.445525e+00	1.142886e+00
4.607714e+00	1.163740e+00	1.147548e+00
4.612402e+00	-1.185950e-01	1.123946e+00
4.617091e+00	-2.755700e-01	1.126413e+00
4.621779e+00	-6.457300e-01	1.125438e+00
4.626467e+00	-1.680250e+00	1.112602e+00
4.631155e+00	-5.715750e-01	1.147137e+00
4.635843e+00	-1.588600e-01	1.159618e+00
4.640532e+00	-1.029105e+00	1.151648e+00
4.645220e+00	-1.024955e+00	1.163773e+00
4.649908e+00	3.680750e-01	1.207590e+00
4.654596e+00	-1.224505e+00	1.176846e+00
4.659285e+00	-1.109565e+00	1.189316e+00
4.663973e+00	-1.144050e+00	1.196953e+00
4.668661e+00	-3.185900e-01	1.228011e+00
4.673349e+00	-1.289140e+00	1.213798e+00
4.678037e+00	-8.462050e-01	1.237247e+00
4.682726e+00	3.020400e-01	1.273652e+00
4.687414e+00	1.123355e+00	1.306724e+00
4.692102e+00	-9.819650e-01	1.262595e+00
4.696790e+00	-2.186185e+00	1.245799e+00
4.701479e+00	-6.845050e-01	1.298340e+00
4.706167e+00	2.295000e-02	1.327964e+00
4.710855e+00	4.339300e-01	1.346489e+00
4.715543e+00	-2.297550e-01	1.344125e+00
4.720232e+00	8.529200e-01	1.389870e+00
4.724920e+00	-5.011600e-01	1.364755e+00
4.729608e+00	-1.897000e-02	1.394022e+00
4.734296e+00	-5.699550e-01	1.390052e+00
4.738984e+00	1.971855e+00	1.476908e+00
4.743673e+00	8.788400e-01	1.464773e+00
4.748361e+00	8.128200e-01	1.475949e+00
4.753049e+00	2.554865e+00	1.537564e+00
4.757737e+00	2.159120e+00	1.555549e+00
4.762426e+00	1.963165e+00	1.566192e+00
4.767114e+00	1.000500e-01	1.531820e+00
4.771802e+00	-6.899950e-01	1.524158e+00
4.776490e+00	-2.484160e+00	1.476322e+00
4.781179e+00	-3.914765e+00	1.460231e+00
4.785867e+00	-2.128815e+00	1.540758e+00
4.790555e+00	-1.782910e+00	1.573225e+00
4.795243e+00	-1.146770e+00	1.614343e+00
4.799931e+00	4.077900e-01	1.695846e+00
4.804620e+00	3.132790e+00	1.802341e+00
4.809308e+00	1.652840e+00	1.788947e+00
4.813996e+00	1.948270e+00	1.829222e+00
4.818684e+00	1.029200e+00	1.825209e+00
4.823373e+00	1.791290e+00	1.877421e+00
4.828061e+00	3.084530e+00	1.954952e+00
4.832749e+00	4.835000e-01	1.905386e+00
4.837437e+00	3.320500e-02	1.933057e+00
4.842125e+00	2.190475e+00	2.050604e+00
4.846814e+00	8.484050e-01	2.036800e+00
4.851502e+00	-5.971600e-01	2.026723e+00
4.856190e+00	-7.851900e-01	2.051098e+00
4.860878e+00	1.630800e-01	2.138569e+00
4.865567e+00	-8.592750e-01	2.156123e+00
4.870255e+00	2.456295e+00	2.346469e+00
4.874943e+00	-1.635200e+00	2.228286e+00
4.879631e+00	-1.060700e+00	2.319443e+00
4.884320e+00	-9.968450e-01	2.399182e+00
4.889008e+00	-3.134715e+00	2.361619e+00
4.893696e+00	-3.053765e+00	2.455415e+00
4.898384e+00	-3.173270e+00	2.552765e+00
4.903072e+00	6.249300e-01	2.871405e+00
4.907761e+00	4.166550e-01	2.994039e+00
4.912449e+00	-2.272530e+00	3.966614e+00
4.917137e+00	2.953075e+00	1.260097e+01
